/spttest/6kdhg2ow37in,bfe5623b3fce8cf,1024,0/0
/spttest/u4skxuh197co,370ab2558d333278,1024,0/0
/spttest/k28v4ohyrufj,24a5762d8f4198cf,1024,0/0
/spttest/d8z1zxmu40de,18338c38093ea0e2,1024,0/0
/spttest/dntaeel4y0fw,18f44e6b04168ebc,1024,0/0
/spttest/8k4znpr6mb78,fa28009dd4c4434,1024,0/0
/spttest/r1k70xq8no85,3165dc30c39a9a65,1024,0/0
/spttest/n6dlnfgtrdyn,2a55f8738e17ac6f,1024,0/0
/spttest/yogp2zgdgx5z,3f58a6a5fb7828e7,1024,0/0
/spttest/av6nx3f5x5ur,13d936f673a9cce3,1024,0/0
/spttest/fjhz8mndqvy2,1c637f3090d96d3a,1024,0/0
/spttest/8jgb9skzvxga,f9998a1329d8e1a,1024,0/0
/spttest/f4u41na3acrt,1ba50916c4a35a29,1024,0/0
/spttest/getqw6c8urk8,1dfa692746f2ff08,1024,0/0
/spttest/n19bnmlbyebw,2a137b0d1023fc0c,1024,0/0
/spttest/c1wmr58jx7qh,160422547125c869,1024,0/0
/spttest/8eikuewljnem,f5977a4ea77123e,1024,0/0
/spttest/35r3bax6g4fq,5c59074bd36c476,1024,0/0
/spttest/zw1ca06e8p65,418ea390e4ab576d,1024,0/0
/spttest/yieqg7mlv43t,3f0a01e147c9e389,1024,0/0
/spttest/qur6o3kytlte,310d750e5e5675b2,1024,0/0
/spttest/idil3n15kd92,21909f77c41b7916,1024,0/0
/spttest/5uqlrva1r4wi,ab1595af8e80a92,1024,0/0
/spttest/vpe43eh6zvet,39e9dd970c51d3c5,1024,0/0
/spttest/wlo8rojanacw,3b8d2d7b3c9d4a30,1024,0/0
/spttest/knw8rtjyl8l2,25beac0b17fe3cb6,1024,0/0
/spttest/nb69x8bswqdi,2a94461106b9b586,1024,0/0
/spttest/cjc6xdcu0qtd,16e690fa300125c1,1024,0/0
/spttest/hy8rhgk23ugd,20ca3d506c590eed,1024,0/0
/spttest/l7gm2r711ngz,26bcd16baabe7a13,1024,0/0
/spttest/iqnwegnvdj7m,223b66a43c9d5d82,1024,0/0
/spttest/3sf0qzcq653d,6ebf65cab2c1949,1024,0/0
/spttest/ek3l8xccxyc2,1a97ae26219f7812,1024,0/0
/spttest/wizgekvxipzv,3b6a415ab945b11b,1024,0/0
/spttest/awmmrh2oyo1y,13ebf7251a03de46,1024,0/0
/spttest/w0hxqmt1ymwz,3a7a20951079bd83,1024,0/0
/spttest/f286basrfltx,1b83244b31326745,1024,0/0
/spttest/dmhh0xnjtibd,18e30dbe29d6c0f9,1024,0/0
/spttest/u8irjtbjgdn,188c0cba7dd48ab,1024,0/0
/spttest/lci739fhiiq1,26fe55fd7371cc49,1024,0/0
/spttest/6qxljcgpmgwx,c53878a7ec77821,1024,0/0
/spttest/d7w1107tjhm1,1825775e377ed8e9,1024,0/0
/spttest/fuuc2sj7ha5o,1cf6d65f32c020ac,1024,0/0
/spttest/rgcj4ttkp7rr,3225ef2989f7eb97,1024,0/0
/spttest/ojxlkofzgf19,2cd9a933310bcf1d,1024,0/0
/spttest/d2utzu5g3s03,17e416ac205d9483,1024,0/0
/spttest/f4b5z5hxu21s,1b9e330bd0971ae0,1024,0/0
/spttest/nqdl9wl6cqur,2b59c09f408d8cf3,1024,0/0
/spttest/5s9ag1esg5l6,a911f83d8bf244a,1024,0/0
/spttest/a59aniky4duu,1288715ac3843126,1024,0/0
/spttest/dx5y72qeltmb,196dc7343762df33,1024,0/0
/spttest/qlvmtz6syim,1599d9321041fbe,1024,0/0
/spttest/xkye8c4mgf1g,3d57772a5466d624,1024,0/0
/spttest/gtxmayildejy,1ebea5b3b71be7ee,1024,0/0
/spttest/jvddle541s1z,244c2a3aa3ec1c47,1024,0/0
/spttest/d50mj6dr97ga,1800283f54b3fcfa,1024,0/0
/spttest/98797m7spnzk,10db0f72709e7db0,1024,0/0
/spttest/2xe3nsu2vscv,558f68178919b4f,1024,0/0
/spttest/d0g8bcay8cpj,17c4d7604d813c57,1024,0/0
/spttest/gvlhqvzygtdy,1ed4401a5e8236c6,1024,0/0
/spttest/wyj5jlsqvo3b,3c3433b468d6e5b7,1024,0/0
/spttest/wmm5ta8skvdv,3b996a6b251277e3,1024,0/0
/spttest/dr9ypsyymf87,19214a78ad712097,1024,0/0
/spttest/t9zsletbb1zw,357aa197e02c7ddc,1024,0/0
/spttest/5lrpj064y5p7,a3cd80b5e526d5b,1024,0/0
/spttest/1tma9p9kqu5,17ad1d6d2f81dd,1024,0/0
/spttest/y182ik7634q7,3e2ac8e50d963caf,1024,0/0
/spttest/kvnb7su4tg74,26235d0db18b3340,1024,0/0
/spttest/ocpy59j01cz,13c5528a11f8de3,1024,0/0
/spttest/sqleey3c6dwb,347ea42da3b1a3db,1024,0/0
/spttest/97t1zklzqwvc,10d5efc1fe989fe8,1024,0/0
/spttest/jzyqxtxmy6he,2487d53b15d85f52,1024,0/0
/spttest/duxw8h0libew,1950e4b669ad4f48,1024,0/0
/spttest/k7nso2bwunpv,24ebcbab610b1f93,1024,0/0
/spttest/4hwy2hvphsa2,83729882be5ce6a,1024,0/0
/spttest/b15vb21mb1tg,1426dd17254437f4,1024,0/0
/spttest/anef494p358,8a56090d54242c,1024,0/0
/spttest/kba53r8lvbve,251ad372e32412da,1024,0/0
/spttest/g6m3jmhf3q4,d237045e3f799c,1024,0/0
/spttest/t1np32jm8o2k,350e5a1db0b20ddc,1024,0/0
/spttest/ect77e2c7fxr,1a3901a3950fc06f,1024,0/0
/spttest/g07idn6kqw4n,1d3c899c5bb54127,1024,0/0
/spttest/vvej2fbc7xgv,3a37f38c2d47ad2f,1024,0/0
/spttest/8fn2a7w2qegw,f68131e63307dc0,1024,0/0
/spttest/6gfh5b9hihq0,bcb1914feaa8f38,1024,0/0
/spttest/csa6su1kxwhq,175abf3a62143abe,1024,0/0
/spttest/16bxnqrclh74,225db324a7e8250,1024,0/0
/spttest/7yaukt8zd4dj,e86d99069474a67,1024,0/0
/spttest/iyuxrec3yznw,22a5dac2c3c21c0c,1024,0/0
/spttest/ngf91oggawdg,2ad8756a6338d264,1024,0/0
/spttest/n03rap8lfg6,12aca8c3410ad76,1024,0/0
/spttest/mewocqsntoo0,28f1273202172920,1024,0/0
/spttest/dhu1g6f3reph,18a6a447bb976235,1024,0/0
/spttest/j1r1fmigv84b,22cb6a7b69ddf2db,1024,0/0
/spttest/km38zcba0qii,25a738a4c3d15c3a,1024,0/0
/spttest/3josjp9xsqb1,67a95b04f65492d,1024,0/0
/spttest/3tf3imhrqnma,6f8fab86e86b912,1024,0/0
/spttest/3223080i8ljg,59592b0a4b6f10c,1024,0/0
/spttest/725zego469in,ce56fe24879d9af,1024,0/0
/spttest/mvzxrffrbyc1,29cf25cd9a2bc991,1024,0/0
/spttest/l31nsndu0cnd,2683774804bfe209,1024,0/0
/spttest/uilb1d7e5trj,37bdebf19a967fef,1024,0/0
/spttest/piihh8w4s81k,2e9ad52775c2dbb8,1024,0/0
/spttest/oqsgcfftu3qf,2d32babd2b493767,1024,0/0
/spttest/dm2ynrd1nvbg,18ddd176ddad634c,1024,0/0
/spttest/bac71jgglvhj,149e0cb8bb3752a7,1024,0/0
/spttest/o4ssbyekepbg,2c1515d8b8b8e3ac,1024,0/0
/spttest/hrey2xl19tot,20718ba6d0b7a38d,1024,0/0
/spttest/1pfvszj5ffsz,31e13ca193e7ec3,1024,0/0
/spttest/ggnwqsu7cklz,1e12487813afd257,1024,0/0
/spttest/39dfbirqjt3j,5f49721eae6a00f,1024,0/0
/spttest/1j581sasgbb,13e5a7edb08b97,1024,0/0
/spttest/1gjojrg8zfkv,2aa8b557b39f19f,1024,0/0
/spttest/tkjyx7u8s0vh,3603cdc2f6ade36d,1024,0/0
/spttest/cxzinis899zi,17a4d520e7b272ce,1024,0/0
/spttest/mvn35qd60f2a,29ca82dd45a24642,1024,0/0
/spttest/a4junb96icgg,127f4314d84e0990,1024,0/0
/spttest/xbny46c4qnai,3cdecad2c07a8c6a,1024,0/0
/spttest/85zcphirlgfu,eea9db75f4f197a,1024,0/0
/spttest/updy51wafpio,3816311217fc48f0,1024,0/0
/spttest/1tg7ee09uga1,3522690bbadb6e9,1024,0/0
/spttest/zj72oq9kbm5p,40e7d8d45e243ced,1024,0/0
/spttest/w9jkj6ocl8rn,3aef9ebe490b2ba3,1024,0/0
/spttest/ynl4hulegmvs,3f4d42692c3039d8,1024,0/0
/spttest/ah3zg1xceolh,132265d6adaf3405,1024,0/0
/spttest/tuy6lvh13h2r,368ad333bb2d2e33,1024,0/0
/spttest/g3aztahuvjld,1d64c338217b16f1,1024,0/0
/spttest/jh0ypqsb96au,2391d60a0e984326,1024,0/0
/spttest/jigixpdzzbft,23a470b3e7754ba9,1024,0/0
/spttest/qdohoq2dybkq,302faadae9d9841a,1024,0/0
/spttest/l3yp6f0uq2tm,268f62faf90bdeca,1024,0/0
/spttest/evhbma6hnbhi,1b2b846c279342e6,1024,0/0
/spttest/rpxphnrdmdwz,32a27a83e1e618f3,1024,0/0
/spttest/201waya24lve,3a7e9bd0e1391ba,1024,0/0
/spttest/2bliwj1pesgq,43de08b51d2149a,1024,0/0
/spttest/jji7q23gazg1,23b209ed64c16df1,1024,0/0
/spttest/7dg8tzvvba8b,d780596ed00d38b,1024,0/0
/spttest/z4m6wpzp3bw3,402a7655c3b613f3,1024,0/0
/spttest/jjcxu44fxaiz,23b022b7a50b728b,1024,0/0
/spttest/nepcznp2nb,87232b4f6bca7,1024,0/0
/spttest/i3d2v7qv7oc0,210cbe4656fdcdf0,1024,0/0
/spttest/se98ewbr9933,33de6147c8951d3f,1024,0/0
/spttest/bggmlh18bki5,14ed95a471f1388d,1024,0/0
/spttest/d2wu25ja8n9v,17e4cf92ed766dd3,1024,0/0
/spttest/13zy9ljzclk,e6e9b2d4aa188,1024,0/0
/spttest/ebit70otvd7j,1a2844c09ba5b19f,1024,0/0
/spttest/fptqa4kapxtr,1cb5ac29e6d0517f,1024,0/0
/spttest/m0vd2ldreob,11e141e7a16840b,1024,0/0
/spttest/7xaan1y0wi6m,e79a926c519bc0e,1024,0/0
/spttest/xp0lriyb4epg,3d8c3841c5abb674,1024,0/0
/spttest/zyaez1c02ma5,41abe44f2d395d4d,1024,0/0
/spttest/ordbb8nfutbm,2d3a418ef34f5af2,1024,0/0
/spttest/otremuzf7xeq,2d5951c0b851dfe2,1024,0/0
/spttest/5yz10udi1rg1,ae858746399c731,1024,0/0
/spttest/7qkfkgzwic8,6482cbf56167d8,1024,0/0
/spttest/u9gee9oxumd8,37473f68ae9ffdbc,1024,0/0
/spttest/j97ckvhbciyk,232c39c4d13fa9fc,1024,0/0
/spttest/gwgzs683r5vf,1edf9dcb4e21b97b,1024,0/0
/spttest/xsjl1o20oq8e,3dba092e460fa2ce,1024,0/0
/spttest/g3e56hkw6mau,1d65e617eda03666,1024,0/0
/spttest/kv6x4kdm510k,261d730293a0fe64,1024,0/0
/spttest/j0twxlf1cvef,22bf76c82978f6f7,1024,0/0
/spttest/z3sjxt2iroyl,401fc4b86614611d,1024,0/0
/spttest/sm0pvb99c1o8,344338ceed377078,1024,0/0
/spttest/6baxuol5rtl0,b8883d160316784,1024,0/0
/spttest/d71m104kvlp1,181a7dd574c9e395,1024,0/0
/spttest/n31sc63tjn2j,2a2abd6b95da848b,1024,0/0
/spttest/v6hum741e01u,38f46addeb0318c2,1024,0/0
/spttest/779d464pvq7o,d279a75aeb63f74,1024,0/0
/spttest/c3ecro3bomv9,161784982c89a0c5,1024,0/0
/spttest/nz853b2obtlc,2bccb09193ca3a90,1024,0/0
/spttest/d8cwpjvbjks6,182b8e8c755426f6,1024,0/0
/spttest/9yut5zx31nnr,123547cab7a8a507,1024,0/0
/spttest/3eincbm7sdgl,6376bd73ab16225,1024,0/0
/spttest/f3pur76aj2qk,1b968285c769e69c,1024,0/0
/spttest/6snvwo1l1znq,c6a00fab5c2c3c6,1024,0/0
/spttest/i1pd5a5tt71u,20f7328e393019f2,1024,0/0
/spttest/hr8kwpkpj2oj,206f3fa4bb37ad53,1024,0/0
/spttest/j0vndvn4qexj,22c0170567bd3e17,1024,0/0
/spttest/a52nhjzwelii,12860bb50c42606a,1024,0/0
/spttest/ezap3mn5dbrh,1b5d157693e57dcd,1024,0/0
/spttest/l0amut45vo79,265fbc69d5ef9145,1024,0/0
/spttest/d0ze49jij9i1,17cbc1435c3fc4d9,1024,0/0
/spttest/fzmvqghdri8m,1d3518256a102616,1024,0/0
/spttest/vy5y95cgj5le,3a5bd2f831a8f312,1024,0/0
/spttest/y0dyb0srirny,3e1feb0c092e078e,1024,0/0
/spttest/b4xsxstm1yl1,1457e9185405cf55,1024,0/0
/spttest/qk53znw3pg5q,30839983ab77b10e,1024,0/0
/spttest/8jg1qoyfbqhs,f99802d203f91e0,1024,0/0
/spttest/fjehcp6rcz5,c9d7015ba84471,1024,0/0
/spttest/9fbfbw8dkw5s,11377d6aaf2aecd0,1024,0/0
/spttest/uy84ited2j7a,3888fe8c27cd42b6,1024,0/0
/spttest/uoh49yn3w6eq,380a58a9cde0e772,1024,0/0
/spttest/kz17tjatg1mh,264f5943d9738139,1024,0/0
/spttest/12d2xzfk7cd8,1f25018b990da5c,1024,0/0
/spttest/ogz60g5lc730,2cb3423cd68b17dc,1024,0/0
/spttest/a5lvrp5eowr5,128cfbf3f93a0dd1,1024,0/0
/spttest/eh11s1oh9jux,1a6fcbb0783cedc9,1024,0/0
/spttest/w6twgds5jah3,3acc613ec5a3a0c7,1024,0/0
/spttest/aum723ncljsk,13d1d45619604f74,1024,0/0
/spttest/s9yc9px2jwxe,33a67e18cf0d6372,1024,0/0
/spttest/2l4fuemus6rg,4b99b00b50c673c,1024,0/0
/spttest/4iehhs7pw58v,83d7da1a8e3178f,1024,0/0
/spttest/pdpxe9h42w1p,2e5c9249bf8186bd,1024,0/0
/spttest/9s2wa5id59si,11dd45ef280245d2,1024,0/0
/spttest/p64rpcas7uo6,2dfa03271a919b06,1024,0/0
/spttest/lljlwij3wk2k,2773bfacbba65c9c,1024,0/0
/spttest/1tv29n0cihhs,35782ebea296510,1024,0/0
/spttest/xt4gb5fccd4,1b72793a1d01c98,1024,0/0
/spttest/qb11x8hdexkm,300d3b6d19d07276,1024,0/0
/spttest/u2q108uxqlfq,36efcbf088016806,1024,0/0
/spttest/v5ysbix96kb7,38ed89fa63ca5953,1024,0/0
/spttest/wu9swh4pt445,3bfcdeecfbb81315,1024,0/0
/spttest/xvtr4soydb2w,3de4ac40466dfb58,1024,0/0
/spttest/belwbz4nnx7t,14d581f37928fee9,1024,0/0
/spttest/xhomksgviw98,3d2cf9206a5af2cc,1024,0/0
/spttest/rxe253ak5npp,33034da9dfed734d,1024,0/0
/spttest/eeap9r890483,1a4c4f8231d3ce63,1024,0/0
/spttest/4vrikzxl9usc,8eb0d8d0eda8d1c,1024,0/0
/spttest/zfq3l4l368rl,40bac11bb95348e1,1024,0/0
/spttest/g1swt38mpocf,1d513f9f58a5ad7f,1024,0/0
/spttest/p4q3oc6jpgon,2de7bb171d4eabb7,1024,0/0
/spttest/ngowvw7xtsqz,2adbf1e575a933cb,1024,0/0
/spttest/2sfpuitab4je,518998443bc69ba,1024,0/0
/spttest/nz4sux0cdeqk,2bcb7c139585a7dc,1024,0/0
/spttest/pxlya9lz2bmr,2f5eec3b0d7e2e63,1024,0/0
/spttest/phr5by1qvi0c,2e90f80b5a994aec,1024,0/0
/spttest/e2j5pmy1scal,19b37d8ee468363d,1024,0/0
/spttest/n48sgeh9tevj,2a3a418e6cd35d8f,1024,0/0
/spttest/rga0kthgqabs,322506d0c81b7ac8,1024,0/0
/spttest/q4zyllwjcxrs,2fbee6fdd37a38f8,1024,0/0
/spttest/8lhan9w9aa4h,fb3ede80a2fcac1,1024,0/0
/spttest/k29lnwg03nyl,24a5ba421d3f9c0d,1024,0/0
/spttest/f65ftpb6owdx,1bb61c9e9dc95bf5,1024,0/0
/spttest/7suh55ichier,e3ffeead43b1b73,1024,0/0
/spttest/620m7cu4u9vl,b0fe2f050d9c981,1024,0/0
/spttest/2xi2n9ayqpfc,55a655fcfce1d38,1024,0/0
/spttest/eo7p93212en2,1acd1eec5cb30f9e,1024,0/0
/spttest/xasznqd8hust,3cd39f5e09c6722d,1024,0/0
/spttest/1k29y3nu5xqz,2d838a2cbbc841b,1024,0/0
/spttest/d5e3jrkm0vdd,180504b1e039b4d1,1024,0/0
/spttest/o19ecukyf641,2be71f38f537deb1,1024,0/0
/spttest/ma7h07ucvj32,28b41a1bed0fa65e,1024,0/0
/spttest/m9qi6t4fo4q5,28adfae26f207ced,1024,0/0
/spttest/522n0rs72ofc,93d00878744ef28,1024,0/0
/spttest/1uojjr3mee55,36225f092067119,1024,0/0
/spttest/w8hnfnsu7sxc,3ae1f0323ddb8c30,1024,0/0
/spttest/vano5tp5iqg5,392a798aa8578f65,1024,0/0
/spttest/pkkq2tzaoml2,2eb59e7804818e56,1024,0/0
/spttest/2sjttc2dhuhd,51a152b0afa2991,1024,0/0
/spttest/ca1xv2598des,166df6ba3d7eb2e4,1024,0/0
/spttest/obta4y867u7b,2c7030541b9b9aa7,1024,0/0
/spttest/4e2u4nvieeib,805549b10fadef3,1024,0/0
/spttest/oof74rxgd8aj,2d13f7cd02954f3b,1024,0/0
/spttest/eyyr38uwk48w,1b58c6260837ea80,1024,0/0
/spttest/rakk5z1jb415,31dae5371843f029,1024,0/0
/spttest/gt3xs8h58d21,1eb3f01c15af7d19,1024,0/0
/spttest/ktdds3epwg8b,2605cd6f7f89fb2b,1024,0/0
/spttest/t68xtwsroalt,3549f950b2df76b1,1024,0/0
/spttest/jsxt7z69zunh,242c91eb8c53f6ed,1024,0/0
/spttest/r7d580fxevf5,31b140869fa2f391,1024,0/0
/spttest/boudy1sqvkhm,155a76a7e9a3537a,1024,0/0
/spttest/u9nyerkji9wq,3749f9567344f5aa,1024,0/0
/spttest/1dovplasrue4,28573c7e79b669c,1024,0/0
/spttest/vr7h1b70047x,3a0172bb610b815d,1024,0/0
/spttest/iofovz56qgvb,221e75e771eec1e7,1024,0/0
/spttest/qdwuniatuk80,3032af11d2dc46e0,1024,0/0
/spttest/mqrocqxwq5e7,298b386f680c81cf,1024,0/0
/spttest/hnvfjimn58mo,20438951226429f0,1024,0/0
/spttest/7dgwr6bw3z5p,d7842f7a2b720bd,1024,0/0
/spttest/9xe6kwjs7ndi,12224ab14f5a3a16,1024,0/0
/spttest/6tgcin6ph30c,c7445e8b193aa7c,1024,0/0
/spttest/2kinim3r19d4,4b1be9654afaca8,1024,0/0
/spttest/ckqtdw9do2gx,16f8d503b33e5381,1024,0/0
/spttest/ie9mrehnxyg8,219a61ab76c827a8,1024,0/0
/spttest/e874ipgcw4ml,19fd159eb33dbb6d,1024,0/0
/spttest/jonw3sfki5mv,23f5089c14399d07,1024,0/0
/spttest/u55s1c3xntua,370f75549fa1a3d2,1024,0/0
/spttest/1l12715mlu3c,2e4c5a276516598,1024,0/0
/spttest/4ppakg7vsv54,89c50b5765587a8,1024,0/0
/spttest/8rww1vma7tcc,10077de488a1224c,1024,0/0
/spttest/1eozhcraahb2,2927ab6b2710c1e,1024,0/0
/spttest/jt44i6t7v8l0,242ed914be8d1834,1024,0/0
/spttest/nrff7vb2m0oy,2b6767135479ab02,1024,0/0
/spttest/qnp8mr4qwec2,30b1d48ee4d82a92,1024,0/0
/spttest/3kfd4trmbq25,6842c1595124aad,1024,0/0
/spttest/d6c58jtdq0km,18114d8c1b997666,1024,0/0
/spttest/v049j07bvugq,38a1946e2c82d2fa,1024,0/0
/spttest/fsr6jk3nzbyc,1cdbb88dcc748a44,1024,0/0
/spttest/k46oz6q456a1,24bea82b2f2bfb09,1024,0/0
/spttest/x33rcwidcntf,3c6f9810e939b893,1024,0/0
/spttest/l5rb1nfiegah,26a6b2a7ca16e7f9,1024,0/0
/spttest/bz1bbhiqw2hi,15dedb0fabac8696,1024,0/0
/spttest/tvg2jm73r311,369147680976c715,1024,0/0
/spttest/hz24qzpdrfgz,20d4d60719e86813,1024,0/0
/spttest/fpwf05jhmkdq,1cb6a45580983dae,1024,0/0
/spttest/58mvn816jm64,9923d8fa1e9a0fc,1024,0/0
/spttest/xye8mfouavyz,3e060b013f336e5b,1024,0/0
/spttest/f3of1ikqs908,1b95fdd64a2fa698,1024,0/0
/spttest/13bacwpbvsyy,1fea7a4181d936a,1024,0/0
/spttest/5a7h3omrddb8,9a6a93cc1b8d7a4,1024,0/0
/spttest/rgjol429zjc0,322883bac0f0bda0,1024,0/0
/spttest/a439ppsjoqit,1279477ab9b44f45,1024,0/0
/spttest/q5t59nz3sxcb,2fc96ec7a5a996cb,1024,0/0
/spttest/ynkz8n1vufqr,3f4d34ecef8a3e33,1024,0/0
/spttest/vel2nfrge13v,395d7ea3de33091b,1024,0/0
/spttest/9q0wtz9byvcp,11c29418e9eef239,1024,0/0
/spttest/pe2xtrs2rh22,2e61442e384db11a,1024,0/0
/spttest/zi6vyoxmq2gf,40daca528a3a88ef,1024,0/0
/spttest/fcndz6lw2mgx,1c0a860c20cb9241,1024,0/0
/spttest/2yi4yznwumvi,567689946fe5b4e,1024,0/0
/spttest/qsovq0ig3c2s,30f2a5b8118d77e4,1024,0/0
/spttest/3ufn7vk3lnga,7062a86dd3accfa,1024,0/0
/spttest/ljar06efsb2q,275692efe536ee12,1024,0/0
/spttest/q9a5bez086cs,2ff688ef55e6de2c,1024,0/0
/spttest/n0623m04mi4x,2a05502bc096a951,1024,0/0
/spttest/avnzpsnduryi,13df777df470d20a,1024,0/0
/spttest/w0tvg0s6x26e,3a7e6f1d01723f46,1024,0/0
/spttest/1co7fo45u9q5,278383cf91681bd,1024,0/0
/spttest/e52wcfoxedi8,19d497674dac4ce0,1024,0/0
/spttest/1dstf8rvkdvl,286df627fd38e41,1024,0/0
/spttest/crd6vjimtxg3,174ed744df4a9c93,1024,0/0
/spttest/1aghbsjbbu8j,25b7429088004d3,1024,0/0
/spttest/8adz2yjkunka,f23d94e5d0432ca,1024,0/0
/spttest/3nmovj6jh2o3,6adc88f280ae2c3,1024,0/0
/spttest/im9f51p5ytt5,2202382b79bc4469,1024,0/0
/spttest/1eoddxlja78x,2924205c754fa31,1024,0/0
/spttest/gtvvgsm0hl36,1ebe0479392b5d02,1024,0/0
/spttest/k7e0j6ha4efz,24e8442a47a9701f,1024,0/0
/spttest/8r0m81spjolp,ffbd8e4166fbc4d,1024,0/0
/spttest/to5xwz8pjqao,3632b30ce02014e0,1024,0/0
/spttest/myoxczyzrgjp,29f2247e86098785,1024,0/0
/spttest/wtjakwmhhzbo,3bf34e57bb4f9614,1024,0/0
/spttest/96zhzzr9wyuy,10cb45cb05ac5d7a,1024,0/0
/spttest/gtjq0ayhx8o0,1eb9a20ce6e1c320,1024,0/0
/spttest/os99713zzb4h,2d45c7e91b89e211,1024,0/0
/spttest/ryqz92okoxn6,3314f44b424b1452,1024,0/0
/spttest/g9o4jv3gicnb,1db76fb42b0cbc87,1024,0/0
/spttest/sx2x8443s9tv,34d2e63de072d3c3,1024,0/0
/spttest/c7t52bxes4tv,1650cf60ed252973,1024,0/0
/spttest/fslnwbcwbm4b,1cd9badf3bc4c4bb,1024,0/0
/spttest/w0x0rn9riim9,3a7f91e01e701dc1,1024,0/0
/spttest/2wm1ab4ifz76,54ed61a0f0071f2,1024,0/0
/spttest/hi0r1ktsk1rh,1ff78520ee66f5ed,1024,0/0
/spttest/cqccg43nix8w,17418bf06d671bd0,1024,0/0
/spttest/1c61aqwsabce,271a9dd415893ee,1024,0/0
/spttest/e84ozoxf3mex,19fc350a9d666739,1024,0/0
/spttest/rk1t2gorclqp,325605a0b86ad411,1024,0/0
/spttest/g8za2hood3bm,1dae78a77d525a12,1024,0/0
/spttest/hzzkp0983lfl,20e0e71741639b41,1024,0/0
/spttest/g521jffcbz7n,1d7b82d8ded55f03,1024,0/0
/spttest/hqildanfe3ml,2065df4051ec14dd,1024,0/0
/spttest/70hq7p0swy51,ccfb237065f60d5,1024,0/0
/spttest/cob2iplxzisy,17271b95b1ed8ef2,1024,0/0
/spttest/11d16jpv5yky,1e54e5191017152,1024,0/0
/spttest/x4ma8gee5zkm,3c83446252e50956,1024,0/0
/spttest/sy1myo5w1etp,34df6ccca082554d,1024,0/0
/spttest/us6u7mildnv1,383a982ef338970d,1024,0/0
/spttest/fidnrfifjf06,1c54f302b89b79b6,1024,0/0
/spttest/13ez8e3asv05,1fffc918294a1f5,1024,0/0
/spttest/88aeidq937a3,f0894e7d467e89b,1024,0/0
/spttest/mggucfikx3wq,29056b3075f29e0a,1024,0/0
/spttest/9j87me7txh48,116a498f9c1cede8,1024,0/0
/spttest/z706dsho1vei,40497ca79792513a,1024,0/0
/spttest/h3gwuji9z149,1f3a831010e8d169,1024,0/0
/spttest/8ifpxj1y0vyw,f8c649e0a6c17d8,1024,0/0
/spttest/si7cp5m89jvy,3411a890a9b57cee,1024,0/0
/spttest/cindahshzpl7,16dd9c19ebbe9d4b,1024,0/0
/spttest/2hkbmzfyn35l,48b61135aeb1db9,1024,0/0
/spttest/3wkfdq03dzrb,721dec59766b947,1024,0/0
/spttest/dj96wv96v9o6,18b919143a44bcb6,1024,0/0
/spttest/l58y9df39b2t,26a01338e3392f55,1024,0/0
/spttest/jx3k0tr7sly2,2462998e070be11a,1024,0/0
/spttest/7jaf4vz162bo,dc3db1768054e44,1024,0/0
/spttest/hs3snrl2idbx,207a82f2a39639fd,1024,0/0
/spttest/ibx95y85cb05,217befda723267b5,1024,0/0
/spttest/uhaml8588f7b,37ad14468199faf7,1024,0/0
/spttest/3sigm4mot8d4,6ed342c60f3bf98,1024,0/0
/spttest/4t8t8paqiwpp,8ca53636499c81d,1024,0/0
/spttest/volmc3c3en9z,39df95b6ea093057,1024,0/0
/spttest/xmnh2ee81ytx,3d6d80e7009fc695,1024,0/0
/spttest/vdwit1ax3vkm,3954a2e2b6e93b96,1024,0/0
/spttest/pm7cqvg4jh4m,2ecac5fcd17c1176,1024,0/0
/spttest/t3fw2fmw7s7i,35258399401e328e,1024,0/0
/spttest/eqyouyinqb4y,1af0d65f5cab59e2,1024,0/0
/spttest/l9d2x6cnrxsl,26d585ae88e7aad5,1024,0/0
/spttest/ynu9vsghvgho,3f508f8c29b4d63c,1024,0/0
/spttest/dil1c8zwbsxc,18b061f159597330,1024,0/0
/spttest/7cnw1enazxzv,d6dca73a22bbcdb,1024,0/0
/spttest/jgqrqudjjda6,238e2879890870fe,1024,0/0
/spttest/qoqt1kympmyz,30bf628e42a05e8b,1024,0/0
/spttest/sly1qcab0xrf,3442422380053deb,1024,0/0
/spttest/r07jgn251ukr,31544e0e24542e0b,1024,0/0
/spttest/3hwoitt5c2iu,66373cbb6baa0c6,1024,0/0
/spttest/q8mdt1yafvgb,2fedf5e166e6aefb,1024,0/0
/spttest/6oid49iti1wf,c340de718d92f1f,1024,0/0
/spttest/iqk662ixrz4t,223a0e3a6f6ad39d,1024,0/0
/spttest/7w3bzptduigj,e6a28c90ae9c9f3,1024,0/0
/spttest/bnmmnaum2x5,97685adfe0ee49,1024,0/0
/spttest/3y9ysvv8pyjz,7381310b2d14f2f,1024,0/0
/spttest/304h9ac812ry,57c757ae5f55c4e,1024,0/0
/spttest/ujl5dkf6s494,37cadaace2dce688,1024,0/0
/spttest/4h3anl2f7gj8,82c76c6ee651674,1024,0/0
/spttest/hkcx71neagqw,2015e3d86ab6cd48,1024,0/0
/spttest/bq7a4clej3iw,156c1ae2ba779a98,1024,0/0
/spttest/khzin82j7txi,2571eaf01aa00e46,1024,0/0
/spttest/arjeckgr3i92,13a9da2afc22fa26,1024,0/0
/spttest/s9yuyxjexazs,33a6ae13f2143fe8,1024,0/0
/spttest/lpf433f1b527,27a6158377f91b5f,1024,0/0
/spttest/virdajz074o8,3993b92e91ff2f68,1024,0/0
/spttest/60rfzrojlej4,aff966ead19ffd0,1024,0/0
/spttest/4rkcrd7in3ty,8b483016ec8d126,1024,0/0
/spttest/bcgyl07wrq6d,14b9bf5f1f1f9945,1024,0/0
/spttest/gxyrgf8rdhaj,1ef30450c95ba3cb,1024,0/0
/spttest/knbcrqy80eu9,25b7229177377b21,1024,0/0
/spttest/fdxyw8fw2umc,1c1b54a866dc4384,1024,0/0
/spttest/7oce5ziryg5q,e05839fc3a0794e,1024,0/0
/spttest/v1neq18hjb8y,38b57a03798220b2,1024,0/0
/spttest/ddl6l7lj0ork,186f7d2070959460,1024,0/0
/spttest/5r0spk81rsfa,a8111ce92b009a6,1024,0/0
/spttest/3i75kevko2wf,6673b35a1bc74af,1024,0/0
/spttest/rk1i3q43nctr,3255e97e7e8073af,1024,0/0
/spttest/o5rnhndo8nug,2c21aa4fdb2746b8,1024,0/0
/spttest/uwrvqapklcbw,387624d7095de9ac,1024,0/0
/spttest/wq2lza2s8rxr,3bc6518f7a1f836f,1024,0/0
/spttest/bs65pnzn2fa8,1585adb8a1ef4ce0,1024,0/0
/spttest/rrdvv232ad9y,32b54e036c956fb6,1024,0/0
/spttest/hvtxw7tt6dbh,20aae9b93b16c9ed,1024,0/0
/spttest/oy7mf85osn81,2d9320a75f30f091,1024,0/0
/spttest/8d9iwm2vu3fe,f493619353e93da,1024,0/0
/spttest/5soc6j8l93o3,a968d7e28c57fd3,1024,0/0
/spttest/rn2m00nogfzl,327d47a1a86588f1,1024,0/0
/spttest/8j46771s6ltz,f95373259002407,1024,0/0
/spttest/f0tnbwrn6vdp,1b70e92cd8bb675d,1024,0/0
/spttest/q3jae7e63v3v,2fabe5bc87586e3b,1024,0/0
/spttest/f2wfv7aoh7p9,1b8be5a460cff13d,1024,0/0
/spttest/g9kgng6f9nfa,1db61d46997fe5d6,1024,0/0
/spttest/frdsnxl1vrzj,1cc9e6e69bd8846f,1024,0/0
/spttest/djhdg9euoe7t,18bc0ccd4643c3f9,1024,0/0
/spttest/y3u6dh8cd4qn,3e4cbd691279553f,1024,0/0
/spttest/p4jfpbtwiv6p,2de5535f61ab1261,1024,0/0
/spttest/l561b2a1p686,269f05ef71e9d4c6,1024,0/0
/spttest/oarx7n9rdv6k,2c62b58a5e38ce1c,1024,0/0
/spttest/p4e7ja43kqmb,2de37092f5fa96c3,1024,0/0
/spttest/cceez5iqjx4h,168c7191e9ec2071,1024,0/0
/spttest/7nmpfg0bplm6,dfc3ef28ec3e4ae,1024,0/0
/spttest/wn12t7twf3hx,3b9ecc3d73402375,1024,0/0
/spttest/g1hyp6rk0r76,1d4d4c6cdc9509b2,1024,0/0
/spttest/asp8nupyud55,13b8f30b2ebea409,1024,0/0
/spttest/xnirfxrjttci,3d78caf0cb0548d2,1024,0/0
/spttest/hsqgvvezpt7p,2082b134aacd0b25,1024,0/0
/spttest/km3dtlpwmb0n,25a7451043509547,1024,0/0
/spttest/1fwcu9bhuiax,2a220d2b0ed8529,1024,0/0
/spttest/4glfsarh19lk,8260550478c83d8,1024,0/0
/spttest/l38lin4a2vcb,2685f803a31cd52b,1024,0/0
/spttest/6a4u7uadv9kj,b795306c0337733,1024,0/0
/spttest/pcfygms73vya,2e4bfc1566ad7b82,1024,0/0
/spttest/xns40lxxv9hc,3d7c2a847aa376c0,1024,0/0
/spttest/wd3g09c7u5k,1a461d73a23e468,1024,0/0
/spttest/hyyns1ucc4it,20d39561536875e5,1024,0/0
/spttest/lxucbnl6t6v8,28137e3a37a93204,1024,0/0
/spttest/a0f8341cy9aa,1249a2b1ce219382,1024,0/0
/spttest/e9fvfa4adbfb,1a0d3adac6fbb517,1024,0/0
/spttest/pmbu6s2tf01f,2ecc64366a0c72f3,1024,0/0
/spttest/ntbusw3imwg4,2b801819dd988bc4,1024,0/0
/spttest/1w7pzo16120i,3760eb8d8166a72,1024,0/0
/spttest/ewt617onofez,1b3cc7c47e0feb0b,1024,0/0
/spttest/lm85bmc2ko38,277c9a56cd7ec8f4,1024,0/0
/spttest/3fr3mn73cusr,64775d4e41375eb,1024,0/0
/spttest/q2t2auyzuacc,2fa26f65bf68badc,1024,0/0
/spttest/v0ixm2pjq88x,38a6df6224544341,1024,0/0
/spttest/7hxwwj20ur0u,db25aa2cbd55c4e,1024,0/0
/spttest/jey5jy28cyis,2376d7f7e69769c4,1024,0/0
/spttest/9rv3bq0aze59,11da750f841cdc5d,1024,0/0
/spttest/2tsuz2f9lwyf,52a54b69fc4bf17,1024,0/0
/spttest/6ez9xw07j7up,bb843719cde5581,1024,0/0
/spttest/50mlrk8o8tt2,92a3a289c4d80e6,1024,0/0
/spttest/i2bw815tmlcw,20ff539a50f996a0,1024,0/0
/spttest/xiejl8pcojcm,3d36530924bdc7f6,1024,0/0
/spttest/lf1v7ttahdgl,271f6967857ccc65,1024,0/0
/spttest/pijwy5xu38l7,2e9b5937055e203b,1024,0/0
/spttest/x4wubzr1r1iu,3c8713a262c61d76,1024,0/0
/spttest/wknqy9dt5ufa,3b8002826b17ca46,1024,0/0
/spttest/mdxvbyrgkq3r,28e498363bb7fd27,1024,0/0
/spttest/pfwrzqpo6qiz,2e790583eedb47cb,1024,0/0
/spttest/sem0gxs99iw2,33e2fdafcc5470e2,1024,0/0
/spttest/dbgxv6ejb6oq,1853fac23259019a,1024,0/0
/spttest/zr43gj4drx6u,414eafc298a0cdc6,1024,0/0
/spttest/ktnltk55ln0x,26097dbfa71040d1,1024,0/0
/spttest/mbl59p19oval,28c606684374d16d,1024,0/0
/spttest/2s5owzqg1qkd,514fb71ca4324bd,1024,0/0
/spttest/qbz1cljl97e1,30197e79bf0f3ea9,1024,0/0
/spttest/7jk8s6exmnei,dc76679296438fa,1024,0/0
/spttest/aiux1rcf3jez,13391ae33600940b,1024,0/0
/spttest/lz794tnhu18p,2825241648809ec9,1024,0/0
/spttest/1z3aj90vga2j,39b6d5cc8c265fb,1024,0/0
/spttest/t4mn3vbcvh7k,3534f0717d1bb0e0,1024,0/0
/spttest/2ahjwc0ky40p,42f745dcb2c9cd9,1024,0/0
/spttest/s86m4sp6e2dc,338f7fd61d0a8d80,1024,0/0
/spttest/f6ucvmu29mc0,1bbf1a4415127350,1024,0/0
/spttest/h1qtmef27e4h,1f241bf441298141,1024,0/0
/spttest/vkre3w796djd,39adb5c955fc6f09,1024,0/0
/spttest/t5yi2vqevv73,3546353836fb95af,1024,0/0
/spttest/4cejy5djcha2,7ef94639a94f97a,1024,0/0
/spttest/ek4vvgdkchrq,1a9825c7dbed8cf6,1024,0/0
/spttest/vp67tiiktdvs,39e70433d7806788,1024,0/0
/spttest/rjmy6ev7p2id,3250a936eed17bf5,1024,0/0
/spttest/2gqgq1kguozj,4809b13454e49ff,1024,0/0
/spttest/4lwyfjhdm290,86b1f7d1147b5e4,1024,0/0
/spttest/j3m08lli7f0b,22e394167c285dbb,1024,0/0
/spttest/6wblosks3821,c99875e49017789,1024,0/0
/spttest/eycvyckqybqg,1b50e286f36fd9e8,1024,0/0
/spttest/o0y6ezfsnjl5,2be312cc3682aae9,1024,0/0
/spttest/a3z6q421luze,1277ce565a0f391a,1024,0/0
/spttest/9orwznr2vh2k,11b257ee66d2262c,1024,0/0
/spttest/nv1icxjkujgp,2b96570153028e09,1024,0/0
/spttest/pl5l6c0mka8j,2ebd259f5d0586d3,1024,0/0
/spttest/3juqomalpkie,67cbb1df73a3116,1024,0/0
/spttest/vp7u5vtouurx,39e799e64d65d34d,1024,0/0
/spttest/ygldlsw22sfl,3ef26cfccc6bbe71,1024,0/0
/spttest/v3t23gew5d6t,38d17e567ebeaa05,1024,0/0
/spttest/c2ge9as2ldvq,160b43e581614b86,1024,0/0
/spttest/2ycdj7caojrd,565545b2fa6a409,1024,0/0
/spttest/o432h9ahltwb,2c0bce4eda75739b,1024,0/0
/spttest/3i91pk3l6a4g,667ea0caef519c0,1024,0/0
/spttest/o8res26izons,2c488bbb6a2db198,1024,0/0
/spttest/cbytkz5848xj,1686d12789267237,1024,0/0
/spttest/bijp0fjyax4a,1508ab755100442a,1024,0/0
/spttest/y6zvgdrjouej,3e75c35f978abeeb,1024,0/0
/spttest/iwik9d65gg0s,2287693022cbc21c,1024,0/0
/spttest/5zeykzbm3yv9,aee18159b61e545,1024,0/0
/spttest/7n01xeuxc93e,df4128c45ffd20a,1024,0/0
/spttest/7pkuxmb09jy3,e158ed9477b793b,1024,0/0
/spttest/uabbwy279d7n,375268754d8e7a23,1024,0/0
/spttest/qnucl6ovj0hs,30b3ac8d00910840,1024,0/0
/spttest/d4czowh1u2zw,17f7a12c3b3eefac,1024,0/0
/spttest/brh69h29czma,157ca9ed47ff8052,1024,0/0
/spttest/diaqwmwl8tj3,18acab7d5c0a5c7f,1024,0/0
/spttest/430b5ida79nt,775895b0da12aa9,1024,0/0
/spttest/eiba7btiueb0,1a807a3e7166f9ec,1024,0/0
/spttest/a7ozlhwn8r6i,12a8156472c6829a,1024,0/0
/spttest/ss4wasplg6vk,3492aa51eb43ffd0,1024,0/0
/spttest/my2dwh6hciez,29ea02772709813b,1024,0/0
/spttest/h6kg01dchf25,1f62c1144d59567d,1024,0/0
/spttest/fobsknrc8orq,1ca236292ef87766,1024,0/0
/spttest/d2ltxv9bdkkj,17e0d737c40d8863,1024,0/0
/spttest/49ghcqozq02,375ea168802e62,1024,0/0
/spttest/m64z2respgdm,287f3e57c48ae32a,1024,0/0
/spttest/t0r75ctb9v9h,3502a04f9bc48585,1024,0/0
/spttest/s3l6p1cknk1u,3353cf77646e5942,1024,0/0
/spttest/6m0lps58iute,c13aad21caea882,1024,0/0
/spttest/3g21ws7s5b9h,64b69792e02a045,1024,0/0
/spttest/zavix2d2b3j4,407bc400e487dca0,1024,0/0
/spttest/vpp9ymxrx8vl,39ede4b21fc7aa31,1024,0/0
/spttest/apdgp8e17v3d,138dbb7aac34f229,1024,0/0
/spttest/4jlkgtwjx02t,84d09186813c1a5,1024,0/0
/spttest/71wgbjhbub7f,ce1ff9c908f533b,1024,0/0
/spttest/gyqua79iiief,1efd25e15a9833a7,1024,0/0
/spttest/phfkk5mamo1h,2e8ccab286f2d535,1024,0/0
/spttest/wxaxld61z0z9,3c243f19ea9a78b5,1024,0/0
/spttest/phniu3x9ltqn,2e8fa9389a4c06cf,1024,0/0
/spttest/p4z2r6rye0mg,2deaf80ab399c8a8,1024,0/0
/spttest/5yj8fpg75f4o,ae2a5952423d2d8,1024,0/0
/spttest/dfrlfys4i4eq,188bc7f66c143ad2,1024,0/0
/spttest/wwnkfxi8cchw,3c1bd0e39bac2a44,1024,0/0
/spttest/laeam4k6hizs,26e2f30ba532d068,1024,0/0
/spttest/7rduztxfjsql,e2d02f130673b3d,1024,0/0
/spttest/875hzjzopzpr,ef9d2baa0a3f50f,1024,0/0
/spttest/x5gyf2l2taah,3c8e557b52ed6f59,1024,0/0
/spttest/ygmz0nhsdqea,3ef3004bacc1b6e2,1024,0/0
/spttest/9356j171tjm5,10995d8b0e50f58d,1024,0/0
/spttest/zvzr88xewak1,418e1130e8ce6f71,1024,0/0
/spttest/grughtnpy9am,1ea3872dabdce88e,1024,0/0
/spttest/4rrjjumbaqag,8b71b02119d4698,1024,0/0
/spttest/dbt3mt437k4j,18585df9c84224a3,1024,0/0
/spttest/phd7xx7nw14c,2e8bf1963bd110ac,1024,0/0
/spttest/lm5y33vvie86,277bcf090faf6386,1024,0/0
/spttest/1i8tpyv1gkcy,2c09b1163d0a812,1024,0/0
/spttest/edoipmpg5gg6,1a444e9401199686,1024,0/0
/spttest/oampqsxsyd5e,2c60d489d45e7712,1024,0/0
/spttest/lhdewmibbexm,273d8e7c59e6f35a,1024,0/0
/spttest/io7fus77boxa,221b7bc7f3b275ee,1024,0/0
/spttest/66i563pu2m35,b4a2ae2e83c6e51,1024,0/0
/spttest/l0ry4w46cgfw,2665fb9da716343c,1024,0/0
/spttest/4shpwyz1ed0n,8c08ce988ed6667,1024,0/0
/spttest/t2czuivn703l,35177aefc279ef41,1024,0/0
/spttest/ey7lja7d797r,1b4ef9f44e733367,1024,0/0
/spttest/e68gtw30h705,19e3970facfb69b5,1024,0/0
/spttest/uhv1detdblm1,37b47191efc32329,1024,0/0
/spttest/umm6lstogon9,37f231f763968cc5,1024,0/0
/spttest/4wc5a8wtm37p,8f27f29a5e776c5,1024,0/0
/spttest/r6vtb1xjekbx,31aaffb16f05456d,1024,0/0
/spttest/keepvl6xefyn,254371fdc3bef14f,1024,0/0
/spttest/kfodad2v3yhf,2553eaa0d451e853,1024,0/0
/spttest/jrrhk4upk3ls,241d4c87f0948040,1024,0/0
/spttest/2tpvctx7sjfi,5294096f179ac5e,1024,0/0
/spttest/z21n1ig15j82,4009117b80f03192,1024,0/0
/spttest/l7nyvttzo5xm,26bf78dc1b335b0a,1024,0/0
/spttest/9b7ae4v0qrqc,11020a3f5f66aae4,1024,0/0
/spttest/uwvq9kb6ndex,3877884a9a82f5a9,1024,0/0
/spttest/o2b0om2v1chp,2bf4b222163e1c7d,1024,0/0
/spttest/jdwr4qnbv8kb,23695956b1e0841b,1024,0/0
/spttest/mof4sg0r8gmn,296cb74e4c1a012f,1024,0/0
/spttest/t1adarpu8ipe,35098b1690fb22b2,1024,0/0
/spttest/e5o7l488qnc2,19dc47fa9fe3a0a2,1024,0/0
/spttest/q5udcftby9st,2fc9dfdf3ea8d51d,1024,0/0
/spttest/n7d89lmog9h8,2a62d35e084553fc,1024,0/0
/spttest/ll73qqwa83xn,276f3ca91fa3afeb,1024,0/0
/spttest/lr8c694xtvkg,27bd9e3362d6a610,1024,0/0
/spttest/u9nb9ub9tbri,3749bdf945ebb5ce,1024,0/0
/spttest/1r0dc28ip8l0,33275638dda89b4,1024,0/0
/spttest/e39owikmpjyq,19bd105f649df752,1024,0/0
/spttest/7wmdt3uguzov,e7108713f5ec82f,1024,0/0
/spttest/2ux3fwzbbk6y,538d92b91f551fa,1024,0/0
/spttest/k73x2mic6wfe,24e49f9b017cddaa,1024,0/0
/spttest/7wej5wpayf3q,e6e333cdcf70ef6,1024,0/0
/spttest/53kumsyu8hgj,9508ff2006df063,1024,0/0
/spttest/uqjnaug5k5fa,38253cb9e2ee1d76,1024,0/0
/spttest/frncwndfz1e1,1ccd5a26e41e24c9,1024,0/0
/spttest/wfui12dma5n8,3b417fe9502bc514,1024,0/0
/spttest/g30qj3fdo6vu,1d610fb7d2f3f1da,1024,0/0
/spttest/8znz5widsd03,106c309dd7c925d3,1024,0/0
/spttest/yc9vs9hwdig4,3eba522fb0ec32a4,1024,0/0
/spttest/qj700ekeagu7,30774ac8a4a1f1bf,1024,0/0
/spttest/lboruxc95x0b,26f3b83aea021f5b,1024,0/0
/spttest/cgg4xqe7g5r,a1ce60874ad38f,1024,0/0
/spttest/46j87nvj0puw,7a354941cf381e8,1024,0/0
/spttest/v3ywy93j9te4,38d39b58f9d1ec0c,1024,0/0
/spttest/os5zpn2coizk,2d449a796faffa20,1024,0/0
/spttest/1rux3w8tj1e8,33d7b2b78cfaad0,1024,0/0
/spttest/1w2vl3pxskzf,3744f3cce5b8e3b,1024,0/0
/spttest/ayspevi1j23y,140822aacf3a2a6e,1024,0/0
/spttest/a5hr1rdsu0v7,128b7e5e46d13fe3,1024,0/0
/spttest/6exxi6w28xik,bb7c72ad70dfdac,1024,0/0
/spttest/4vgvs1ch0v2,3f4fc28a55ce9e,1024,0/0
/spttest/jtawnmrnv183,24314b85392dfaf3,1024,0/0
/spttest/xa8g7dorjodd,3ccc36164e18ed21,1024,0/0
/spttest/gm8gumh1xqww,1e5aa5b4aa7d6b80,1024,0/0
/spttest/ge2fcvpzha44,1df08d9cb02c4474,1024,0/0
/spttest/3g3h0tkvylue,64bec9dbc69c216,1024,0/0
/spttest/tfrc5qycctfi,35c58404d28d53fe,1024,0/0
/spttest/h65pt9c6bx1h,1f5d70bafa73c205,1024,0/0
/spttest/tmf7gyr9wesz,361c105e181427f3,1024,0/0
/spttest/hf42rmew78wo,1fd1c08b02cc60d8,1024,0/0
/spttest/ef6zw0lq5aq0,1a57f68966409388,1024,0/0
/spttest/wbbm593v7obv,3b06ba730bd0b1eb,1024,0/0
/spttest/j7xr5eioz8uv,231bc636b9d8d797,1024,0/0
/spttest/2v2899v42u3y,53ab35def6a34ee,1024,0/0
/spttest/u9r6noe4e60z,374b239a9628d203,1024,0/0
/spttest/30z8js67d0pv,5878e8d327503e3,1024,0/0
/spttest/lwco03tqzmgq,2800204f017d7a7a,1024,0/0
/spttest/yyyfqy6mzrhi,3fe0f1e4ea16c3e6,1024,0/0
/spttest/stnvo69542a9,34a680f5fd2e2d91,1024,0/0
/spttest/rr5wn64mjhkp,32b26d12306265b9,1024,0/0
/spttest/gpzob71oorwu,1e8b6e8f5e6d8f4e,1024,0/0
/spttest/vflat4wqp0op,396a90d44a5829b9,1024,0/0
/spttest/gco4a31pvj03,1dde66c6e9417ef3,1024,0/0
/spttest/mgj6djck8ab6,290642cb476f9a32,1024,0/0
/spttest/svss1h3gpuh1,34c240001c06b285,1024,0/0
/spttest/u63oktpxc0of,371bb0fa08d6236f,1024,0/0
/spttest/8xbvy4iw95co,104dd96ebb15eb58,1024,0/0
/spttest/f82cbz776ku6,1bcef911523281fe,1024,0/0
/spttest/wb5tw6g3fkjd,3b04a41e980598b9,1024,0/0
/spttest/cckdh7n0qufe,168e97ef58d0888a,1024,0/0
/spttest/f1m6s0jkb49x,1b7b35623a3faa65,1024,0/0
/spttest/tdxz1wdzwfsc,35adee741bc9aeec,1024,0/0
/spttest/4e42kmqoucsk,805c6a36aebbc44,1024,0/0
/spttest/epr7qkknaaxq,1ae1269b678c5cde,1024,0/0
/spttest/8ilntcs6qfb0,f8e8965d1a385fc,1024,0/0
/spttest/915a4lxyekzi,107f6c43ce1437be,1024,0/0
/spttest/ddc8g9pb4lc6,186c4297879ac406,1024,0/0
/spttest/fosqd3fa4isx,1ca852c011638e31,1024,0/0
/spttest/7oyreafvlz13,e0d95ac22badf97,1024,0/0
/spttest/mxumvy09eq3m,29e73692d79904a2,1024,0/0
/spttest/1otapbqzxpp5,315ed8bb5959b59,1024,0/0
/spttest/z8v2769llmc4,40619e9796457d54,1024,0/0
/spttest/1f3e60tm2bml,297ad8c5719915d,1024,0/0
/spttest/wjr4tdwn4m3a,3b743dee57864fd6,1024,0/0
/spttest/a851omohj4j2,12ade0a39b770eae,1024,0/0
/spttest/mp05thg7o5ja,29744dadc7a12906,1024,0/0
/spttest/tydh8u8eabx,185178cbb962bcd,1024,0/0
/spttest/83lyky7s3t98,ecbce2be08deedc,1024,0/0
/spttest/7t8e47i6dikn,e45044eda735d47,1024,0/0
/spttest/pqx5las3yj0u,2f080a3b24ca47ce,1024,0/0
/spttest/9i02anbbg7ds,115a5bb12f857060,1024,0/0
/spttest/91l12pglsj77,10851aedd9c2d533,1024,0/0
/spttest/h6hxr6j8szwr,1f61d98708abf8cb,1024,0/0
/spttest/m59rwkqv9bzg,2873fc86a87a0bec,1024,0/0
/spttest/rsypwtikudp0,32c9cfbbec038cd4,1024,0/0
/spttest/db3at495q6oe,184f0ecfc4120d4e,1024,0/0
/spttest/h4wo4uhxqvpf,1f4d2fda919aa803,1024,0/0
/spttest/kcyuufkilej5,2530bb96d454ced1,1024,0/0
/spttest/mloihla8coog,294921ff4c1107f0,1024,0/0
/spttest/w8zuol5k2wxn,3ae8816bdb942b3b,1024,0/0
/spttest/ol8sib1nyply,2ceab04c7d630126,1024,0/0
/spttest/r2jxymdmeqoj,3172c230acf58893,1024,0/0
/spttest/l5057t8coj7,112949ab7ef5333,1024,0/0
/spttest/4i7adis9vzub,83ae4ca1f45c033,1024,0/0
/spttest/uag036na185v,375417f4635b0593,1024,0/0
/spttest/a6vxf208qck1,129d991f6700aa11,1024,0/0
/spttest/l0uiwsjr1b8w,2666e9a813e6d630,1024,0/0
/spttest/i0rf8q73ih7h,20eaf3699609269d,1024,0/0
/spttest/w8m14bopq6xv,3ae384c8409a6ea3,1024,0/0
/spttest/kcqm5z2f5h8e,252dc25faf2e0d7e,1024,0/0
/spttest/xll0eqftl412,3d5fa02b7f1900a6,1024,0/0
/spttest/p4cfnosk73os,2de2ccad91cfd26c,1024,0/0
/spttest/1nuoapunhw09,3096f897dd07b49,1024,0/0
/spttest/q46zaoc6t7kn,2fb472195e014197,1024,0/0
/spttest/dlqhxj7uiukf,18d9521fa8a6353f,1024,0/0
/spttest/c3f7zt2fwrx8,1617d4b6b9e79c5c,1024,0/0
/spttest/r2atemmtldd8,316f773019786bec,1024,0/0
/spttest/fn8hhnfkv6at,1c94075c7fb411a5,1024,0/0
/spttest/ufqvpgbwcmma,3798f70c147e6982,1024,0/0
/spttest/3k3m0kn9uyti,67fee744dd0b0c6,1024,0/0
/spttest/36mo8i3o2fhm,5d0f58dabe9deea,1024,0/0
/spttest/7j809ci8f9vo,dc2fc2f9d8c6fc4,1024,0/0
/spttest/63orumdefmgg,b25978534ae2170,1024,0/0
/spttest/fvmjkytdu5oi,1d0103f0403f5942,1024,0/0
/spttest/129jowxv2da0,1f10998773a52b8,1024,0/0
/spttest/2xkbgiojbtqw,55b34b8f3ecde58,1024,0/0
/spttest/9rlyc8j5v0lt,11d728f444f9e5d1,1024,0/0
/spttest/4h23k8ec5lc4,82c08359e1cff44,1024,0/0
/spttest/dh23e1qcw2xr,189c8ef2fc409adf,1024,0/0
/spttest/4gig594at4qi,824f121d426673a,1024,0/0
/spttest/9va2pausl7nt,1206d4c1a740ce09,1024,0/0
/spttest/ak72ei0212od,134a7a4cd608a5cd,1024,0/0
/spttest/mhfjxprvvjqq,2911f15f054e10b2,1024,0/0
/spttest/p4i109ra4ptd,2de4d14c265381b1,1024,0/0
/spttest/ca6tl40uaba,9f8c443e07afb6,1024,0/0
/spttest/59fe9wrups0w,99c87ac458ec420,1024,0/0
/spttest/xkxzfzffhh5a,3d5751393ec86c0e,1024,0/0
/spttest/f8booo7nxx4,c5d7c7a6de5278,1024,0/0
/spttest/ver5h69u1gmh,395fb019ba5f4c69,1024,0/0
/spttest/i91tqdopo61l,21569e53ebe89d99,1024,0/0
/spttest/p5lzby04xthr,2df33bba42d2778f,1024,0/0
/spttest/d1lhp260hy3l,17d3ba8b3e73fee1,1024,0/0
/spttest/86l7t6zsvwpr,ef28140c1cb5f5f,1024,0/0
/spttest/3k1cq35pnsoq,67f1de0e0968dfa,1024,0/0
/spttest/fiazjqsm72e4,1c53fc25c1342ddc,1024,0/0
/spttest/c88qsjok75zc,165670a6f33c3e08,1024,0/0
/spttest/n0hde51s41t8,2a09653214bef22c,1024,0/0
/spttest/3xv7c2j4pyld,732bf6f6acf4b61,1024,0/0
/spttest/2xw2ie0dily9,55f722ebfffcca1,1024,0/0
/spttest/3f1fyxq6gxpn,63e33ec3e230cab,1024,0/0
/spttest/o3medh8y51ks,2c05ca91670f693c,1024,0/0
/spttest/yydmygfjqh3a,3fd970a81888e806,1024,0/0
/spttest/tz5gkqtxfnbk,36c1686252d618d0,1024,0/0
/spttest/icetlriw9ndp,2182468e6311769d,1024,0/0
/spttest/yuld4hy7ycos,3fa84559331fb3bc,1024,0/0
/spttest/67872hq8a2xz,b539155bacc6d67,1024,0/0
/spttest/kjcbkuq0ci3s,258386da32296ea8,1024,0/0
/spttest/jh64uyvwof0n,2393b3a5c916fe07,1024,0/0
/spttest/a6lx2bsik2ie,1299fc8877ecbbb6,1024,0/0
/spttest/1tt5g67mk94r,356d2591a441d3b,1024,0/0
/spttest/qqbcadzmigtc,30d3c88e097fb7a0,1024,0/0
/spttest/qeo8nz567o3j,303c90f76c835fbf,1024,0/0
/spttest/wzcz9wpmk710,3c3ef6aa8ad17a94,1024,0/0
/spttest/xuhjxyl6jio4,3dd34820b1b47f44,1024,0/0
/spttest/di6z1z0vfr7j,18ab4eec603e267f,1024,0/0
/spttest/2y3dgjrl78jf,56214da50d9d7fb,1024,0/0
/spttest/laxx28tuei2u,26ea07a35e29c506,1024,0/0
/spttest/w8v7s9ofbptj,3ae6d5329ab1b677,1024,0/0
/spttest/c4xz8z8ucyg7,162b96875ab76767,1024,0/0
/spttest/an651bnf1wl2,13711c75d8877636,1024,0/0
/spttest/drk4cxs4te2z,1924f4a1ab35708b,1024,0/0
/spttest/zt9xhoygypkl,416ac52bd21d4df5,1024,0/0
/spttest/eduu6sxd88kq,1a46963c33836e6a,1024,0/0
/spttest/zlv0qy8fbmo,1ce834fb2cc58a0,1024,0/0
/spttest/b3wql9hmfeyw,144a8971e8808388,1024,0/0
/spttest/i62bd9p7twkc,212fd3ceacd6851c,1024,0/0
/spttest/m8qybe1cqv5d,28a12701bf2af031,1024,0/0
/spttest/4degoygabbu,38caecc09aafda,1024,0/0
/spttest/tve9qdx896mb,3690a11ce87a05c3,1024,0/0
/spttest/28gqod6tum4o,4152ee09800b088,1024,0/0
/spttest/ce3y0tlrnpkm,16a2a4e6d1072036,1024,0/0
/spttest/p5f56v11j00m,2df0c42eae0b3bd6,1024,0/0
/spttest/n8shhyi6zt73,2a7551d5dd362c8f,1024,0/0
/spttest/fef4sz8brj5p,1c218614a230d4bd,1024,0/0
/spttest/833cuu8i0jsd,ec517ccf4ba362d,1024,0/0
/spttest/tijrs4nkcrr0,35e9c0ecca20a77c,1024,0/0
/spttest/whre1xe7cvlw,3b5a5b1e4e1ada04,1024,0/0
/spttest/pd7esdzmc850,2e55e3eaa2fdc634,1024,0/0
/spttest/i96npsvquhjy,21585cbbaec2ea5e,1024,0/0
/spttest/nk94ujquunmm,2b0a3576304d091e,1024,0/0
/spttest/lbemboeb0ncs,26f00e58cf83993c,1024,0/0
/spttest/s68932cvyqg9,33761c94ae54c969,1024,0/0
/spttest/z3wrc1kgyg9k,4021492b1c3c76d8,1024,0/0
/spttest/4ny1x5ebek5k,8857f529673d088,1024,0/0
/spttest/qgfezc9n8dxf,30535c5ed644b383,1024,0/0
/spttest/r275l82mz4jw,316e24f972d6dfcc,1024,0/0
/spttest/1of7jb6auw8q,310d843a40d90ba,1024,0/0
/spttest/lvf0ybd2trw,11c1c5c8ecf5c3c,1024,0/0
/spttest/isdhbikorxuy,22519ec699f0ac2a,1024,0/0
/spttest/rcgk53cauhri,31f36e3164be1f6e,1024,0/0
/spttest/sj44scpu22eo,341d7c6b2f241ab0,1024,0/0
/spttest/9935ae52szzk,10e6912a5cef7b30,1024,0/0
/spttest/p1bwjm50h0dk,2dbba3de18f77028,1024,0/0
/spttest/pp5jj5oqnkvx,2ef1166e8ebb937d,1024,0/0
/spttest/pmunxt5eq8ua,2ed32f2cd578c142,1024,0/0
/spttest/xz46cqs0hblw,3e0f66c1c04ee504,1024,0/0
/spttest/v73lur3f5isp,38fc447c62777969,1024,0/0
/spttest/ysobq41wbxx1,3f8f5c593dd10475,1024,0/0
/spttest/10gaihg3c99i,1d97e1c045a6ce6,1024,0/0
/spttest/d9f7as2rfhis,18395fb6723b8974,1024,0/0
/spttest/u2i13f32mcs,18694b35733ccac,1024,0/0
/spttest/chyhgm26jv4r,16d4a1982b55925b,1024,0/0
/spttest/u4ufdz1qneu6,370b5cd34b7518de,1024,0/0
/spttest/qimhjvgtjoyj,306fe40e7f4a321b,1024,0/0
/spttest/vh5usn3bag7k,397ef8bb338cb790,1024,0/0
/spttest/a6udfq6zm3qm,129d097c9302f76e,1024,0/0
/spttest/9v7tpzk2caae,120604fa10ad4116,1024,0/0
/spttest/cqg3zp3b2igs,1742e7b73e99f0fc,1024,0/0
/spttest/27keimew6ssj,40983e51007cf43,1024,0/0
/spttest/7meikwqubheo,dec4d2c7fa6b2e0,1024,0/0
/spttest/6jl2cnf4bnqa,bf415190d39dce2,1024,0/0
/spttest/kk6woij3oog6,258e900ac255c0c6,1024,0/0
/spttest/lvtu2te2qtn4,27f954e65dfea290,1024,0/0
/spttest/pddo899jehpr,2e5826595c06982f,1024,0/0
/spttest/4fumaossda52,81c581391170096,1024,0/0
/spttest/9owniujm0l2w,11b40d7b73c9ccb8,1024,0/0
/spttest/9pg4dd8n9sts,11bb13b4e13aa130,1024,0/0
/spttest/bodsymkk6zjg,15547aec763a3d6c,1024,0/0
/spttest/w22o4lwd1qd3,3a8e98e9074838b7,1024,0/0
/spttest/f2jrcv4vc3ze,1b8752565f829e2a,1024,0/0
/spttest/228ua4qq5i2y,3c465a3bd5bacca,1024,0/0
/spttest/s5tp5mpm2tio,3370dc4ae3cf7bf0,1024,0/0
/spttest/dmserhnjzz0k,18e6fffd22241b04,1024,0/0
/spttest/ng57uozbct2d,2ad4d6ab64777525,1024,0/0
/spttest/2blh63fbvgn1,43ddc182d279cfd,1024,0/0
/spttest/65q2hdi2rcio,b4009ae7b965220,1024,0/0
/spttest/mqgj2rwng29g,298732d843c39674,1024,0/0
/spttest/lw06145ib2we,27fb9dc70a7ae96e,1024,0/0
/spttest/djb191grfgoh,18b9c349d1358d31,1024,0/0
/spttest/om3s1at01h4d,2cf5de8090c280ed,1024,0/0
/spttest/rpeuaor2zps7,329babd9bd19fb47,1024,0/0
/spttest/oej2qxlu35ed,2c937974eff42015,1024,0/0
/spttest/j3vew16mv97f,22e6f8fe3c4afe5b,1024,0/0
/spttest/96ut13fmbmn5,10c99441079c2961,1024,0/0
/spttest/cbdgdgdabxft,167f1b87b2b15c09,1024,0/0
/spttest/7q74h6pfmmik,e1d976fcb472e7c,1024,0/0
/spttest/ismrqp37jlib,2254f8d46cff56a3,1024,0/0
/spttest/a7mgvdidnmla,12a72c9c28f3171e,1024,0/0
/spttest/4w1x33ntr01o,8eece71d73c21fc,1024,0/0
/spttest/no59zkaa8h4f,2b3cc633b49dbaaf,1024,0/0
/spttest/vpshr5odpqzz,39ef0dcb319bf1ef,1024,0/0
/spttest/tmykqaeceyjb,36230d6244384a57,1024,0/0
/spttest/xarr10z2di2i,3cd32cdac4c68aba,1024,0/0
/spttest/hym2v3m5hnxx,20cf0b4c0ff7c075,1024,0/0
/spttest/qe4sybyyl65o,30358da7cbc66c6c,1024,0/0
/spttest/itco3dkiwt1p,225e510b70600d0d,1024,0/0
/spttest/unect2snbqcv,37fc5c30c4df212f,1024,0/0
/spttest/7zei93xn5cvv,e9528ab97c7db7b,1024,0/0
/spttest/dhk3ingweppb,18a30de7d896c99f,1024,0/0
/spttest/gi6rgu9x8oaw,1e26132effde9208,1024,0/0
/spttest/wmjw3xa87k49,3b9898c85444a199,1024,0/0
/spttest/5nwqjqouiilb,a58a304723dcc9f,1024,0/0
/spttest/6ekx7a7u2zle,bb3159a5058dab2,1024,0/0
/spttest/uc1uc878g1fm,3768f69001786f42,1024,0/0
/spttest/ut63dx6zrrlk,3847509cdb09ef78,1024,0/0
/spttest/lypg73uwqb1w,281eb794f8ab0274,1024,0/0
/spttest/qqr0tj90o22y,30d9710599c8548a,1024,0/0
/spttest/chia66j5c1tn,16cec8ffa2d4c53b,1024,0/0
/spttest/eqpi75y1c37c,1aed85f7c1b11438,1024,0/0
/spttest/em2zqxgkidni,1ab1717f8ef6799e,1024,0/0
/spttest/jiwg1rmfufax,23aa2f2fd1551ff9,1024,0/0
/spttest/h9ga0erb3mco,1f8838022178aae8,1024,0/0
/spttest/i6xqr5s10wvg,213b2ab31c4e476c,1024,0/0
/spttest/fuilawfx22qe,1cf2999f786c5756,1024,0/0
/spttest/1jmn7gd1yo1f,2d294c40d706333,1024,0/0
/spttest/yp2owulqswqy,3f60964ffdfa42ca,1024,0/0
/spttest/gva5ybqtz7p2,1ed029cb020c26b6,1024,0/0
/spttest/er9pgr1lgw9b,1af4cff9f298904f,1024,0/0
/spttest/5ghaj7ywo8o8,9f8239b64b559e8,1024,0/0
/spttest/nttojxdtfnc,13583bdd6367578,1024,0/0
/spttest/2nnshflm3jta,4da90f18322010e,1024,0/0
/spttest/o5nbe1c917bm,2c2019cac764c452,1024,0/0
/spttest/goqby3b2o8ty,1e7b1244099e40b6,1024,0/0
/spttest/ve6gr5da3ojb,3958394d4d914cf7,1024,0/0
/spttest/d13c8i2bqlnw,17cd2de80f8b432c,1024,0/0
/spttest/3ac1hjp1ee0s,60114878a7f537c,1024,0/0
/spttest/hgx65gzrjne3,1fe93d29c798a42b,1024,0/0
/spttest/3b0yl9ahbksf,60a124d7acb26ff,1024,0/0
/spttest/4jigepyh47uu,84be993bdd889c6,1024,0/0
/spttest/jurvplcdy70q,2444689c7750c50a,1024,0/0
/spttest/59qjv5feefp6,9a08e10fd70c0fa,1024,0/0
/spttest/phan9o8awnyj,2e8b03ce6e356b4b,1024,0/0
/spttest/j92rxopcv8nr,232a9353d6668d97,1024,0/0
/spttest/jiww3eu9apd5,23aa585b489b1fe9,1024,0/0
/spttest/du3h00k4rgr6,1945ea93646be192,1024,0/0
/spttest/ro3jyzcrrvxm,328a9c0d102a356a,1024,0/0
/spttest/3f8x9u6dgi1t,640e6e5545de461,1024,0/0
/spttest/x6l53ccdisgd,3c9cd5560302bd8d,1024,0/0
/spttest/fwnx2dg50j3i,1d0e8028c3f815ae,1024,0/0
/spttest/6simgh3wk2kj,c681ae459046603,1024,0/0
/spttest/k4ntdp9btlhh,24c4d5b9f8699105,1024,0/0
/spttest/9u3shagq34q4,11f7930fbd27b4ac,1024,0/0
/spttest/lgucpef8g2jt,2736add7b89334e9,1024,0/0
/spttest/pblzhyoyhi03,2e412bb26bdc9763,1024,0/0
/spttest/1uy57j7qlm7,1827e975bb32ef,1024,0/0
/spttest/pdyb4vaiin1a,2e5f987c4823ef1e,1024,0/0
/spttest/ey2fz15g2pi,c224626c752ab6,1024,0/0
/spttest/x98tyc2d35vi,3cbf5c1b524af57e,1024,0/0
/spttest/1h6vmw71q0b2,2b2e9fcb869210e,1024,0/0
/spttest/p9vdq6eup5mo,2e2a95010e0d9ec0,1024,0/0
/spttest/omksv9h869fa,2cfc02e5da03b136,1024,0/0
/spttest/91iwl76b7f3v,108456ae812bbb3b,1024,0/0
/spttest/rm5fk51bkzdw,32714ef3fd7ecf24,1024,0/0
/spttest/okhsyx0qjz81,2ce0f38a438e2311,1024,0/0
/spttest/h4c899s0weos,1f45cfc070c0d25c,1024,0/0
/spttest/u67yrsekjk88,371d3c9a9357f928,1024,0/0
/spttest/n58q452zy2p5,2a4738cec1ccdd29,1024,0/0
/spttest/5pmxmlpwmfqr,a6f14034b6ced33,1024,0/0
/spttest/n7all6312kn4,2a61e071388e0200,1024,0/0
/spttest/gn8xlhb94cwm,1e67cdeddb6b1f56,1024,0/0
/spttest/hloz9vfn6b49,20273adaa627c0c9,1024,0/0
/spttest/sazh1gj90un7,33b3e3f6490db023,1024,0/0
/spttest/jdq7lk1n5kbp,2366fd0316139125,1024,0/0
/spttest/qud8bd2fq1cv,31086c1fe244d05f,1024,0/0
/spttest/6015vffubqmd,af61ae40f1d8585,1024,0/0
/spttest/ht3oukhi2qbl,2087766d1ea0e7c1,1024,0/0
/spttest/yq5b6czyk03j,3f6e856e49634b7f,1024,0/0
/spttest/2xzfyy6p4uhd,560a9d2a553a451,1024,0/0
/spttest/s7wagyt9leh7,338bc63b5e38998b,1024,0/0
/spttest/1ucisp46tmeq,35dcf97b172fcb2,1024,0/0
/spttest/bg6q05ykccsl,14ea02b4568077c5,1024,0/0
/spttest/izbl0wkbclv6,22abdc57dfaab4b2,1024,0/0
/spttest/ot94hfw5f7hu,2d52b91492eba8b2,1024,0/0
/spttest/6oawtrjmidr6,c315d862f970822,1024,0/0
/spttest/rd4youj3ipm6,31fc3c5c17d0412e,1024,0/0
/spttest/s9x8oq0efiv6,33a61888e7eb7b42,1024,0/0
/spttest/g6u4x485pndw,1d92a31670a607a4,1024,0/0
/spttest/4yz16l8c9mvy,914bb9f343e581e,1024,0/0
/spttest/n3awawkmi6uk,2a2e06e84d5e192c,1024,0/0
/spttest/v4ycbikp923r,38e063ab096bdbe7,1024,0/0
/spttest/ohvwr8t9zpvy,2cbf12a44079eace,1024,0/0
/spttest/m9am9boj1afn,28a83f6f5f7b2e13,1024,0/0
/spttest/2l3esz5ygaxf,4b93bf782b06153,1024,0/0
/spttest/i4vahz7lvetw,21204dbe21f27dd4,1024,0/0
/spttest/413h1z13h7g6,75cb316ecbe36f6,1024,0/0
/spttest/xpkji86f4430,3d9369d3d22f34ac,1024,0/0
/spttest/ui9y31m2uowa,37b9d2a85173038a,1024,0/0
/spttest/49im30nu65ur,7ca13920932bd23,1024,0/0
/spttest/or87dm8rdk4r,2d38699f9dde622b,1024,0/0
/spttest/7ere5tksnqfj,d89089192e9618f,1024,0/0
/spttest/far9j2cvtt1k,1bf1f19850e14748,1024,0/0
/spttest/ckqdm3359cyq,16f8ac8babe26ae2,1024,0/0
/spttest/dhebjnvtfvq,af23576d9120a6,1024,0/0
/spttest/r55e21s79h4o,319479bbca71a5f8,1024,0/0
/spttest/l2hinvil2hsp,267c32bf4e6c3399,1024,0/0
/spttest/ld8t2a8u090e,2707eff123964b9e,1024,0/0
/spttest/54607z11q0tl,95832041b51bba9,1024,0/0
/spttest/nun3zmds4bz5,2b9124faec1825a1,1024,0/0
/spttest/4d53eqqh9o3m,7f927e55b455b42,1024,0/0
/spttest/6yeosko1z2fv,cb49ef4099e381b,1024,0/0
/spttest/7z1m6xw9s0b7,e9081fde4cfa993,1024,0/0
/spttest/jo39zxnmwhpu,23ed9885d82883b2,1024,0/0
/spttest/3f4ebr06gzy8,63f44cf28275000,1024,0/0
/spttest/hx5pgbzf2vr8,20bc25bda51d9844,1024,0/0
/spttest/sr8d114w5v3d,3486ed171d5d2ca9,1024,0/0
/spttest/8njtu4584kfl,fced264ce563c71,1024,0/0
/spttest/desfzyjlujhn,187f191ab74bff2b,1024,0/0
/spttest/soku88gd1qgl,346475dee8d12935,1024,0/0
/spttest/rluqq44af04q,326d738d46e6486a,1024,0/0
/spttest/xv95umhhc7fm,3ddd3e479d3125a2,1024,0/0
/spttest/caqcfsmsiisy,1676c4f6d46463b2,1024,0/0
/spttest/wvx718uydci2,3c124ce9b9c1da8a,1024,0/0
/spttest/1bhi4bh3ccj1,268cfd1802f416d,1024,0/0
/spttest/5wrj2dlkkank,acba949e80dcaf0,1024,0/0
/spttest/fnv0efcl4zda,1c9c27fb9542e10e,1024,0/0
/spttest/j5aveexaqm5i,22f98a22d8f3c0a6,1024,0/0
/spttest/6v9lx236apdp,c8bd1f6ce9eb0fd,1024,0/0
/spttest/cu2zeg96kzl5,1772202da03bfb29,1024,0/0
/spttest/k0l0aeowjibz,248fdd520fd6c38f,1024,0/0
/spttest/yakwv5d8skqb,3ea4527eb370c3f3,1024,0/0
/spttest/hqur4p1ed8ym,206a4273b01f709e,1024,0/0
/spttest/peesiy77e3r7,2e658affcf2c8d83,1024,0/0
/spttest/l4nx7ugn3rta,26987cd0858f068e,1024,0/0
/spttest/riibymnm6ap4,3242017b9d3feda8,1024,0/0
/spttest/v9yjmx6l6xlh,392168b9a4648c95,1024,0/0
/spttest/ra1zblzc553c,31d4311b6dfbb108,1024,0/0
/spttest/qnw7xfyu1d68,30b45954fc9acef0,1024,0/0
/spttest/i7r8ztjgcwfl,2145d02e15e8fb31,1024,0/0
/spttest/33cwxgk4c40v,5a67867e2db335f,1024,0/0
/spttest/nn4ul2x88d0n,2b2fa16d21d97fe7,1024,0/0
/spttest/obt4fv0eo9y7,2c7021b62268c65f,1024,0/0
/spttest/6qamas3wkp7a,c4b3d06d7c50896,1024,0/0
/spttest/jlgtbrgsgpoi,23cb8321f8e43202,1024,0/0
/spttest/v29d2d4qerva,38bd65dcb5f0be96,1024,0/0
/spttest/6xea0rguq40x,ca77bcb1cf664e1,1024,0/0
/spttest/mqq9bla1r8ep,298ab57f68817c51,1024,0/0
/spttest/hgd9zcuomp4l,1fe20fa02b4af8b5,1024,0/0
/spttest/aue5337wrs22,13ceec5448f752ca,1024,0/0
/spttest/78l5suidhzyl,d38d95e2b65654d,1024,0/0
/spttest/7zt2wzyp3ueg,e9a6ad8127a6da8,1024,0/0
/spttest/41pxshf7170j,764ce2206b7ecc3,1024,0/0
/spttest/6mji7em4f2yi,c1a7ccf715ff8ba,1024,0/0
/spttest/t6mh6zikgns4,354edbc8c149a864,1024,0/0
/spttest/t0v2m2vb3j3p,350406259e8bea75,1024,0/0
/spttest/57gisnzu68wo,982f520ad252c98,1024,0/0
/spttest/rzm2x3yjiyw8,33202d1eb1ebac28,1024,0/0
/spttest/gs3it47m9bbf,1ea6cc6dd55c738b,1024,0/0
/spttest/blzkcrwwdgua,15355d2bd033e682,1024,0/0
/spttest/ezt9w0rwalmh,1b63c96e4b5ff7f9,1024,0/0
/spttest/g2qvq505uxrf,1d5d815dd88afb6b,1024,0/0
/spttest/ed88nmkkml97,1a3e6ee2b700991b,1024,0/0
/spttest/chel1uaqnowr,16cd73709f54bfdb,1024,0/0
/spttest/5wk2l58hth7t,ac8f86e26265d69,1024,0/0
/spttest/tlbtjil55lil,360dda44549a752d,1024,0/0
/spttest/jjtuum2lxolu,23b63d50cf8057d2,1024,0/0
/spttest/lic0733pfj1w,274a09a20ebca334,1024,0/0
/spttest/akuyfu9wax2h,135318f86baf49e9,1024,0/0
/spttest/tpqxw6s6sbgl,364743fbd8b33f05,1024,0/0
/spttest/k9r25l1u47je,2506f3a0dd80112a,1024,0/0
/spttest/zguwbf95oou6,40c9798ddcd82cbe,1024,0/0
/spttest/k1ez3pqya13z,249aad5335517e1f,1024,0/0
/spttest/h8ds2fodv0mo,1f7a53f9b08111f0,1024,0/0
/spttest/j1d34iwnmcsb,22c661aac901013b,1024,0/0
/spttest/og7dzyx7jqui,2ca93c6b44bc79aa,1024,0/0
/spttest/7lu1ywt4qx6,62cda4e57f7e4a,1024,0/0
/spttest/j4cyu4zgl8xo,22ed4e6f14275c7c,1024,0/0
/spttest/hhpake0txib0,1ff362cce22cf7ec,1024,0/0
/spttest/2oo96cunssel,4e7b9076f546dcd,1024,0/0
/spttest/hus9v8y6ociu,209d527361702366,1024,0/0
/spttest/x1816trzud94,3c57284018713d98,1024,0/0
/spttest/pws29ihkd3pw,2f54236491402c14,1024,0/0
/spttest/jr9cu330utuy,2416c1c86eee8eaa,1024,0/0
/spttest/xvtmmz477u2g,3de4a0b7bf363af8,1024,0/0
/spttest/s3outtsclcuf,3355227dc72cc047,1024,0/0
/spttest/6lfswupy5b05,c0c298d59b90cf5,1024,0/0
/spttest/d85y4rzqyb4w,18290b9f358ce2e0,1024,0/0
/spttest/mc1f7duck674,28cbe5cad45bb060,1024,0/0
/spttest/telcnsivxzjt,35b65dd6b20fb939,1024,0/0
/spttest/ug9p9dpcd9il,379fc180e7f8116d,1024,0/0
/spttest/xwlm7yv25sh9,3deeb9f57f2f1d6d,1024,0/0
/spttest/ekfeec1wj5rl,1a9bf0fe2b62a7f1,1024,0/0
/spttest/uahg4pn9r8db,37549d7bfc94581f,1024,0/0
/spttest/am8l5o478rdx,1365014d6ab9f3a5,1024,0/0
/spttest/86sr3e2km2hw,ef5394eaa7e3224,1024,0/0
/spttest/lv5wedpr4kkl,27f0b20491b09025,1024,0/0
/spttest/9gsv50r4t49j,114ac57f0630cad7,1024,0/0
/spttest/a0aydalxuyvf,1248184a1a5d210b,1024,0/0
/spttest/a4kekvvuk5pm,127f7639616703ea,1024,0/0
/spttest/xurn4qsuugdb,3dd6ebfdb0a41c5f,1024,0/0
/spttest/izeiuxrd7a9c,22acebe4228838b0,1024,0/0
/spttest/vmk17puoqms,19ace7653602ed4,1024,0/0
/spttest/vy2c7dkpydru,3a5a854a90a9933a,1024,0/0
/spttest/emx2dw9do7mj,1abc4b5061ff6d9b,1024,0/0
/spttest/vq9cj4usaj7w,39f522a7331f53cc,1024,0/0
/spttest/155ituwxbdjf,2168dadea117a4b,1024,0/0
/spttest/rvck1f6uw54l,32e8c856123bc7f5,1024,0/0
/spttest/21jw9l9mgoa8,3bb6586cc8808f0,1024,0/0
/spttest/v660sjpi37og,38f0264b945ecfa0,1024,0/0
/spttest/c8bsy6u1z6j2,16578b4a6778c4ce,1024,0/0
/spttest/wvjykul1304e,3c0d866e52ca185e,1024,0/0
/spttest/q1g2gxf26vp8,2f90c1c93a1ed3fc,1024,0/0
/spttest/a04nfok9ohkl,1245d206cbe327f5,1024,0/0
/spttest/vislv0n1kazt,39942b88ed1b91a9,1024,0/0
/spttest/z01b87ovfh9m,3feef8a83c7f542a,1024,0/0
/spttest/g0hsddj4qomb,1d403eee9370bf23,1024,0/0
/spttest/vm5qg7kuz6e6,39bfdfdda4ba291e,1024,0/0
/spttest/tpupr1nxl4w4,3648a09060d25904,1024,0/0
/spttest/gl6l4y6oz9nz,1e4cfab628762baf,1024,0/0
/spttest/kjolr4369yu6,2587f56010c2ca9e,1024,0/0
/spttest/9rx9wih7c2w9,11db3eac711504a9,1024,0/0
/spttest/yzllcgq9zopb,3fe94cb9e309b8cf,1024,0/0
/spttest/xim1390gt7bs,3d390683e7ba2a58,1024,0/0
/spttest/v9gl166xnbds,391aedada03bd260,1024,0/0
/spttest/yi6x0ay1kres,3f072fc2c201d0c4,1024,0/0
/spttest/2gjpguqi06u2,47e2aef464efc9a,1024,0/0
/spttest/6c7o1trukuid,b9452d23a361175,1024,0/0
/spttest/639vvuvpmlqf,b203859136b4c87,1024,0/0
/spttest/305mrjaghtd,270638bb3b6431,1024,0/0
/spttest/5hnolyw2i72t,a076f30a4d41655,1024,0/0
/spttest/oqboykjxr07n,2d2cae954c90e6d3,1024,0/0
/spttest/4aiavhjcf68y,7d6f41119045562,1024,0/0
/spttest/kfxzh2bd3a5b,255762de05abef1f,1024,0/0
/spttest/nw6wvni79qu1,2ba5475bbf660f19,1024,0/0
/spttest/dsu0v2blqkeq,1935849973720ad2,1024,0/0
/spttest/kzbx1jlb6vmt,265335a9aef7b4a5,1024,0/0
/spttest/re1dclu16tdi,3207edc1fe660336,1024,0/0
/spttest/muduwcdparg6,29ba311917f17676,1024,0/0
/spttest/evc5jhjgr78w,1b29a6fcc0bb6970,1024,0/0
/spttest/phxev8kfjfku,2e933ab88a07549e,1024,0/0
/spttest/gm70ybtio8z0,1e5a208c8679596c,1024,0/0
/spttest/6wi7qcx79p7s,c9bea22f5ffb2e8,1024,0/0
/spttest/wjfa7yn2ak5q,3b6ff7614069628e,1024,0/0
/spttest/esk0a1uaezpl,1b0584a95fa7be49,1024,0/0
/spttest/nk17df77oew2,2b0758fe12657462,1024,0/0
/spttest/u0g0kk6r3pt4,36d234a03260b868,1024,0/0
/spttest/pjocd8plt6jm,2ea9ef818666bf62,1024,0/0
/spttest/u4tnuy2nqemg,370b16316eac2b88,1024,0/0
/spttest/fprxxefx6mea,1cb5070be6f833e2,1024,0/0
/spttest/i8vj3krkeymr,215458d5d51186d3,1024,0/0
/spttest/vc1sarebpitd,393c8e9196363e81,1024,0/0
/spttest/ebjz6j62qd6j,1a28b07b0b088f3b,1024,0/0
/spttest/1fqlsaj3kae,12ab0b21dae476,1024,0/0
/spttest/so1gtbgh3fek,345d7874af7751bc,1024,0/0
/spttest/zpv7g9fhz5jm,413e7d6ee4eae3d2,1024,0/0
/spttest/lw0xbqw7y2xt,27fbe3cfb9b58a61,1024,0/0
/spttest/j1v47xmvrw5w,22cce31ab05d4294,1024,0/0
/spttest/cadw7bavj1ya,167246e3630fe7a2,1024,0/0
/spttest/n48pkxk2l0ep,2a3a3a2e8dce1751,1024,0/0
/spttest/ol7anf0sj4lw,2cea261c53daea14,1024,0/0
/spttest/dwj3vprwsfp8,19658951c7d8fa7c,1024,0/0
/spttest/3kwgdd18odph,68a56a66d061765,1024,0/0
/spttest/5cqbaaipa2mf,9c76fd2daff8cc7,1024,0/0
/spttest/tcxlatkjfu31,35a0cde96553590d,1024,0/0
/spttest/5pfnil0v771,4a1fa70bcf8a2d,1024,0/0
/spttest/2j449irwuw9,20e013bfab7769,1024,0/0
/spttest/lfkujdibkr6u,272642a87ed8c9a6,1024,0/0
/spttest/868g68w4d2ts,eede5ec20825390,1024,0/0
/spttest/ut5s1q4utfa4,3847338514e6409c,1024,0/0
/spttest/epboq5z5kgki,1adb8c4dfab4f1e2,1024,0/0
/spttest/vcd3wdcdf0m3,3940a462162a5ddb,1024,0/0
/spttest/dqaagkflsceg,19146b5881e13ec8,1024,0/0
/spttest/9145f4tuke3b,107f03d15bbaf657,1024,0/0
/spttest/ejghzb7fjygr,1a8f594bf7a2903b,1024,0/0
/spttest/qs8kp38qqvdm,30ecc389a2e80b5a,1024,0/0
/spttest/72mqz54nkx7c,ceb7c869d76fc18,1024,0/0
/spttest/gebkv9xiox2b,1df3db10f1ef8363,1024,0/0
/spttest/xf0od6ovc9td,3d0a5a5d69ae3bb1,1024,0/0
/spttest/frz3f4vv3aea,1cd1963b04f7b262,1024,0/0
/spttest/gwgeklrgxo7f,1edf675f8ed8a4cb,1024,0/0
/spttest/cauwnehpixsu,16786a4b8635b89e,1024,0/0
/spttest/82crqytyxlv3,ebb80119fa182ef,1024,0/0
/spttest/wtcbcv7ur9yd,3bf0c9c20127b525,1024,0/0
/spttest/x9sstl7tntio,3cc690914ae83e30,1024,0/0
/spttest/v2bphwrvxtwz,38be3e7efaeb20b3,1024,0/0
/spttest/yzvmcxfsfeqm,3feceb01e596405e,1024,0/0
/spttest/f059x7v2iju1,1b681def5f9702e9,1024,0/0
/spttest/qyv8ejcxbo8o,3142e0018fef7078,1024,0/0
/spttest/8d0poyqz7g07,f4608331e9a17c7,1024,0/0
/spttest/ky2bzwhkqn4l,2642c317ead02f95,1024,0/0
/spttest/j1ajlqov5ex3,22c576d78c4b99c7,1024,0/0
/spttest/vlmfo3k3olc3,39b8e935307d6503,1024,0/0
/spttest/h4o9scflx5x8,1f4a281888ae2d3c,1024,0/0
/spttest/9c8fiac6ftww,110f70ff53eadb30,1024,0/0
/spttest/cwtpx8hzrh33,1795c050b0e5363f,1024,0/0
/spttest/kupe3ozehr0p,26171ff0190e1d09,1024,0/0
/spttest/vw661foodp3j,3a41ec6ec01e684f,1024,0/0
/spttest/rcvrezg4zt2t,31f8ea61d027f1f5,1024,0/0
/spttest/fi53fg94vnp6,1c51dbe52c3a91ba,1024,0/0
/spttest/p5bkwwt7rqb0,2def7b0d8025b8ec,1024,0/0
/spttest/sscecgkhpro5,34955f334834d955,1024,0/0
/spttest/1iofmsmqkuxs,2c63cd00b818ba0,1024,0/0
/spttest/bbzoe6m6u7zw,14b382f7a50f41fc,1024,0/0
/spttest/i8h9a3kyfq06,214f327ca7201366,1024,0/0
/spttest/9qo1pt9tnt01,11caed1950420391,1024,0/0
/spttest/tn731pwboz87,36261f541e760357,1024,0/0
/spttest/ckqomu4cj8s5,16f8c8d29f292f35,1024,0/0
/spttest/w7nvg2ta02x3,3ad731b479720cc7,1024,0/0
/spttest/vp3jo10k3h6t,39e60d7f06271dc5,1024,0/0
/spttest/58wfft3ma0ru,995afa997c4746a,1024,0/0
/spttest/ge2oj8p90i41,1df0a5284eb848b1,1024,0/0
/spttest/u0fum3s67432,36d225575419766e,1024,0/0
/spttest/o9igzv82ulg7,2c524f5cd3cbda17,1024,0/0
/spttest/1m39pixfz38d,2f28ee80a00ee1d,1024,0/0
/spttest/hymbkvbd3vn7,20cf21a8f7b7ebf3,1024,0/0
/spttest/ucgo5gxlag85,376e5035b7f109a5,1024,0/0
/spttest/3urppg2umyyx,70a85545cb0c089,1024,0/0
/spttest/65f8891o8r1r,b3c206016a586ef,1024,0/0
/spttest/sczyblg9w2cg,33ce0ad0f92ecce0,1024,0/0
/spttest/ryc6est8qpet,330f9d239087df25,1024,0/0
/spttest/h5y306d2kdqa,1f5aafa1f5b17882,1024,0/0
/spttest/2wcwnq28vcy5,54b8aea2fc8034d,1024,0/0
/spttest/lpdk85j2xpf3,27a58630ae2abcef,1024,0/0
/spttest/ezs6m3rolbb7,1b6364a890424083,1024,0/0
/spttest/ledpt64gorm8,2716b2b1640ae1d0,1024,0/0
/spttest/hz7ym5m7x37h,20d6f07f71f7dd7d,1024,0/0
/spttest/jbmzqep77xqb,234bd9369f437183,1024,0/0
/spttest/ef9yibiffb54,1a59081975970d28,1024,0/0
/spttest/qduev1dci6t5,3031cdd136d9a2f9,1024,0/0
/spttest/nrcub9a03khh,2b6678b2f30f4275,1024,0/0
/spttest/9ggvwtbu2q82,1146730ee573ab42,1024,0/0
/spttest/ucz0bad1hs8t,3774ee0ad02ffe3d,1024,0/0
/spttest/mppt3rnyzm31,297d8ea18117e88d,1024,0/0
/spttest/mrpgsw9zul46,299769947efb8d66,1024,0/0
/spttest/arjx7hqopq06,13aa0a8e5a2edfe6,1024,0/0
/spttest/izx2nycb8kwc,22b39d56638d96cc,1024,0/0
/spttest/8hkipnkhgehc,f8122ae1b24de50,1024,0/0
/spttest/vjwziomyzuy,199da97835a000a,1024,0/0
/spttest/jt8vk17l6fjk,24308ff62e045530,1024,0/0
/spttest/secn2hk0i04v,33df9bfcc5f5312f,1024,0/0
/spttest/tkwu5oia18ak,36087252aebf723c,1024,0/0
/spttest/2ku5iqb14xxh,4b5e4d4910751c5,1024,0/0
/spttest/w2wnspxtsig2,3a996b1c3b593d62,1024,0/0
/spttest/u44fvd7ohtqj,3701fc7da06ad4cb,1024,0/0
/spttest/sf7we9ynycrj,33eae355cfdac41f,1024,0/0
/spttest/s995ctmofoci,339d6726c9e52902,1024,0/0
/spttest/ewqzzv7q45gu,1b3bff8a57687aae,1024,0/0
/spttest/6cyt92rp0mji,b9e1e1c0083d71e,1024,0/0
/spttest/4icjzuprdur6,83ccb507d417bf2,1024,0/0
/spttest/zlgsdfkc9o3x,4105548ffb366e4d,1024,0/0
/spttest/hviur9j97auj,20a6e99f5fe457ab,1024,0/0
/spttest/lonwku3p77a1,279c444f2632a599,1024,0/0
/spttest/4h90hsyp0kfu,82e86eaac06e87a,1024,0/0
/spttest/wjma8a4t3lhg,3b727dfaf78efc84,1024,0/0
/spttest/v9ipdgz1z280,391bb18df0c24300,1024,0/0
/spttest/wfmoje4hvnm0,3b3eadaa92466a48,1024,0/0
/spttest/la7qy972t7dw,26e09662813498a4,1024,0/0
/spttest/zzid6gz79xju,41bbbfe906ca651a,1024,0/0
/spttest/s5daanq31jqm,336af045b289952e,1024,0/0
/spttest/uqp0tj139se8,38272d410bedef00,1024,0/0
/spttest/p3ph5yuqevwx,2dda8413b7c08b11,1024,0/0
/spttest/arirgutiyge9,13a99f75e0454d81,1024,0/0
/spttest/o93inlqi5m1m,2c4cea18b3b808da,1024,0/0
/spttest/jbji25wnoaon,234a96c32ad91317,1024,0/0
/spttest/4ez315k3b7yz,810f73b4192401b,1024,0/0
/spttest/dnu0uiadkjc5,18f49246aec8d3e5,1024,0/0
/spttest/iclwk27iav8o,2184d4b5b93eaaa8,1024,0/0
/spttest/909anr72cub2,1073e1d87da3526e,1024,0/0
/spttest/4n5gfxa669s9,87b2de714837509,1024,0/0
/spttest/wtj2vertzgjg,3bf33a90a8aa677c,1024,0/0
/spttest/1mxvwux5iv2g,2fd9aec6fcb96c8,1024,0/0
/spttest/bx8og8gtjeut,15c788d1af83cef5,1024,0/0
/spttest/8av66zwi2mg0,f2a0dd082fa6020,1024,0/0
/spttest/dw57700qabi5,196084aa6a7072bd,1024,0/0
/spttest/77ulonyrk12x,d2f442e08097579,1024,0/0
/spttest/3b0znr3cepft,60a150bd57f6049,1024,0/0
/spttest/q0j9e3vhqbi3,2f84eb64bc59f9bb,1024,0/0
/spttest/qhnjw1pgc69c,3063492ad5e2ceb0,1024,0/0
/spttest/2ofds9rdkxz2,4e4858a341af1fe,1024,0/0
/spttest/910686f1kpss,107d946a347a5c9c,1024,0/0
/spttest/6zxx3g7uq73s,cc88c82108ec078,1024,0/0
/spttest/a28gik4l5ujn,12612c41ece6aee3,1024,0/0
/spttest/ytbicw3zqdwh,3f97b9d61f1eb7e1,1024,0/0
/spttest/7u2gg4bxi4z5,e4fdd55f9d7f6b1,1024,0/0
/spttest/aya00zd0a324,140162e77208b1fc,1024,0/0
/spttest/vourtlj5z7mm,39e2e31af23ff25e,1024,0/0
/spttest/7yh1ex4azvoe,e89155067d1f51e,1024,0/0
/spttest/ahax4tyy35fh,1324e67c276a383d,1024,0/0
/spttest/cdym4i5qb8ca,16a0b8888ebdacfa,1024,0/0
/spttest/w8rivsnla099,3ae5803320b390cd,1024,0/0
/spttest/68q78w9zqaaz,b670dad29467dab,1024,0/0
/spttest/9ddptpr7bg53,111e5691531da977,1024,0/0
/spttest/8i573kvtpe71,f88989dc3d62d1d,1024,0/0
/spttest/hxjrhsbt27ka,20c13821a30cdbca,1024,0/0
/spttest/mx6w3j2obhv1,29dea55e52f57f2d,1024,0/0
/spttest/epva6mx0mljx,1ae29e5b48961a9d,1024,0/0
/spttest/u00u9bdflouq,36ccbae7ee8e2412,1024,0/0
/spttest/u0whvi8ooa96,36d826ea86f761ea,1024,0/0
/spttest/9gdv18hppkcq,11455bb3e9a1904a,1024,0/0
/spttest/npvagjnwyfos,2b53263e4f798fec,1024,0/0
/spttest/bcudypcjvpju,14be979f2c6f461a,1024,0/0
/spttest/kdeffwc0d1r1,253659f559c7ba1d,1024,0/0
/spttest/fasnmn2ae39v,1bf2722396aa8a13,1024,0/0
/spttest/cfdhaew8t0b7,16b312e7f26c8ed3,1024,0/0
/spttest/p6hm0f0ji4y4,2dfea555a5bfcc8c,1024,0/0
/spttest/9j01w85yeoer,116757ebcae88913,1024,0/0
/spttest/6m3op0swfvef,c14c79196419cb7,1024,0/0
/spttest/yob771dj9x76,3f56aae973ee2752,1024,0/0
/spttest/p21ay40kzq4x,2dc4ce071ea8c311,1024,0/0
/spttest/fhavw75upboz,1c46f583e9308973,1024,0/0
/spttest/2asv4nqgoxc7,433893beaf2e6c7,1024,0/0
/spttest/cxw6lchcetuj,17a3a11451c8fe9b,1024,0/0
/spttest/7ukjfoo5yw33,e5663a16c4a9bef,1024,0/0
/spttest/krjdbxs0mxq2,25edfbfae3d1143a,1024,0/0
/spttest/iqm16kupcaqn,223aba2c0f44725f,1024,0/0
/spttest/fcybt0eqqq4b,1c0e7886cd6298bb,1024,0/0
/spttest/y4i6gjuitj2n,3e5566779de1bfcf,1024,0/0
/spttest/2ul29di54c21,53481b824bcd309,1024,0/0
/spttest/9eup0tnmd89p,113174067e77cd1d,1024,0/0
/spttest/qd5h2dc5o1b2,3028ce43ed96419e,1024,0/0
/spttest/wfrzg3b1qynz,3b40977ef3920eff,1024,0/0
/spttest/biksk5chr123,150910edd8eaef1b,1024,0/0
/spttest/hygw8wq79smg,20cd2c7ac6030828,1024,0/0
/spttest/w49iw8rz43ur,3aab0c938ba9bb83,1024,0/0
/spttest/kiwp7a4klebr,257de3ea03fdbfc7,1024,0/0
/spttest/jrmx2jipo9kk,241ba67d0e453774,1024,0/0
/spttest/7uvnpupfmt7j,e5a66ab4595d05f,1024,0/0
/spttest/jcif58t6khy0,2357302c4e53b1d8,1024,0/0
/spttest/l04cr9imrcp9,265d784b232b270d,1024,0/0
/spttest/55xxrctzka77,96f4344880e87a3,1024,0/0
/spttest/x1b83ut8oiqp,3c584f1a9445b0e1,1024,0/0
/spttest/q34zssknn0ic,2fa6bd65abca6954,1024,0/0
/spttest/6llwdire6a7z,c0e5ca59b56f33f,1024,0/0
/spttest/amyehnap8quo,136e51c515b40af0,1024,0/0
/spttest/lh773zutx7c8,273b50467ceb0868,1024,0/0
/spttest/pvu2yystrlkk,2f47e0afcab372f4,1024,0/0
/spttest/ol1fj87il4pg,2ce8086e79d11914,1024,0/0
/spttest/c5w9ujfyv260,1637f63e56dfcab8,1024,0/0
/spttest/f5nzzhu9x84q,1bafd1b8425f586a,1024,0/0
/spttest/drb8r5tpzvfk,1921c0981dcee6e0,1024,0/0
/spttest/s3lyf1p574b1,33541698a82a0a8d,1024,0/0
/spttest/r9qiniicu3gg,31d00e495a196100,1024,0/0
/spttest/bh5z91z2gii1,14f6bb518c59bfa9,1024,0/0
/spttest/tbg2mia1b0x8,358d7e7a5466826c,1024,0/0
/spttest/nu2ewurdi3nv,2b89ad46024b3c0b,1024,0/0
/spttest/j30leb2xt4gp,22dbda465839f4d9,1024,0/0
/spttest/3i4eig00kbk1,6663d0e779df781,1024,0/0
/spttest/sybfdz3o0mwa,34e2f50bd41ae7ea,1024,0/0
/spttest/hdt6drdme66a,1fc0d482c23230c2,1024,0/0
/spttest/hrmsyjrt1hah,20746174ca0e46c9,1024,0/0
/spttest/segad1hfnppc,33e0ecdb7a8884e0,1024,0/0
/spttest/smz436rsnwai,344fa1cf92930b3a,1024,0/0
/spttest/ms5jmx52v1a9,299d36be4dd01e41,1024,0/0
/spttest/eub37pm8mhme,1b1c4764399272b6,1024,0/0
/spttest/qbdj0wt0onvh,3011bbb9b34f22dd,1024,0/0
/spttest/t7k1aohkxi46,355af783e0b651f6,1024,0/0
/spttest/lbs4dfirqo5t,26f4ed717305afd1,1024,0/0
/spttest/2zcdic5zc4jd,572518d1bd118f9,1024,0/0
/spttest/unsh6qsb9pos,3801749543d8e54c,1024,0/0
/spttest/4gng72bjk31,39f7160fd18f6d,1024,0/0
/spttest/rntwjzwiupbb,328720a7e3399da7,1024,0/0
/spttest/10ecvp20kxx,d22188179a005,1024,0/0
/spttest/qumhkbah0gbk,310bc32b311a1ba0,1024,0/0
/spttest/a8lqs4hs2yyl,12b3e6ecb6eddd7d,1024,0/0
/spttest/xnck79j57cdj,3d768e270a3edb67,1024,0/0
/spttest/h2500jd0olp4,1f293983062e07d8,1024,0/0
/spttest/jsq2sadk10vk,2429c7838b4b42b0,1024,0/0
/spttest/obgnxjwcwugz,2c6ba2ef633ade43,1024,0/0
/spttest/m0rpc0jmeftx,2839824612c849a5,1024,0/0
/spttest/ox2lfme4erd8,2d845304ac041e0c,1024,0/0
/spttest/za44ynvvtmww,4071e240fb8c6440,1024,0/0
/spttest/ipuz9wzh8rwk,2230f755f8bb9c44,1024,0/0
/spttest/q4buqf42yziv,2fb6343bc4652a57,1024,0/0
/spttest/jsdd7gbabcas,2425317722532904,1024,0/0
/spttest/ct8f45od6osa,17671914e3c49ffa,1024,0/0
/spttest/m72kewgp63ca,288b5d3dd884cf6a,1024,0/0
/spttest/vzwquou9dr26,3a727b2d850eab3e,1024,0/0
/spttest/eegkmqwv2owf,1a4e6dd0a4a6098f,1024,0/0
/spttest/dal2n9ucm16r,18487b3d8967c383,1024,0/0
/spttest/xud7v9wifz1x,3dd1b7ac85898135,1024,0/0
/spttest/5s4ataccexza,a8f529e373bbf86,1024,0/0
/spttest/rgwc4huyedf9,322d148afe05e575,1024,0/0
/spttest/hwmizvos8rzh,20b53a2d47c2ebad,1024,0/0
/spttest/mx5x90rhx0sd,29de4bf5168fbf3d,1024,0/0
/spttest/svrsr0iqozwz,34c1e573d2d46dd3,1024,0/0
/spttest/qtqkyloav8x8,31004019c5d2b8ec,1024,0/0
/spttest/kgrr4221dblu,2562207612f68502,1024,0/0
/spttest/oeqxbi1puclm,2c964e795315d84a,1024,0/0
/spttest/9p5uh6bmy7sl,11b75ea33f4fddf5,1024,0/0
/spttest/lmko5wtgyk9a,27811f19dbf87f0e,1024,0/0
/spttest/psvqkdzoosvo,2f2181d316a3fc34,1024,0/0
/spttest/zu57xv9iow41,41760f65ba32fe91,1024,0/0
/spttest/qbj3f3nciwgm,3013bde4c607acd6,1024,0/0
/spttest/1cuowz9pr2us,27a8f4cb73af434,1024,0/0
/spttest/amj3nwngd5qu,1368cc77ffb0ea56,1024,0/0
/spttest/1ps538ie608b,3228007e9e2dcab,1024,0/0
/spttest/lngm405l7bmb,278ca59e05239f93,1024,0/0
/spttest/y0qkysywagbk,3e24799bb36b9920,1024,0/0
/spttest/pz813f1nk3oy,2f73e0cc46941ab2,1024,0/0
/spttest/cvm00ri6t363,1785fa0595bcb34b,1024,0/0
/spttest/jupl3y3xk8kp,244394ac959ff569,1024,0/0
/spttest/7footb8rezr9,d950c0d7f1eb785,1024,0/0
/spttest/9khbsllrzrrh,117a90d65827364d,1024,0/0
/spttest/7kdic2qqcvq6,dd1f5a99ca74d9e,1024,0/0
/spttest/rxn2zjnfqev1,33068f25f696e8bd,1024,0/0
/spttest/tzdwx4dj4o9i,36c47543bfcb1ad6,1024,0/0
/spttest/scmiifj3brea,33c93176ba0bde72,1024,0/0
/spttest/9us6v7brjly6,120060cfd7202cde,1024,0/0
/spttest/5fh61szpsa89,9eb1ad88a9747c9,1024,0/0
/spttest/wmv7o4beaxj3,3b9cae7f0668e23f,1024,0/0
/spttest/gtbsigf6ywz0,1eb6c5879ccbbd6c,1024,0/0
/spttest/1yoy1z67d0zq,396402fbebbf546,1024,0/0
/spttest/5r7on05ficv1,a838df06f8e749d,1024,0/0
/spttest/4jpj5x29wmaa,84e77398bb279d2,1024,0/0
/spttest/dg0r83pdq6v0,188f161c6dc4063c,1024,0/0
/spttest/pjitz6ibx9rb,2ea7f27a7c4342a7,1024,0/0
/spttest/mnwzb7ji11r3,29662a9ec2616d1f,1024,0/0
/spttest/xrlimrnipr5h,3dadbe778c7a93b5,1024,0/0
/spttest/veuek96coxhb,3960dc84505fb37f,1024,0/0
/spttest/u9hg5xjh36gx,3747a05082ac7081,1024,0/0
/spttest/d1viavzyvd5y,17d757c838b19266,1024,0/0
/spttest/23h3u6ewh8zt,3d45e5cf3123fc9,1024,0/0
/spttest/63v40k4bft9m,b27e0f13f8cfcea,1024,0/0
/spttest/1rywdzet912v,33eeacbc5a312b7,1024,0/0
/spttest/10o28fajpubi,1dc4bcfe749b0be,1024,0/0
/spttest/utjelqyadt18,384c1e2e6ac0c63c,1024,0/0
/spttest/36z42k8az027,5d57299f8a8150f,1024,0/0
/spttest/kkp5iy4fd6je,2595255d9dfe015a,1024,0/0
/spttest/namczgt4tn6h,2a8d168eefd7f299,1024,0/0
/spttest/6wim0633jko7,c9c0ec1b9431e67,1024,0/0
/spttest/hlhnrqchwwot,202496c282ae2e7d,1024,0/0
/spttest/xndchigq88nh,3d76d6b9910bd7cd,1024,0/0
/spttest/6q5mbfe29qw5,c496f3b4ad7da65,1024,0/0
/spttest/csscpsj3nw25,17614d08c92e110d,1024,0/0
/spttest/p6ofnm40pwvg,2e011b9ae5af22ac,1024,0/0
/spttest/telzzmun0fql,35b699b21b321ead,1024,0/0
/spttest/x7ln5ftq51er,3caa00ed2026b463,1024,0/0
/spttest/rc2a6ufkt12c,31ee47812e103aa4,1024,0/0
/spttest/iwvnfp5njt0s,228c221fb7c214ac,1024,0/0
/spttest/t276wnlc363b,351562d6e7b9b197,1024,0/0
/spttest/ni0fnfpnwi1x,2aed1759cc574e65,1024,0/0
/spttest/jdee420stv6l,2362b94e6befff1d,1024,0/0
/spttest/gdl63v527irp,1dea539e064580c5,1024,0/0
/spttest/r83ebw3dh6xs,31bab977fdd21660,1024,0/0
/spttest/bg8xv14uz062,14eacf99ee6e299a,1024,0/0
/spttest/jhejbrptxohr,2396bbb64267ab3f,1024,0/0
/spttest/dnzbpweg7mv,b18371ddeb28a7,1024,0/0
/spttest/up7wzyazcsln,381403ee958366cb,1024,0/0
/spttest/e22ok15rg4qz,19ad8ba601e0bb0b,1024,0/0
/spttest/1dtey9utj6qb,287169f5f022dd3,1024,0/0
/spttest/uusif48zodbs,385c648af44b7c78,1024,0/0
/spttest/vasghodtgqys,392c33b388d93d84,1024,0/0
/spttest/20jh4qmrcyru,3ae416ff464ee0a,1024,0/0
/spttest/stgqiyjihbm4,34a3ed2ec1fe730c,1024,0/0
/spttest/ud4gv8e4ne7k,3776e65b87be63b0,1024,0/0
/spttest/x2g1d8rxte3m,3c6708e90dd4b9a2,1024,0/0
/spttest/t429abbiqpfh,352d959de67a913d,1024,0/0
/spttest/90t4nk34d9zw,107b09cd3e7ce3dc,1024,0/0
/spttest/ab92ea26h4q2,12d64bb5d86f602a,1024,0/0
/spttest/5kkhnjj0jszu,a2d4001d24f358a,1024,0/0
/spttest/j0cdxju8nawh,22b923c4cb8e46f1,1024,0/0
/spttest/4as9vnnsp74g,7da8d320fb17850,1024,0/0
/spttest/3bkff4nnzoxp,611187b155c9bfd,1024,0/0
/spttest/hhup2dqjw4n4,1ff555d84803ca80,1024,0/0
/spttest/bdhiq2v3ek5o,14c6f04e3aa7bc8c,1024,0/0
/spttest/zuu14gnayb8j,417f031ce7807363,1024,0/0
/spttest/ruzhflw15aol,32e410dcdf00f655,1024,0/0
/spttest/71hxiv6f5tsh,cdcc23a747cdd11,1024,0/0
/spttest/79v1vy63stu3,d496843d238210b,1024,0/0
/spttest/kwdva2z1dhdg,262cf21b29274634,1024,0/0
/spttest/b32tqxvpw5w3,143fbe7feb1a0ad3,1024,0/0
/spttest/ra3glkr5uk3u,31d4b9cdd3e9b24a,1024,0/0
/spttest/q4q3jy1ep56j,2fbb5804fd1d387b,1024,0/0
/spttest/ixjijaalsbup,2294be6371fc2801,1024,0/0
/spttest/q2hyp1m0mi5,1529f80ac34fbed,1024,0/0
/spttest/naptbh951ku0,2a8e55925f6ed8b8,1024,0/0
/spttest/enxkiwwk3zrm,1ac9771ccb826bd2,1024,0/0
/spttest/bacpt02wnrtt,149e3cdcec1094a1,1024,0/0
/spttest/xnblmiywa96g,3d76357013ded4f8,1024,0/0
/spttest/n09g342j8zku,2a0689293ecda11e,1024,0/0
/spttest/e9fx55hxy1ab,1a0d3f43a94a7003,1024,0/0
/spttest/1j3frwaf8obn,2cba6b32d8ec423,1024,0/0
/spttest/hhbrn720wgya,1fee81769a3495d2,1024,0/0
/spttest/j3gvbunyv9hq,22e1b9a64361ffce,1024,0/0
/spttest/rw3b2tmz78od,32f26f495d2892ad,1024,0/0
/spttest/jzm95r7rgepy,248353314bc91586,1024,0/0
/spttest/kyci3v0eqi6c,26466e73e5995c84,1024,0/0
/spttest/nlelg36w30ei,2b192b25ba544cca,1024,0/0
/spttest/w1maql2wv7uq,3a88b0a9ec707182,1024,0/0
/spttest/mwfxxsj9sz4v,29d4ec2608fe75df,1024,0/0
/spttest/4wk7iqyimrxt,8f567d89a0670f1,1024,0/0
/spttest/rmy4lgqmiokd,327ba980c00e0add,1024,0/0
/spttest/jwdfhk88no91,24592c5825c58285,1024,0/0
/spttest/djzx1ppkkrrs,18c2bdb5876d3198,1024,0/0
/spttest/45g2udcz3uwq,7953470da94c23a,1024,0/0
/spttest/9j1yo13b1dav,1168086042b5e097,1024,0/0
/spttest/ssq234d2e3qs,349a4ce69398a074,1024,0/0
/spttest/oiv1y5o5ltt6,2ccbc0da090bdf2a,1024,0/0
/spttest/7btmjcccp8fy,d62df066012b2fe,1024,0/0
/spttest/u94ptspt6n84,374308520411fc14,1024,0/0
/spttest/xbrgo5mkywn0,3ce00f893fc0d5bc,1024,0/0
/spttest/a9wnao5i77ef,12c4d34a6dd6a737,1024,0/0
/spttest/9p94yxs38re6,11b88eaa8e7a9fae,1024,0/0
/spttest/sbyh1cpt8ccf,33c084d7cda3317f,1024,0/0
/spttest/w479ha99nzsp,3aaa3bae812561f9,1024,0/0
/spttest/2y30p7ewtsaf,561f41d55b7fc77,1024,0/0
/spttest/brs0i1jdo8dh,158093318c982965,1024,0/0
/spttest/3retlqmtu2xf,6dee6c569ae9f53,1024,0/0
/spttest/vdgky8s7mzvl,394ee27f180eb621,1024,0/0
/spttest/fkraps9j6z9w,1c73d934fd4baf14,1024,0/0
/spttest/78gq4zb7lz5u,d373fb5041a4842,1024,0/0
/spttest/n16f651ubx9g,2a126ef68d0bcf24,1024,0/0
/spttest/myujaeoglql,12a568440a3420d,1024,0/0
/spttest/2vd8erjrksjf,53eabcf18d7247b,1024,0/0
/spttest/sq7d614ed6ls,347993d257b850b0,1024,0/0
/spttest/9feuomdyz04l,1138b9ea4f620165,1024,0/0
/spttest/ba6co5p52q0g,149bf0f3fd716930,1024,0/0
/spttest/e0qkp6kfhbj9,199c3013a60c33a5,1024,0/0
/spttest/lai9nh5qb0sm,26e4620c840036c6,1024,0/0
/spttest/dlh8gcz2lxjt,18d5fa7e523c0b19,1024,0/0
/spttest/8vuzd5wnpypj,103ac2af52c402f7,1024,0/0
/spttest/dlq838iry3rm,18d938df4d7f0a92,1024,0/0
/spttest/qegu1mflwk6d,3039e4dfeac89f25,1024,0/0
/spttest/cwc25c0fpduk,178f610daa10815c,1024,0/0
/spttest/auxnaoisg2xb,13d5f60d112b96cf,1024,0/0
/spttest/5zyebxfbl2zk,af51b7d052c5960,1024,0/0
/spttest/qb42byewmjq6,300e51947de8055e,1024,0/0
/spttest/nc0evxosurrg,2a9f25d9b1fbb40c,1024,0/0
/spttest/rxjb9jpjovnb,330532ea18581d37,1024,0/0
/spttest/sipkqpk4s9xy,34183bd49a828556,1024,0/0
/spttest/d50cvx9hbohm,18000f7f7e5295ba,1024,0/0
/spttest/t3t50gv4gp3l,352a4b5675e64311,1024,0/0
/spttest/fn3s43san9z2,1c9254c73f68fc3e,1024,0/0
/spttest/xao3m6p0h19n,3cd1dbadd5bd04ab,1024,0/0
/spttest/hlbdvbxpnhbq,2022532629090476,1024,0/0
/spttest/5s72ifry5uty,a90526c5a0b4956,1024,0/0
/spttest/txcyug7s5mc6,36aa2352faaa9856,1024,0/0
/spttest/nbr4zvqs0xze,2a9bcd28da48a00a,1024,0/0
/spttest/tfuj7m1b72ot,35c6ab378473b85d,1024,0/0
/spttest/gqislm6nf4it,1e92548ffde2b3a5,1024,0/0
/spttest/umjnmh4rt7by,37f14887315fe55e,1024,0/0
/spttest/baffp6i3am8x,149f380998ad9a21,1024,0/0
/spttest/7hinndwzdsza,dacd95e5cb9e6f6,1024,0/0
/spttest/z2uzkc7doot6,4013a84aede5fc9a,1024,0/0
/spttest/isarq2whsjb0,2250a45df0b021bc,1024,0/0
/spttest/tn9qpqnx3jhh,362714ca47dee265,1024,0/0
/spttest/u4efpp8kz53b,370597c4f2d28887,1024,0/0
/spttest/d18eko2vkjqv,17cf01bf16a2e7f7,1024,0/0
/spttest/j4ly3p9j3j0b,22f08bdd283289fb,1024,0/0
/spttest/yeajj190ppvl,3ed4899eed5ae341,1024,0/0
/spttest/sftginhsqfx2,33f2aab224044316,1024,0/0
/spttest/itv1455oezxz,2264f11536984977,1024,0/0
/spttest/71qyfgmu78tw,ce003dd9e60de74,1024,0/0
/spttest/1bz7o6z5cjm4,26f33a3bea0df4c,1024,0/0
/spttest/cww3mz3frzm3,17969c3dc7dff80b,1024,0/0
/spttest/nsj9kxpngth9,2b75c7577fe6843d,1024,0/0
/spttest/lrwwtogf6gkj,27c67c0618d60863,1024,0/0
/spttest/m9no8czd9fqt,28acf548fac310f5,1024,0/0
/spttest/jjoqa6rq0ek0,23b463c16dfccfb0,1024,0/0
/spttest/gexveat0dgfp,1dfbe62e678f4875,1024,0/0
/spttest/6qbvncwuujwh,c4bb1622be29e41,1024,0/0
/spttest/dywe5dlzdbh9,19844ef76fb3025d,1024,0/0
/spttest/i02xxx3r487r,20e21e2f9bf73997,1024,0/0
/spttest/5la129knhcwi,a367703301bb292,1024,0/0
/spttest/t71d2h1doytk,35543ab918872748,1024,0/0
/spttest/7fosuo7gtf4s,d951669ad0a7ddc,1024,0/0
/spttest/1sbghkhrolkj,34372c94055e233,1024,0/0
/spttest/1ptjap81qfbn,32300da250fa113,1024,0/0
/spttest/hl5gezk9ru0a,20202f78dca9f9aa,1024,0/0
/spttest/x4dk1d5sztmq,3c801e38f0e660c2,1024,0/0
/spttest/eh88u3v4qcc,bc1102a98fa95c,1024,0/0
/spttest/pg2rxgj7q0rm,2e7b2f8fe73a5962,1024,0/0
/spttest/lvz790qh73ru,27fb4489d820a7da,1024,0/0
/spttest/kdtaggsq8yw7,253bb6b191cdaca7,1024,0/0
/spttest/x30qhkbv2ci1,3c6e80ba507ab6c9,1024,0/0
/spttest/k5mrmuwakdjg,24d17222cf23ab8c,1024,0/0
/spttest/njnmtrrja6a4,2b02737d33536d4c,1024,0/0
/spttest/kxu87v8cdsfa,263fd673b8992d26,1024,0/0
/spttest/85l9es2e3sem,ee58819b639088e,1024,0/0
/spttest/ps6486sdfifb,2f18434d3d8a8807,1024,0/0
/spttest/x44tjqsf9qcn,3c7cf74f67c4aca7,1024,0/0
/spttest/orvizg86d8g4,2d40d3df6e6a1204,1024,0/0
/spttest/r71726jc5izo,31acf0d2ae038764,1024,0/0
/spttest/mwcfwaw25hg0,29d3a8c0e6c94990,1024,0/0
/spttest/3d42yoogee4o,6252d241733af08,1024,0/0
/spttest/or89ngskki9p,2d386f74fdfadd7d,1024,0/0
/spttest/agil8hngstt3,131aada53d9261e7,1024,0/0
/spttest/t84mdjwwavum,356264f75aedcfbe,1024,0/0
/spttest/jh4iqqbpse9y,23931e87b2261c46,1024,0/0
/spttest/w716nbe1bhua,3acf01f993de3812,1024,0/0
/spttest/dd2h3w96dh51,1868bd1ea238e205,1024,0/0
/spttest/8vp7x3doxlh,735a2dab18a915,1024,0/0
/spttest/e1gught4zo5u,19a5aab091068d12,1024,0/0
/spttest/enhp4opopcib,1ac3bd0916a2a793,1024,0/0
/spttest/ax0wqnkycgrb,13f11de657f201d7,1024,0/0
/spttest/55wf0woaaoua,96eb6d48d484642,1024,0/0
/spttest/39mu5lbqihx4,5f7fc82c8562138,1024,0/0
/spttest/qoo5o0kzqxhs,30be6dd6dc23ff10,1024,0/0
/spttest/o7r45u87xbp1,2c3b733bd99b6075,1024,0/0
/spttest/eganq6jdwfl,bbbad5c49a1071,1024,0/0
/spttest/n5x9kuf8qkws,2a501395fcad705c,1024,0/0
/spttest/mxx3pp866od1,29e81a7bc0c776d5,1024,0/0
/spttest/36fbsym6cgwd,5ce4f1421a2de8d,1024,0/0
/spttest/8iq6vf04p62f,f902bc47de21ef7,1024,0/0
/spttest/3s13e5qk06ev,6e6effd73ff2c77,1024,0/0
/spttest/5cvgkn4q14eg,9c94b3b41f92688,1024,0/0
/spttest/o34ubpvkbdis,2bff74dde055d934,1024,0/0
/spttest/s7ek21j55cf4,338560329bf5af20,1024,0/0
/spttest/vhtzebyn9vlx,3987ad60cf027745,1024,0/0
/spttest/xcvhrjljqzwh,3cee8112b5f58f41,1024,0/0
/spttest/lbuonl0sb6y8,26f5da380cb9a3f0,1024,0/0
/spttest/5w6xfhnrkb2z,ac43a6941d5fc1b,1024,0/0
/spttest/vas1ovv5gkcx,392c0dba6ecfbc11,1024,0/0
/spttest/l7a223o0cgm0,26ba73d94e1bef18,1024,0/0
/spttest/vivce58i3sqc,3995285852cff634,1024,0/0
/spttest/f0649vultgxs,1b686bcfb3dd9800,1024,0/0
/spttest/5bxc08j3hg5b,9bcfafe666bfaff,1024,0/0
/spttest/r2lh2as8fnjz,31734f92071a3cff,1024,0/0
/spttest/8qm4km7j1uq3,ff69e7276a720cb,1024,0/0
/spttest/ko8jj0n250jb,25c31c0ef70d4ff7,1024,0/0
/spttest/ed6lwu8tyufh,1a3dd829347e0b8d,1024,0/0
/spttest/9hcg7vfhetg0,1151d693da148990,1024,0/0
/spttest/7xh947mkzsa8,e7c2bd2089395f0,1024,0/0
/spttest/umcbtlnme0zo,37eea3ab39571e84,1024,0/0
/spttest/m2fa0f3q3on1,284f010e18e4d57d,1024,0/0
/spttest/olnual03jrnl,2cf01e674ddfc5c1,1024,0/0
/spttest/gosy0h28auni,1e7c039e89cc19ae,1024,0/0
/spttest/3oz6inwkge6b,6bf478074ddafc3,1024,0/0
/spttest/htw8rroywanf,2091c3da6a2d2feb,1024,0/0
/spttest/e6tc11jff53w,19eb1e79a0a2b29c,1024,0/0
/spttest/1o7yhf20gzw7,30e3a75a89391b7,1024,0/0
/spttest/m0d2lidkz2nt,28343ac833744039,1024,0/0
/spttest/hp7p3yq4x4m9,2054f38abc52a1a1,1024,0/0
/spttest/zp4lrigrfinu,4134e436a77e273a,1024,0/0
/spttest/2e0a9sm23cvw,45d2e6f4a1fbdfc,1024,0/0
/spttest/9esb0ruuybi7,1130975d453a34bf,1024,0/0
/spttest/9hwixx685hto,115914ee341a197c,1024,0/0
/spttest/1ztb8yd135eh,3a4d0c4c9975319,1024,0/0
/spttest/both5fo4jeqs,155a2282ea21e564,1024,0/0
/spttest/bqkzpwucua2r,15710d5aae119283,1024,0/0
/spttest/6vwkrx382mi5,c941b806ab4a26d,1024,0/0
/spttest/el7ld4ju5wge,1aa61d2d91e5bd8e,1024,0/0
/spttest/513de6uc4eyp,93046f07e00c8c1,1024,0/0
/spttest/dxsohu9nmcys,1975fac86e4b4624,1024,0/0
/spttest/3emtfmn0u2q8,638ecf1ad804550,1024,0/0
/spttest/dloflmwswoxr,18d893685c9f023f,1024,0/0
/spttest/mdtjd6m32bbi,28e30809499340ce,1024,0/0
/spttest/4u0e39hvumhq,8d446d31b35805e,1024,0/0
/spttest/3es5h0gvkw3y,63ad9ac5f6ade8e,1024,0/0
/spttest/4q6dwyyg3imo,8a27b8f05137910,1024,0/0
/spttest/a5w8femxkefo,1290b81d5476ff14,1024,0/0
/spttest/1f81id6wnor0,2995ae9f9ca250c,1024,0/0
/spttest/deo4di865xxz,187d89ceb6af8117,1024,0/0
/spttest/wd5ud57ygmfk,3b1e9fd797d44390,1024,0/0
/spttest/hz4txiw7n5o5,20d5cf5fdc8ac375,1024,0/0
/spttest/uof4zrxbiacl,3809a1c43ebf83e5,1024,0/0
/spttest/4lrayrqiwy6r,869157062ea9f13,1024,0/0
/spttest/yxiij9joz89l,3fce35e52fdaa899,1024,0/0
/spttest/4lkt698sbubl,866bd9439153a41,1024,0/0
/spttest/bhanw6zz3w0n,14f86c0500f993d7,1024,0/0
/spttest/p944mztlcztr,2e20bfbe1e44b95f,1024,0/0
/spttest/3bmooz8goaoq,611e902e615ac1a,1024,0/0
/spttest/i2yileljjec1,21077d1ac24c5651,1024,0/0
/spttest/h1redlhlay4,dd7408975c9fac,1024,0/0
/spttest/ccs585k97oy5,169165b584a3430d,1024,0/0
/spttest/fbrct4rs1a5m,1bfef7443d8f51aa,1024,0/0
/spttest/i3z3dim2la09,2114afae35a3dfe9,1024,0/0
/spttest/wc959zxlvasx,3b12d3b083581171,1024,0/0
/spttest/jv819dz7qdlp,244a3cbe2b7faa5d,1024,0/0
/spttest/rsh6cqotpzf0,32c37b4b02b5bc8c,1024,0/0
/spttest/gnq94u6rpat9,1e6e0dcae3a3b5fd,1024,0/0
/spttest/o1hp0q8waxsm,2bea1d873945a996,1024,0/0
/spttest/o0l8016wuu5s,2bde661396a4fc30,1024,0/0
/spttest/r6gjq0jcswoh,31a57d93f387cc71,1024,0/0
/spttest/zwgla9ncv7j8,419424334fe98fe4,1024,0/0
/spttest/3cj38p0p0ccc,61d9a1f0c0a877c,1024,0/0
/spttest/ed6651eloz7p,1a3dafb158654545,1024,0/0
/spttest/owh3zn9v037q,2d7c9287393e8346,1024,0/0
/spttest/eanm3qe05ln8,1a1d0324646d54d4,1024,0/0
/spttest/evjmupef697w,1b2c59fb9f5feb2c,1024,0/0
/spttest/l6tixq9ogxpn,26b47ce53c36caab,1024,0/0
/spttest/uf6hyz8wbsz4,37919c70b44e5770,1024,0/0
/spttest/hgedrdmbbjqk,1fe275b03a15cbac,1024,0/0
/spttest/ui04khlip4m5,37b6479cf03fb99d,1024,0/0
/spttest/ilceeev20l9z,21f64e1e9a95e9b7,1024,0/0
/spttest/kevoeve3pdfd,2549907e82725b39,1024,0/0
/spttest/yscorrz0v8bx,3f8b29674cda17ed,1024,0/0
/spttest/wf8qme74o5bl,3b39a5db3ee890f1,1024,0/0
/spttest/5470okfqvulc,9588f9127ffe2a0,1024,0/0
/spttest/uxu3k7eyg9lk,3883eeece2095e98,1024,0/0
/spttest/60a5spc1ysn1,af95a02c496a67d,1024,0/0
/spttest/h43okh2eaga1,1f42ba49dbb496e9,1024,0/0
/spttest/rbckwk8vbwia,31e5016bc9e15852,1024,0/0
/spttest/qoq35tfhn0zn,30bf2025ac3ac1c3,1024,0/0
/spttest/nc30r8zxzque,2aa016b33ce0dfa6,1024,0/0
/spttest/rukmc5a1pw4s,32deb3ebde62c7ec,1024,0/0
/spttest/4jgyb66iccw6,84b5ec5938f1646,1024,0/0
/spttest/hu2t9yecl666,209422acabacf67e,1024,0/0
/spttest/karm3wm26zvc,25142414c6011518,1024,0/0
/spttest/hx912yle02o2,20bd58ae9107ef82,1024,0/0
/spttest/iixaqdxmqbrc,21d6e0ac384a0808,1024,0/0
/spttest/q16mwewc3hb9,2f8d5a85e2c36665,1024,0/0
/spttest/rfmz70lhi79k,321cb6cbe52eda48,1024,0/0
/spttest/f4dfydvshnre,1b9f0562c46f5a8a,1024,0/0
/spttest/sluk5i8l1psl,3440ffee4152edd5,1024,0/0
/spttest/8ctjjeyshjkj,f4371d4edfc8153,1024,0/0
/spttest/l1jus0xyr3mz,26700d4ff252d12b,1024,0/0
/spttest/tdht7hqgl1zt,35a81990c9f28559,1024,0/0
/spttest/w8fqe6tkov5d,3ae13f0d5f6ebbb1,1024,0/0
/spttest/p9id5lsrrex6,2e25e2c02f59ff4a,1024,0/0
/spttest/b0ogyh73v4th,1420960345021925,1024,0/0
/spttest/ovpdnbune1mr,2d7290ff55651ec3,1024,0/0
/spttest/eua8vxvvbs20,1b1bf9943e378dc8,1024,0/0
/spttest/vxlqkxtbpvio,3a5487eb320cfad0,1024,0/0
/spttest/7lb5t1nkc8t8,dde1a097cbb579c,1024,0/0
/spttest/5jhpm7ervqpu,a1f4213a0bf7c02,1024,0/0
/spttest/qwc0biw6psib,3121f5c1492c8293,1024,0/0
/spttest/dz0m9ggwkaa1,1985d541acb41109,1024,0/0
/spttest/ap1f8hext0nz,1389634cfd7c719f,1024,0/0
/spttest/jztnp23jao3t,2485ff1123cbd789,1024,0/0
/spttest/9l7i1futdqm4,1184026fb53e6cfc,1024,0/0
/spttest/j3pn2l4qrfw8,22e4e3c6eccc4338,1024,0/0
/spttest/3ghwg4qj3h5r,651215977c2549f,1024,0/0
/spttest/72m943fsfk3f,ceb4eb1d9df7b7b,1024,0/0
/spttest/307yvz8o7qtv,57db7d206a8ab93,1024,0/0
/spttest/tlvo80buv8wg,361503fb92b228d0,1024,0/0
/spttest/i0zpvtctq5m1,20edf1a9678d1be9,1024,0/0
/spttest/4etbytqglrag,80ee3f2b8468568,1024,0/0
/spttest/4nizhm8rs2d0,8800f8f76a5b5f4,1024,0/0
/spttest/att58ydyznpo,13c75903a35638cc,1024,0/0
/spttest/p1rkwyh9f8v7,2dc14bebc68e87a3,1024,0/0
/spttest/dvyj62wzkujo,195e1ccfd662faa4,1024,0/0
/spttest/s3ltds6b865m,335409ad616f942a,1024,0/0
/spttest/lqtii06vysa9,27b844e8caf99ab1,1024,0/0
/spttest/94xpqfbybmne,10b0a6633356256a,1024,0/0
/spttest/9pd7lftiz9y6,11ba06dfdd43331e,1024,0/0
/spttest/oeytt72iifrt,2c99286afa7b6a59,1024,0/0
/spttest/xqjohfe2zns9,3da0177ce359cd29,1024,0/0
/spttest/7o8z4m9fjosv,e0447ef6025974f,1024,0/0
/spttest/rosapdq9o5gc,3293897b13ce929c,1024,0/0
/spttest/xfj5tanxk0dj,3d1105c283059be7,1024,0/0
/spttest/pjl7d5inht0n,2ea8cd90e4693c27,1024,0/0
/spttest/c5568g0eo3s1,162e2f0761e4f721,1024,0/0
/spttest/jcs7wkqf9j0u,235ab946f4281f8e,1024,0/0
/spttest/5q5w52sosska,a75eb31d1eee79a,1024,0/0
/spttest/bsldf8stythl,158b2b0741a936c9,1024,0/0
/spttest/jc6rssu93d25,2352fc38f47005dd,1024,0/0
/spttest/e5y15gkvud0b,19dfd3269c662c5b,1024,0/0
/spttest/h7y4lvclf26e,1f74ae42113ecdc6,1024,0/0
/spttest/90abx8fk09wp,107441748c222229,1024,0/0
/spttest/pvq0uinfnw5d,2f4669c3dcc8cd81,1024,0/0
/spttest/j8bwdcjx8xtm,2320e0c3adf84a3a,1024,0/0
/spttest/qeq4u8q2fkzx,303d3fe2ee03020d,1024,0/0
/spttest/5pmstbwbd7hp,a6f07a9d4dec22d,1024,0/0
/spttest/5i1brvt47x5f,a0c5b6967d36b93,1024,0/0
/spttest/bl5zm1t13uyr,152ab1458c208483,1024,0/0
/spttest/f8qbkzk9annr,1bd79ffb5b323f47,1024,0/0
/spttest/83icnp9agtqo,eca80d0c3e05890,1024,0/0
/spttest/d9jxlrxgpqrf,183b14ae03da77bb,1024,0/0
/spttest/922mwq6crpkn,108b7535d454be37,1024,0/0
/spttest/nfxahncq0x71,2ad1fa7dbca5620d,1024,0/0
/spttest/rx6bx4sm02hz,330083ceeb3352a7,1024,0/0
/spttest/dofb02arvi71,18fc401021f9f0dd,1024,0/0
/spttest/4sbkrd82e1xk,8be55797596f348,1024,0/0
/spttest/i9vnsve6pmdg,2161622871d5eb84,1024,0/0
/spttest/iy0cqkd374l2,229ad1c5d05809f6,1024,0/0
/spttest/3bikhfw5jlbm,6106cbceee2c7b2,1024,0/0
/spttest/syn117qjfusy,34e724a27b5b94b2,1024,0/0
/spttest/azhsqkzwn22g,14113067b518b638,1024,0/0
/spttest/ohatkjnmdmh,13dfc2fe2601179,1024,0/0
/spttest/u6ubdsdr7jus,37254d0fffa5af44,1024,0/0
/spttest/wmueezeth1jf,3b9c636ff1d5070b,1024,0/0
/spttest/2htzlzau2im5,48edde5a5ee80bd,1024,0/0
/spttest/qfjak7is5laq,3047c53ebded8f12,1024,0/0
/spttest/9j21g85yvhe5,11680f8467587fcd,1024,0/0
/spttest/6khhvsbfm90,5553cc51752964,1024,0/0
/spttest/f8phyzoqfc87,1bd75401a1dd55a7,1024,0/0
/spttest/kpnqnc1dyb1u,25d5951b6252bd72,1024,0/0
/spttest/aboekwp965zp,12dbd47eef6210d5,1024,0/0
/spttest/6de2g3brg35e,ba39f399f4faaf2,1024,0/0
/spttest/kkuknazlkxaz,25971a011547e69b,1024,0/0
/spttest/ygat9r0wsih0,3eee9d2163845c84,1024,0/0
/spttest/z2b68xa02cj1,400c8213259123ed,1024,0/0
/spttest/u2g3n4e5mext,36ec3704e59c1221,1024,0/0
/spttest/6zobpz13xj6n,cc5165a12add65f,1024,0/0
/spttest/tu7w7fdsb8nq,368156f0b531a096,1024,0/0
/spttest/s0a3ugupz9ym,3328d855d0e08e2e,1024,0/0
/spttest/hlnzstrswar2,2026dfd633d6b66e,1024,0/0
/spttest/k7m59nm6ql3v,24eb3342dfbe7b5b,1024,0/0
/spttest/g5csbqhy52re,1d7f6341ebc0433a,1024,0/0
/spttest/ia21ma7m0t43,2163afd1a0a80563,1024,0/0
/spttest/obc2pthui9bd,2c69fb078c8dd1a9,1024,0/0
/spttest/a3od7e1qh8e5,1273e6e9aa24e2bd,1024,0/0
/spttest/we8ctakt4t6r,3b2c852ba2af59c3,1024,0/0
/spttest/v9s8h3c6gw6a,391f21e06b2cece2,1024,0/0
/spttest/vsm746qc8b57,3a13c00f38407e6b,1024,0/0
/spttest/vho8rqfbu8md,39859b37474f6e25,1024,0/0
/spttest/b8anjw813tcy,148383d516d13862,1024,0/0
/spttest/re4nbnctvxpg,32091c73bcfbd964,1024,0/0
/spttest/vnr58cbt0sid,39d496c817b49955,1024,0/0
/spttest/a0vrdo97bcjm,124f9a16ce14ff42,1024,0/0
/spttest/d8txpq267qsj,1831b36307257163,1024,0/0
/spttest/tr5y9k582sgi,3659abb795d7b892,1024,0/0
/spttest/qyytgdcg62ii,31442b1f793ae23a,1024,0/0
/spttest/4kfpb2hgnc4a,857e88f96af711a,1024,0/0
/spttest/vwk5cbhioduy,3a46f7cc4399422a,1024,0/0
/spttest/gpzvd6qx162,d9355a0b56462a,1024,0/0
/spttest/jbsjy6devh9j,234ddaec88896b27,1024,0/0
/spttest/9x1bl3aybplk,121da6bf6d319058,1024,0/0
/spttest/nmypzbuy2z4h,2b2d6b6746622851,1024,0/0
/spttest/wn3y0cc3s4bp,3b9fd5060f1357e5,1024,0/0
/spttest/pl5w3e3am0eg,2ebd41a2ed518188,1024,0/0
/spttest/53i334z72lk6,94f9087ef2baca6,1024,0/0
/spttest/wnsku9vueoa0,3ba8b87129fc3c68,1024,0/0
/spttest/nuumtqzea2nq,2b93dbe3a59545f6,1024,0/0
/spttest/mrafzpt2cmy7,2991fdfa0b33252f,1024,0/0
/spttest/3v0r0jk6c9cn,70dc80019708057,1024,0/0
/spttest/29tqx2aepen8,426dd8a8365ac64,1024,0/0
/spttest/tmlq36o6boat,361e6a58436495c5,1024,0/0
/spttest/gcz3n5fs5eod,1de25d317203218d,1024,0/0
/spttest/9qeh3ixsirdw,11c778e16cfcfb24,1024,0/0
/spttest/ohltswrml30l,2cbb6f616a242485,1024,0/0
/spttest/tl52caiyyd93,360b6a4434070197,1024,0/0
/spttest/lup3nqfhyya5,27eaa26284a28f0d,1024,0/0
/spttest/q8266wqccl8l,2fe6aafa10d6aa85,1024,0/0
/spttest/vawamocft9j4,392d9622c741f480,1024,0/0
/spttest/n2fam5qafp83,2a229fd8c61aef73,1024,0/0
/spttest/xln7iwd5be3x,3d606b29e878152d,1024,0/0
/spttest/iv349ounohco,2274d960d417dcd8,1024,0/0
/spttest/cu8i11nod90l,17741dd05c8492e5,1024,0/0
/spttest/v2v37f09p9y5,38c53caa6c3d579d,1024,0/0
/spttest/s24v000dh1kd,3340ee4f47e84f2d,1024,0/0
/spttest/7vuouidoj191,e670a748bc99915,1024,0/0
/spttest/7k5rm1h3ccdp,dcf2a84d50220ad,1024,0/0
/spttest/to0i1i5ihmcb,3630bc7aa37e715b,1024,0/0
/spttest/ptj0yy9kfzlp,2f29e8fd6c1c59fd,1024,0/0
/spttest/v2oi0eaapcir,38c2dc130f619da3,1024,0/0
/spttest/92frnggl8hxz,1090322a690a41d7,1024,0/0
/spttest/4elq3u7gklxn,80c2547cc4fd80b,1024,0/0
/spttest/7yw08sk5ga04,e8e7bd5d4d84ba4,1024,0/0
/spttest/udfml6rbqgcv,377aed164333ac4f,1024,0/0
/spttest/yssamzoacda,1c405a3cad8c11e,1024,0/0
/spttest/r1jx2blmr5yl,3165c2a1a1c5d0ed,1024,0/0
/spttest/qg1jti3319hq,304e5ba0bc31154e,1024,0/0
/spttest/9moy150e5f3b,11974afbfaa639a7,1024,0/0
/spttest/hgprcyhhofhb,1fe690a1dc74195f,1024,0/0
/spttest/v9ulg3s6123d,391ffbe5de82a6d9,1024,0/0
/spttest/gbv033suc59c,1dd3e55660d763a0,1024,0/0
/spttest/4hflkumdqdp1,830e73986ebecd5,1024,0/0
/spttest/gz8rr3sd7ej1,1f039e041b15524d,1024,0/0
/spttest/9wzbhb0dv15n,121cedbdcf52349b,1024,0/0
/spttest/lnnq1oh4ya8o,278f364add119058,1024,0/0
/spttest/1z9y2h11646f,39dd3f4777b2fa7,1024,0/0
/spttest/lk87365m1quu,2762a45adfb66836,1024,0/0
/spttest/p4xf6myhs5k4,2dea5f3222e56424,1024,0/0
/spttest/t6mnlz2huk,a87b03f102ddc,1024,0/0
/spttest/q137fn29gi7b,2f8c1dbc6d1ae127,1024,0/0
/spttest/d714iisp7n0r,181a50e5f557b94b,1024,0/0
/spttest/tr9jxoobbbfv,365af86c3e3819ab,1024,0/0
/spttest/1ox11v6p1fws,31746412dc7c7cc,1024,0/0
/spttest/77dwu0dp9g2h,d293e8635914699,1024,0/0
/spttest/urazdl72d4gq,382f19a750e7a5da,1024,0/0
/spttest/gykqi088yffk,1efaf1f6c4e52aa0,1024,0/0
/spttest/ypuoi45lstjk,3f6aaf92b630ad90,1024,0/0
/spttest/kghjrzvt7vat,255e71f5706da335,1024,0/0
/spttest/imgco8atfdm2,2204b86adaf717aa,1024,0/0
/spttest/du463fojj2xf,19462af6d0769893,1024,0/0
/spttest/y574flq4x6xz,3e5e667964b4dd67,1024,0/0
/spttest/w8zp1lg0fnsq,3ae872f42704f63a,1024,0/0
/spttest/e16p2lx0skl1,19a201304e2d4b35,1024,0/0
/spttest/iyuiyaw6ghl3,22a5b4c4205f2307,1024,0/0
/spttest/d9hru59u5hoz,183a4d25284a5ad3,1024,0/0
/spttest/pfs4p4wiknrx,2e7758460105075d,1024,0/0
/spttest/sa508ny1kpmm,33a8e5cf5d2297be,1024,0/0
/spttest/6kewri7xip1t,bfed9cf284d6c51,1024,0/0
/spttest/arb1ifln4cjx,13a6d648e6cf738d,1024,0/0
/spttest/ottjhsnwcw4p,2d5a16f50f8109a9,1024,0/0
/spttest/px546bei7vmx,2f58d9156ebb15e9,1024,0/0
/spttest/sbhnzilnid31,33ba746996c6ddbd,1024,0/0
/spttest/1e4756y7n3r7,28afaa3dc9641c3,1024,0/0
/spttest/mdg5zqz8kggi,28de34efba9f6452,1024,0/0
/spttest/vp8r9k0qgje6,39e7eed50caea02e,1024,0/0
/spttest/b34cg3ujxme3,14404ad87ccb4a9b,1024,0/0
/spttest/da035imy8yum,1840e8cebe213c6e,1024,0/0
/spttest/qje9d6qthapu,3079e95d545cd582,1024,0/0
/spttest/p4q7e2hjvejp,2de7c49f1bd6d265,1024,0/0
/spttest/fmpo3wih8n0d,1c8d3d586ad21f7d,1024,0/0
/spttest/dmpbhj28hlfn,18e5e27a0eee46c3,1024,0/0
/spttest/cs46mau49tvq,1758948d8df2db86,1024,0/0
/spttest/cvhtoi7hgbtw,17847847ccefece4,1024,0/0
/spttest/csedhtwr8lnh,175c41e0947aaa9d,1024,0/0
/spttest/gr8vf0ronabp,1e9bbd5d357bb805,1024,0/0
/spttest/dq8lphgioekg,1913cf77eb4241c0,1024,0/0
/spttest/c4ebua2isz,45fb40b327db3,1024,0/0
/spttest/t4y1xcfz6gmh,35390e8408b938a9,1024,0/0
/spttest/h6wvekxwzvec,1f673d0583508db4,1024,0/0
/spttest/43jjk2qvdap1,77c79eaad62be65,1024,0/0
/spttest/h8x8vhq9ohi,e0099d1f8c1236,1024,0/0
/spttest/kjseqpvxltla,258954dc1000360e,1024,0/0
/spttest/fv8lwkctr9hh,1cfbfcbdc51495c5,1024,0/0
/spttest/yqs2z0boplog,3f76bcd9a1131e00,1024,0/0
/spttest/xllptsoqciys,3d5fe1635712a504,1024,0/0
/spttest/haefluue60rd,1f948ae2d3d06f59,1024,0/0
/spttest/1b7gm9scdqgy,2653048aef45342,1024,0/0
/spttest/yhantx91dqe,1bfe058648158c6,1024,0/0
/spttest/fq44dj1ftos8,1cb96c02729ba5b8,1024,0/0
/spttest/9q15wqlvktva,11c2ab62d5516736,1024,0/0
/spttest/ebbz7f82kufl,1a25cd9920fbe911,1024,0/0
/spttest/v9maey8tnrfh,391cfca56846e79d,1024,0/0
/spttest/sz24jhq9wisy,34ec97288a5d4832,1024,0/0
/spttest/rayhg7eizsse,31dfeb670bf2367e,1024,0/0
/spttest/py5vc8lbsqyu,2f661c09e8345686,1024,0/0
/spttest/5k7kaalo119y,a2895f91dcc68b6,1024,0/0
/spttest/64860dboxmev,b2c96d8ff3de3b7,1024,0/0
/spttest/omjnixf42sb9,2cfb98d2519cabd5,1024,0/0
/spttest/fa2i552rj5gt,1be9027d1243756d,1024,0/0
/spttest/edtfql0km3wo,1a4614ca38822148,1024,0/0
/spttest/9b1eq6hseqqn,10ffeb28e3cbdedf,1024,0/0
/spttest/o0b0l780x4n9,2bdab7605fed65c5,1024,0/0
/spttest/1wd2qihdqe1w,377fd441a3c7aa4,1024,0/0
/spttest/bcvreuhdxd7x,14bf167ee7ec322d,1024,0/0
/spttest/9txdbzsyrbl3,11f541fce011b567,1024,0/0
/spttest/nvf11i43qjxu,2b9b37ba4a24ba72,1024,0/0
/spttest/u45vci2gjzlu,37028091250ab302,1024,0/0
/spttest/takknwxety8q,358220fa7e09049a,1024,0/0
/spttest/uqwkoz6g2edr,3829e6d2b5e4cd4f,1024,0/0
/spttest/w03qkd1xak62,3a750104fb06b99a,1024,0/0
/spttest/5fym4du51lk0,9f16657a45b5060,1024,0/0
/spttest/6x6ppirwqp8p,ca4c1194c7ace49,1024,0/0
/spttest/m95be6o1z433,28a655b775e2e06f,1024,0/0
/spttest/v7q0oq3pjib6,39045aa4f6742872,1024,0/0
/spttest/exl63lv7wakn,1b46e23fbbd55087,1024,0/0
/spttest/5huxoedk3ckq,a0a0d08710f2a6a,1024,0/0
/spttest/l4givxi6su2j,2695d177746aa53b,1024,0/0
/spttest/xtlr4j5hsq67,3dc7cec5d553887f,1024,0/0
/spttest/pf5r1uffugmp,2e6f45282ca6dab1,1024,0/0
/spttest/6c363tp5uphj,b92b34e77219587,1024,0/0
/spttest/373gi1hijv1k,5d703f7922be9e8,1024,0/0
/spttest/tv996r5vgk7r,368ed1df5b44ad57,1024,0/0
/spttest/k4fgn6ykjcki,24c1d21a0f764262,1024,0/0
/spttest/h94fm3bomv08,1f83f1f6b3a21a78,1024,0/0
/spttest/shwus7cagb3i,340ddeea7002062e,1024,0/0
/spttest/wpa9ip43h0zv,3bbc1747454da24b,1024,0/0
/spttest/e60ejgnacd2z,19e0ae3d8dcb933b,1024,0/0
/spttest/wfrf987t7b3m,3b4063b0e77aacf2,1024,0/0
/spttest/km9x1fg7edte,25a9a094a57d1472,1024,0/0
/spttest/1qi4b8ig9y38,32bdf9c0f71ecd4,1024,0/0
/spttest/39jmp6sgirds,5f6d446ca51fb20,1024,0/0
/spttest/ggtocwgzmucf,1e145d295fb4861f,1024,0/0
/spttest/4su85lcribjc,8c51021380445e8,1024,0/0
/spttest/xiwrfuah6r4j,3d3ce5ce32e787d3,1024,0/0
/spttest/suayotsb21qk,34aed52ca66a204c,1024,0/0
/spttest/wnaoynvpfnan,3ba24463bde4a8af,1024,0/0
/spttest/agdezspx0zzz,1318cfca3e92fb3f,1024,0/0
/spttest/t9lnwb1qqjj3,35758862aee0935f,1024,0/0
/spttest/7mfhzpx1aicd,deca80826a8905d,1024,0/0
/spttest/xpbze6oi8i5e,3d9053471a339fe2,1024,0/0
/spttest/18ip5q2e8phg,242467a21022904,1024,0/0
/spttest/g2xuw5gov01f,1d6005ce9a0cb9f3,1024,0/0
/spttest/90nglk59b1fs,1078fe3d40a83908,1024,0/0
/spttest/altg1meslnc1,135f8aa9508f9d61,1024,0/0
/spttest/i5s7sob0lfoq,212c2ef5b273ceaa,1024,0/0
/spttest/3ewgu0l8nf9n,63c684bf4c8a90b,1024,0/0
/spttest/2i2yv572rmxs,4921b4c6fb07ae0,1024,0/0
/spttest/qubqj684w8o,15ca9d63fd40c38,1024,0/0
/spttest/wvpehrjhv5vy,3c0f7d1ad92efc8e,1024,0/0
/spttest/m2h993bwlp86,284fb7d80a430ef6,1024,0/0
/spttest/9metr85d13ck,1193a4550cb16834,1024,0/0
/spttest/dcbfta7oxf5b,185efbdadfb83eef,1024,0/0
/spttest/lxno551s9sqz,281115f98c25c9cb,1024,0/0
/spttest/rvnlp8wairbv,32ecc4a6964fe4db,1024,0/0
/spttest/vtncb9d677v4,3a21270478958d90,1024,0/0
/spttest/eoxmzugfy4h9,1ad67ab522439a2d,1024,0/0
/spttest/phbhtf2k4406,2e8b522fecc4f946,1024,0/0
/spttest/jnh61f3mdxww,23e59e43a037def0,1024,0/0
/spttest/vafn7vq1tht1,3927942d2c6cf865,1024,0/0
/spttest/rus38bt5x7qb,32e165d861970e63,1024,0/0
/spttest/96ks8btstyfr,10c5f685761b3397,1024,0/0
/spttest/cpma7pnpih8k,173824a27060ecc4,1024,0/0
/spttest/5k9ek9uaiknx,a294006ae934b1d,1024,0/0
/spttest/u6i9afe2xluk,3720f345c15196dc,1024,0/0
/spttest/dpcdj3nje5rk,19082eb4145eb3b0,1024,0/0
/spttest/7eq2llb1usvk,d888e88f3862ab0,1024,0/0
/spttest/d84nzzi49eem,182895411bf5ad2e,1024,0/0
/spttest/c1227sfyo2y1,15f91a965f5ba2e9,1024,0/0
/spttest/4tu2uxgtqqlh,8d1ffcc2cdb1625,1024,0/0
/spttest/sj5dqormpdad,341defc2a3423185,1024,0/0
/spttest/9ryta3b2wrt4,11dbccc26ff052c8,1024,0/0
/spttest/fafu0msmt0ls,1bedd1be6cb7ce50,1024,0/0
/spttest/9a7h4v299ta9,10f51e4a5bebdd81,1024,0/0
/spttest/bka8mh5ndzr,9633761e3d0f97,1024,0/0
/spttest/5gkf5y7lkdxp,9f9449844f9948d,1024,0/0
/spttest/s12p9pnp5r8j,3333299d2e935e23,1024,0/0
/spttest/tir1q8pe6b94,35ec6106a67d5078,1024,0/0
/spttest/2pbmhwfzwnst,4f027ad357e1f7d,1024,0/0
/spttest/f728b61bh2mo,1bc1f17d7447d690,1024,0/0
/spttest/qqjmbxlvmaw0,30d6c544cb69a3a0,1024,0/0
/spttest/s746lndhie1n,3381a1fddf86cc9b,1024,0/0
/spttest/qhghkbq15rch,3060bc9f648612b1,1024,0/0
/spttest/fpsdoou9qhji,1cb52f7a6a653c4e,1024,0/0
/spttest/j4hld9x6k76u,22eef9b7d3511b66,1024,0/0
/spttest/aqfrvlz3hvf8,139b8e268b2b1854,1024,0/0
/spttest/efbav3gwki6c,1a59842aef99e904,1024,0/0
/spttest/owt525tkzati,2d80e9b1326f1986,1024,0/0
/spttest/fkjf84vyk7qs,1c7101d50298e234,1024,0/0
/spttest/5h9oggpn86nx,a0261a46bee4ebd,1024,0/0
/spttest/mpzr59uzsqts,29812549fd9a81d0,1024,0/0
/spttest/hfg2bpnooeb9,1fd613d3f7848275,1024,0/0
/spttest/rv4misckflct,32e5ebc26fa79ddd,1024,0/0
/spttest/ykmndtwzusp9,3f26d778ec887fcd,1024,0/0
/spttest/obv67aivfq31,2c70def8022198cd,1024,0/0
/spttest/wl6j5tbczbjg,3b86c984a4e8cd2c,1024,0/0
/spttest/27csy5o8t7ld,406c5fa1e5d03b1,1024,0/0
/spttest/89bdiqp7numy,f15ebfd8e4f85da,1024,0/0
/spttest/va5g2gjdpmp7,3923e625a9ab182b,1024,0/0
/spttest/k8wfs65ct6k3,24fbe72d84e5e673,1024,0/0
/spttest/n00b9mphamsv,2a033d7b879be6ef,1024,0/0
/spttest/i1am210e5vb6,20f1dfe45d748bc2,1024,0/0
/spttest/f96bovyfoilo,1bdd6626d5079b2c,1024,0/0
/spttest/p0hwttbw63a9,2db0d18c18739221,1024,0/0
/spttest/pztmji5u4sra,2f7bab8f1d115c96,1024,0/0
/spttest/3wtykz5irr7i,7254f5a5ad8787e,1024,0/0
/spttest/nasjbbasnd10,2a8f5101c1ce15b4,1024,0/0
/spttest/fldvdn3xscyc,1c7bfe5307688d94,1024,0/0
/spttest/3lmhsiix9610,693bbdec16aefc4,1024,0/0
/spttest/b3xq43602ch8,144ae496cc85b3ac,1024,0/0
/spttest/8yeipnlv4mzc,105bc9d5cb55f058,1024,0/0
/spttest/vgf229ues3vf,39754d6f896c189b,1024,0/0
/spttest/jajf2vp8c5ju,233d91dbfeaa231a,1024,0/0
/spttest/iizyat2f5trb,21d7d5e0ae3b2ce7,1024,0/0
/spttest/2jsar5fq9jb,211e1e565585c7,1024,0/0
/spttest/1gggkc2qan4e,2a961be65b8f58e,1024,0/0
/spttest/ibij5j2cwyka,21769ff51e90bafa,1024,0/0
/spttest/iw2e7oehlesm,228193c7f88b2726,1024,0/0
/spttest/1biyz14uimcu,269576d98b47fae,1024,0/0
/spttest/a4he1yz41eb6,127e5fc5787c4eb2,1024,0/0
/spttest/3af70elq0phn,60237cea4002f0b,1024,0/0
/spttest/1i119ssi4ez6,2bdcb7ef33566d2,1024,0/0
/spttest/1l05qbo624ns,2e47256b5b7da18,1024,0/0
/spttest/sy78d5qopbc3,34e1718dfb5655a3,1024,0/0
/spttest/e9ue4ttpyouv,1a127803d211cf57,1024,0/0
/spttest/87fw1mfwgbjv,efd927ad544fa7b,1024,0/0
/spttest/q1kiids07ow,15249ad9e8fb6f0,1024,0/0
/spttest/vbjmk3zra79n,39360136462bda4b,1024,0/0
/spttest/u2x6f3kp8jcj,36f26067a1a88cf3,1024,0/0
/spttest/hh8z24sutv6m,1fed7f62380bd11e,1024,0/0
/spttest/jmnelrh3v3w3,23dae1316ef3dc73,1024,0/0
/spttest/djzrdqujn4my,18c2af2c01fe823a,1024,0/0
/spttest/moc3mp48lawl,296b9f39c87bd275,1024,0/0
/spttest/dibn3xswajss,18acfe1d822462bc,1024,0/0
/spttest/nszcel07ehm5,2b7b947a6e0987ad,1024,0/0
/spttest/mhnxdy3apedq,2914f6d441b8ab0e,1024,0/0
/spttest/te1azht8ub3e,35af222d2147ffaa,1024,0/0
/spttest/ppsz9n440ycw,2ef98b46996f71f0,1024,0/0
/spttest/jzf8z0dr4sc5,2480cc2255087775,1024,0/0
/spttest/9r59ip33ess0,11d12360ca5d6830,1024,0/0
/spttest/fu8lsofk04sn,1ceeff35215dc847,1024,0/0
/spttest/fyfnnon1fn3q,1d257f9678bdbfb6,1024,0/0
/spttest/9gyt02ljvcsy,114cea38ab8fd992,1024,0/0
/spttest/sbxguecbk2fe,33c027faa34a444a,1024,0/0
/spttest/36lt281x7zh8,5d0a5910a14145c,1024,0/0
/spttest/mp6monzpc6wb,2976a329c82c42eb,1024,0/0
/spttest/tb1390a6uj3l,3588168ece612a31,1024,0/0
/spttest/u58fbw5k5dpe,371069d51e375ca2,1024,0/0
/spttest/fufejyzm6spo,1cf173344685f8dc,1024,0/0
/spttest/io9ynluyd2tf,221c64c18919f983,1024,0/0
/spttest/do6wke7c4qf0,18f938144df946bc,1024,0/0
/spttest/f5sp2dje905,c4ee5214bdcc15,1024,0/0
/spttest/i4tvdzvhsdrc,211fca9a9a9d31a8,1024,0/0
/spttest/bd6etl2fzhj3,14c2ee3ddb9e8a7f,1024,0/0
/spttest/eukobi9ckljy,1b1fbcdb90f5da1e,1024,0/0
/spttest/uebcg4m17p8u,37865eda2e41748e,1024,0/0
/spttest/i1zu3piwyats,20faf9be83896350,1024,0/0
/spttest/jkkm6i4w840y,23bfe5037caf1662,1024,0/0
/spttest/zo69t3lhhyzm,41288104563b6062,1024,0/0
/spttest/5fgovjhuhhwf,9eaeec7f5f226df,1024,0/0
/spttest/vmh7plsbjyvz,39c4043451bda25f,1024,0/0
/spttest/yv31yag04kap,3faea74f88c59fc1,1024,0/0
/spttest/5swvwmi7oyle,a99a30c56371422,1024,0/0
/spttest/kq246k1kqt8x,25dac4fcd1bd0e91,1024,0/0
/spttest/glec4pi1u256,1e4fc68c59841f5a,1024,0/0
/spttest/s7vs1o20luzv,338b96f518f4982b,1024,0/0
/spttest/ytyld6a9aezb,3fa00e0603291b57,1024,0/0
/spttest/55ambimq8mbn,966d97214747503,1024,0/0
/spttest/aqpg1yak2b0c,139f0b7edeff003c,1024,0/0
/spttest/up8hi2ong74s,3814388a0a77ff1c,1024,0/0
/spttest/3e9x7agtnt0h,63445d36571cfa1,1024,0/0
/spttest/180t5ot0u0pa,23bd21bfdf7b30e,1024,0/0
/spttest/ajfh0kz7f4ir,1340857bf4ecd7a3,1024,0/0
/spttest/y076s5ovscwf,3e1d7a3786ba5f4f,1024,0/0
/spttest/5ctbf41cx2jk,9c885459bc6bb20,1024,0/0
/spttest/43byzal6dtu6,779be8ac98a724e,1024,0/0
/spttest/5iqhnv832qsq,a156fb9ec97a72a,1024,0/0
/spttest/q365z4dn7kxf,2fa7299c715930b3,1024,0/0
/spttest/i7u3duksbpek,2146d6e3d082e15c,1024,0/0
/spttest/pp4ejgqiqwjf,2ef0ad41aef2e13b,1024,0/0
/spttest/bqbt641tszs8,156dbd3bf2114528,1024,0/0
/spttest/nku9hxecq3rq,2b11d51fca9f6996,1024,0/0
/spttest/3hpn7q9x2uvc,660e9dc7d65edc8,1024,0/0
/spttest/ftgorguwev30,1ce4ec8201a7acdc,1024,0/0
/spttest/2tkchkz50bg2,52742564f804af2,1024,0/0
/spttest/78jmjo6zn93r,d384b98831ba8d7,1024,0/0
/spttest/zqmmd2r3cg5i,414861a2ad7a6bc6,1024,0/0
/spttest/idpu2pd4rlp2,21933d12292b8e96,1024,0/0
/spttest/6v2s8a7j6g4a,c895b94c762a61a,1024,0/0
/spttest/k4dj9aj8map7,24c120126a84f3ab,1024,0/0
/spttest/h2wciijg95q6,1f3317866916613e,1024,0/0
/spttest/8tlk7202vxt3,101d61ef61b3dee7,1024,0/0
/spttest/76cp4lrvtrcr,d1bd120c9cd4abb,1024,0/0
/spttest/2rw2qf7egn3q,5118336fba392f6,1024,0/0
/spttest/bt2i6bm3mklu,1591597b447c3cd2,1024,0/0
/spttest/s8fvuqmcg7x9,3392d8177177501d,1024,0/0
/spttest/g2w4qlxj7xtq,1d5f665557be8dfe,1024,0/0
/spttest/md26w2trmcrn,28d92a15cfac9923,1024,0/0
/spttest/l6r26hmncnvm,26b3992a3b7422e2,1024,0/0
/spttest/x8ya0rf5z6nb,3cbb8d4813e17d67,1024,0/0
/spttest/rafkr67onmyt,31d918e2892d8805,1024,0/0
/spttest/5zvl17vaypb5,af41794b00b8aa1,1024,0/0
/spttest/x4gzw459bijx,3c815c01685b4fad,1024,0/0
/spttest/stpb6xvs7ry8,34a705274b829140,1024,0/0
/spttest/mri3lttiso36,2994c124b5c15ef2,1024,0/0
/spttest/wy1sbiewn7su,3c2def8335157f3e,1024,0/0
/spttest/j2vp4vfpkmcd,22da160637cff31d,1024,0/0
/spttest/4xcj3qt54rvv,8ff9fe07e9d7f2b,1024,0/0
/spttest/192beoqk3q7y,2495a8f4babe37e,1024,0/0
/spttest/u0l7j6x00vm1,36d414547623e409,1024,0/0
/spttest/ltxksjfpgwow,27e0b408eee18e80,1024,0/0
/spttest/urtaxkkzgx58,3835b5ee07035ecc,1024,0/0
/spttest/kglpij1nztqc,255ff226d21d4c44,1024,0/0
/spttest/upvkiricxulh,381c8cc15b725d25,1024,0/0
/spttest/ntlxc8xd15c3,2b83ba4b6a85a243,1024,0/0
/spttest/er7q7cq8o0r0,1af41922c86149cc,1024,0/0
/spttest/5lvcldr0cx5o,a3e2854e43f8edc,1024,0/0
/spttest/809w1ozdaq81,ea07b7a70a4fc41,1024,0/0
/spttest/5rkxp1nq48fc,a8855f6c51669a8,1024,0/0
/spttest/xjn9815exugd,3d467501de2a2a6d,1024,0/0
/spttest/4v9luwvwxiyd,8e49753a17c5a35,1024,0/0
/spttest/solr9vsy2mgi,3464caa8bc956032,1024,0/0
/spttest/sr2a6qbz96he,3484bb96f84bb812,1024,0/0
/spttest/jn3ao78hjjji,23e09cfedecc2aae,1024,0/0
/spttest/xu01auwengnl,3dccf609733f6211,1024,0/0
/spttest/rt3kie0pgzy5,32cb8fb7c6b032fd,1024,0/0
/spttest/u87q02h6zqf9,3737209d860c3a85,1024,0/0
/spttest/nnrkhouktoee,2b37d3ff10f0acc6,1024,0/0
/spttest/dz9lr2lnvk5n,19891342a80b42cb,1024,0/0
/spttest/n6rr6jbphbam,2a5b13cc295cc86e,1024,0/0
/spttest/ocozau2wzdwk,2c7ba04edf97f924,1024,0/0
/spttest/xvq4gd1pj39u,3de35cf5249cc452,1024,0/0
/spttest/lcu6rfyb57sh,2702a9910d0819b1,1024,0/0
/spttest/2wt4inl28uj7,55164f8c04bf293,1024,0/0
/spttest/yf5ibh859yqb,3edfb5ee974f2d13,1024,0/0
/spttest/5ovrkw01d93i,a65468dad59104e,1024,0/0
/spttest/kbdom1nyqvyj,251c1a9b60d3d24b,1024,0/0
/spttest/9jo7fcg3y693,11700ef350a0f727,1024,0/0
/spttest/ycdprlb44o9m,3ebbb4377798f3da,1024,0/0
/spttest/xebc43biwszz,3d0135b8a6f7e8cf,1024,0/0
/spttest/np9qfj3s0tzr,2b4b5f1f4b000fd7,1024,0/0
/spttest/eraejribxbo,bfb23b46b0cb74,1024,0/0
/spttest/8b0jyyta51fl,f2bff011df01481,1024,0/0
/spttest/w3i324mt4l4g,3aa126002c6858f0,1024,0/0
/spttest/h9rmxt4c7yk1,1f8c513a9320d6b1,1024,0/0
/spttest/4xewy5eopd4r,9007c22bb55eebb,1024,0/0
/spttest/c9be6z0oe294,166462afc36fcae8,1024,0/0
/spttest/uzlnlfk8kzz6,389add8716d8fb22,1024,0/0
/spttest/8qr5obscjsv5,ff86f1e5ae844e1,1024,0/0
/spttest/pqb30125c043,2f00137b6fac0893,1024,0/0
/spttest/2pf55f5ijzik,4f16ca448daf08c,1024,0/0
/spttest/kxri6hj1kf5p,263edae820f5e6bd,1024,0/0
/spttest/uc3bh1qc8lh5,37697ee484e6a2b9,1024,0/0
/spttest/a7i81xsm4pov,12a5a4834420710f,1024,0/0
/spttest/8tpanjoynksi,101ebaecf2fb7b02,1024,0/0
/spttest/m9tqlby5e2y6,28af258cf342e36e,1024,0/0
/spttest/5jz6yoxqky38,a2590d857e86794,1024,0/0
/spttest/23vurqeg59se,3d9b09ed39528ce,1024,0/0
/spttest/8w969ceju3h5,103fe1874d005819,1024,0/0
/spttest/p0m5i7dckqeg,2db25948e99392a8,1024,0/0
/spttest/6w6mlbxuq2wv,c97bbd89b61833f,1024,0/0
/spttest/8n5izlkf8q8y,fc9a967d56085e2,1024,0/0
/spttest/8rlbul5juirw,10035201b928b18c,1024,0/0
/spttest/9ony9c8au0su,11b0e9b6c74dc98e,1024,0/0
/spttest/8u9563v8dojj,1025e437f36c517f,1024,0/0
/spttest/2iwykys4fubc,49ced9ed4dadb38,1024,0/0
/spttest/xbo8gpxkyazk,3cdee56009ecb420,1024,0/0
/spttest/i4i3r8ofbiua,211b8ba7be7c4322,1024,0/0
/spttest/63vis29hkvkn,b2806d2d89d71d7,1024,0/0
/spttest/vlztffvx7sw8,39bdbd4c829ddb08,1024,0/0
/spttest/np8dkcz6tidm,2b4ae1be36e1f44a,1024,0/0
/spttest/nx0wwcgyeht2,2bb01a7480c8b3a6,1024,0/0
/spttest/u6g78zx504fe,3720354d72678f6a,1024,0/0
/spttest/stre8yxvhklp,34a7c5bb6292458d,1024,0/0
/spttest/zc7ji8bery65,408d17300807bfbd,1024,0/0
/spttest/r7gtmz58pip7,31b29446a3ea16eb,1024,0/0
/spttest/pqycv5902auz,2f087942f3ca777b,1024,0/0
/spttest/qixknri9l8t6,3073e414f74bc0da,1024,0/0
/spttest/im3cod1n7w8p,220007a3bfcf89f9,1024,0/0
/spttest/78cnmnluklbx,d35c7cbe6c9eafd,1024,0/0
/spttest/7bzdcnbbv8q5,d64f1aa4513a4ed,1024,0/0
/spttest/1tmljr2s89vu,3547513fa2b380a,1024,0/0
/spttest/5tu8pjncdebg,aa5ac0d035441bc,1024,0/0
/spttest/whpiwqzp0xpo,3b59aed77efb6fac,1024,0/0
/spttest/2u4nhjaqgz4l,52e95ec1c6847d5,1024,0/0
/spttest/lg4njp0c47z2,272d6815d704dd5e,1024,0/0
/spttest/rn0p14ob9n4p,327c96abec03a859,1024,0/0
/spttest/we9dni5w57en,3b2ce3b11e14e8bf,1024,0/0
/spttest/ztlb7ln702cn,416ee06c6da73ee7,1024,0/0
/spttest/clm32jnh08zq,17041d4763ae4a86,1024,0/0
/spttest/uas3i10za3rp,37587520fcbac495,1024,0/0
/spttest/hnnj1kysy6rq,2040af5b19fa3ac6,1024,0/0
/spttest/wisl7c6z50iy,3b67c716e991ecea,1024,0/0
/spttest/6fjf57mlcxr,538ae4b08d96bf,1024,0/0
/spttest/ozc148xsd18b,2da1b5167b58877b,1024,0/0
/spttest/uiu7bev1kc23,37c121b5f780970b,1024,0/0
/spttest/cbnoeue230en,1682cbd67a39becf,1024,0/0
/spttest/buv0l8ke54t9,15a8a04bd3af059d,1024,0/0
/spttest/p6ml4a3egtaw,2e0070e2a53f5258,1024,0/0
/spttest/cn9s7t8rx549,1719a7866f294329,1024,0/0
/spttest/jj5kwoi915j8,23ad7af7a5308344,1024,0/0
/spttest/br9a1eitdwh4,1579d0ab3b5fcaa8,1024,0/0
/spttest/12koomvxhxpe,1f50e748b9dc1e2,1024,0/0
/spttest/va4p4m5tgnhn,3923a1064d25abeb,1024,0/0
/spttest/u30cdbod30c3,36f384c71a09a173,1024,0/0
/spttest/7b6eje5cm5gd,d5a7e085a10251d,1024,0/0
/spttest/52j877dxnql8,942fcc2e39a2b5c,1024,0/0
/spttest/xjpx7i0z14es,3d476b48e559af94,1024,0/0
/spttest/9sw0lcvau8tn,11e7c7acc87fae2b,1024,0/0
/spttest/elmr4pj0ee3k,1aab957f1668fae0,1024,0/0
/spttest/ghylribeep5g,1e23219a6f2330d4,1024,0/0
/spttest/2ghkmg1p2e5h,47d65c48f1f9125,1024,0/0
/spttest/qhm5sqys9zgz,3062c8a49d021fd3,1024,0/0
/spttest/n2o2b36aqr7j,2a25c9d87b3f1e3f,1024,0/0
/spttest/1x047cjfb0xk,3804d80515ef478,1024,0/0
/spttest/zjxlywvtqs2k,40f16be12d03a99c,1024,0/0
/spttest/ryifut3oix6l,3311df94d42bcc7d,1024,0/0
/spttest/l7sbx221nppc,26c10bc687ef2ae0,1024,0/0
/spttest/7vw3shg8hfqq,e678d2a7775c1f2,1024,0/0
/spttest/e3g1feagmmww,19bf5ab7995e3580,1024,0/0
/spttest/1h5p46h66ylu,2b27ce3f333feb2,1024,0/0
/spttest/qftvhzdjb4s1,304b96a67b0da3f1,1024,0/0
/spttest/9julfaaai9r1,11725d139c9113dd,1024,0/0
/spttest/wdbgqo5i2q2d,3b20a7183abc7675,1024,0/0
/spttest/dgmb9br0xgk7,1896dd3f3d900e17,1024,0/0
/spttest/3mzqfopryxgw,6a58017807c1cf0,1024,0/0
/spttest/zm3bxdury142,410d76d5f19c7d22,1024,0/0
/spttest/ht2lbdloa3o9,208710fe2c0b4d19,1024,0/0
/spttest/ss9vvfofkh2d,34947710fb0d1265,1024,0/0
/spttest/9eyc0jpqbh,365aea444847d,1024,0/0
/spttest/crz4g11y1fnq,1756c12217461b86,1024,0/0
/spttest/1a3cvr3ek2sa,256b7f77fad751a,1024,0/0
/spttest/u7grzms13znl,372d67c5f4df8841,1024,0/0
/spttest/txitd9afp4tz,36ac3f7ab5d28bb7,1024,0/0
/spttest/2hz5i7zumqlu,490badd77d06a32,1024,0/0
/spttest/9ipms0al6uzc,1163957381f27f58,1024,0/0
/spttest/6sfiqt9oss7j,c66fc42cb10a9cf,1024,0/0
/spttest/us3uwakxp1nv,383984d63afd05ab,1024,0/0
/spttest/qwzky7265cob,312a7727f710cd6b,1024,0/0
/spttest/tcvo4jjjs644,35a01c6cd2905cf4,1024,0/0
/spttest/wn0oprzsob7c,3b9ea812ea6646b8,1024,0/0
/spttest/yj32hj41rk7h,3f12c999eb26400d,1024,0/0
/spttest/qwzre6h5zbxl,312a87b0a4c71029,1024,0/0
/spttest/d9y6y25v2x9p,184039cd7f4267ed,1024,0/0
/spttest/54m0kjwyqoel,95df8cdf5f2100d,1024,0/0
/spttest/gvtm6pl53864,1ed72e7092a9f51c,1024,0/0
/spttest/je7e8tz9l8ez,236d305367db02db,1024,0/0
/spttest/2t1e0shqn6oj,5206b467ed77f93,1024,0/0
/spttest/63ytr40v2056,b2938158d5dec3a,1024,0/0
/spttest/p9zxur1xa9tt,2e2c3a1e653ee541,1024,0/0
/spttest/5nlmsqpe1cbb,a54a15854726697,1024,0/0
/spttest/svdv43ymhxyd,34bcde5ca9239425,1024,0/0
/spttest/7i8zabjhweao,db658cd140c1d60,1024,0/0
/spttest/aq3og0gm14gp,139730ec3166e2d9,1024,0/0
/spttest/9az7upoodjdd,10ff20c92c372b51,1024,0/0
/spttest/mvubbdmuutyk,29cd1e5ee914792c,1024,0/0
/spttest/8x1ijvjrrclh,104a1b611ca94f85,1024,0/0
/spttest/xcopg0fqagx6,3cec0e33224e6a2a,1024,0/0
/spttest/1t0gopi7fb78,34c7880433c6574,1024,0/0
/spttest/ld39fxqoqoqt,2705efc2129a8fc5,1024,0/0
/spttest/no4elpns2ko7,2b3c75acecf5fd27,1024,0/0
/spttest/rwx960jz045x,32fd3d6e06ddc415,1024,0/0
/spttest/tl1k49ivc5uw,360a2667c8fb3fa8,1024,0/0
/spttest/nm1i3klvuwqn,2b216f070d3df43f,1024,0/0
/spttest/ay24ty5eg1zc,13fe8c4927f0d008,1024,0/0
/spttest/udmbka9g2uea,377d57606f127a62,1024,0/0
/spttest/ne29g28poss7,2ab9cb23dafaa0b7,1024,0/0
/spttest/eyg5jik95duf,1b52103b85122e57,1024,0/0
/spttest/ilcpf5pc8zmw,21f66a6574ee0668,1024,0/0
/spttest/2yf5o2rwqizo,56655482eeb6ea4,1024,0/0
/spttest/m845t2vxkxwg,2898edc23096e5a0,1024,0/0
/spttest/l0ollas2xg29,2664c65345dbe191,1024,0/0
/spttest/i3dbgdh4laq5,210cd44f20a1618d,1024,0/0
/spttest/oiuvbmd88ius,2ccbafd9cddc8d74,1024,0/0
/spttest/bq316dwbidhv,156a92773b71cfd3,1024,0/0
/spttest/fp7uopwijvuu,1cadc75d93988a06,1024,0/0
/spttest/uatggz8idkld,3758f2c708f34b81,1024,0/0
/spttest/97lohvgytt4w,10d3469041c80ac0,1024,0/0
/spttest/n1icohfqchbg,2a16bcfdf79ce8ac,1024,0/0
/spttest/92ourxcgo73i,1093797ee75ac9ee,1024,0/0
/spttest/qj7lyf7prq41,30778316fa8661f1,1024,0/0
/spttest/try2tvndc65m,3663d1bd40c4c32a,1024,0/0
/spttest/smhlf2ua4dfa,34494fa5f5bf7ef6,1024,0/0
/spttest/g4qj3cs1xrla,1d775b777e661aee,1024,0/0
/spttest/4jt9msgn27iw,84fd03e0f858998,1024,0/0
/spttest/4p1t4w49pk2v,893d78315cf6ae7,1024,0/0
/spttest/tn5533cxw2h6,36256bd25425358a,1024,0/0
/spttest/pvlg4dzjshr7,2f44c31d378077e3,1024,0/0
/spttest/safswqvii3to,33accb0cfc9bb1dc,1024,0/0
/spttest/wkf2lpu3qkq7,3b7ce1173940d66f,1024,0/0
/spttest/xznyas0oiogi,3e1689749056a452,1024,0/0
/spttest/dkrl7c4x54cm,18ccb9a198657646,1024,0/0
/spttest/fv65jj5jabu1,1cfb1a05f96d7169,1024,0/0
/spttest/kx4l7a80nstg,26369630fb6571a4,1024,0/0
/spttest/g17x2bhymcft,1d49ac8c121b5e79,1024,0/0
/spttest/zacyqp41kv6d,4075119b06801bd5,1024,0/0
/spttest/ag6lp2j3m2u,87bb6675689d86,1024,0/0
/spttest/bpotp2xfvyns,1565721dd4c5b438,1024,0/0
/spttest/wdd4dqppa75p,3b21401ec8fadfbd,1024,0/0
/spttest/3p1sbp3x68sb,6c0383062e76efb,1024,0/0
/spttest/h5d84uoi1vf1,1f53290fcc96e74d,1024,0/0
/spttest/o33i3gsp4249,2bfef91ef3274cb9,1024,0/0
/spttest/6la95osro0o0,c0a29066470c460,1024,0/0
/spttest/e4q3hhirt98s,19cff8efd545a70c,1024,0/0
/spttest/sifkzh9tlrpl,3414a0c5e9c95089,1024,0/0
/spttest/idgqdnlije3i,218ff4462c28441e,1024,0/0
/spttest/l47p3im395cd,2692a2167c7c5e4d,1024,0/0
/spttest/32q23d0v14s7,59e392f8f73dd77,1024,0/0
/spttest/xwhxl39iwi13,3ded65a516d1a947,1024,0/0
/spttest/g9fd74hd3pph,1db44692de9db5e5,1024,0/0
/spttest/qvh0q9e1x2dt,3116c763c7c43351,1024,0/0
/spttest/6bpguztdvbst,b8dc1bed2d6be7d,1024,0/0
/spttest/3qekg7orevw0,6d1d2074ac763f0,1024,0/0
/spttest/kmrz1izp86m5,25b02458fc07587d,1024,0/0
/spttest/1espll6y0u3f,293d2d4a058625b,1024,0/0
/spttest/lmxga3ozkvq8,2785bba91c4ef0a0,1024,0/0
/spttest/u4760j52ng9a,3702f84e42b9580e,1024,0/0
/spttest/oz6c04mk5yym,2d9fa6cef15f2c3e,1024,0/0
/spttest/7lsxmc4hgh5h,de483a935993bd5,1024,0/0
/spttest/635w5tha5sos,b1ec795bdc95e7c,1024,0/0
/spttest/ibyqgyi083dn,217c789fd9bb6b1b,1024,0/0
/spttest/er6lk4qrt779,1af3b0d97433acb5,1024,0/0
/spttest/fcy0u6an440w,1c0e5c62c828ac60,1024,0/0
/spttest/mi4vwck0zg42,291b1544eaf9cc52,1024,0/0
/spttest/jwidpe1zkx0z,245af59ca6e6ab33,1024,0/0
/spttest/befnxa6bhzd2,14d3422b0a767046,1024,0/0
/spttest/4tqc2xgjn1x6,8d0a5fc9f832c7a,1024,0/0
/spttest/x54tb9wmwkh3,3c89f3f69b60d5a7,1024,0/0
/spttest/kwpuh3d4oqgq,263144757a73e3fa,1024,0/0
/spttest/ic4thu7zr9qj,217eaa981222090b,1024,0/0
/spttest/awxjeggv0ukw,13efe6920cd4d9d0,1024,0/0
/spttest/k3jfi4s8nn3z,24b643643f0f8cbf,1024,0/0
/spttest/sx78bmhccyir,34d47430408dc9c3,1024,0/0
/spttest/kaygzatap4b1,25169d806de8200d,1024,0/0
/spttest/h1pjpkwfn63y,1f23a627992dedae,1024,0/0
/spttest/whhnbv1kfjub,3b56d73c6fa0fa33,1024,0/0
/spttest/9j4ttspnfg9z,1169111017e27b27,1024,0/0
/spttest/36yhhjvrbgb0,5d538a8239f6e4c,1024,0/0
/spttest/gashaasxr8mc,1dc5ff1b68513564,1024,0/0
/spttest/b181ya0l0d83,1427a6e06b4697f3,1024,0/0
/spttest/m1hojjxk6xzu,2842e1d1ccad999a,1024,0/0
/spttest/4r91w0e5onk5,8b06f0ff203aa45,1024,0/0
/spttest/4srgh87zi5wl,8c410616d1f2d65,1024,0/0
/spttest/wsvjdufyzrpm,3beabc17fe2c950a,1024,0/0
/spttest/tg9uqdhsqa9i,35cc324d278d8676,1024,0/0
/spttest/1tyx3nixfhwn,358e72394368167,1024,0/0
/spttest/m9zyo6e5iud3,28b1647d37f0e737,1024,0/0
/spttest/wtnwpgzcm2yh,3bf4f8969c38f079,1024,0/0
/spttest/mr9t7dff5po5,2991c382652cac35,1024,0/0
/spttest/1lov3n0y962g,2ed5c45290218f8,1024,0/0
/spttest/pml3vnoukzy0,2ecfbc6453fa60f8,1024,0/0
/spttest/uqg28v67vlpv,3823f1994b60aeb3,1024,0/0
/spttest/1fbjfm8gq02m,29a9e01c481d2de,1024,0/0
/spttest/cuxbl1ghh0fr,177d127c09b35d77,1024,0/0
/spttest/mb8w55jf26or,28c19a92977eb95b,1024,0/0
/spttest/oa8ywhup63b1,2c5bdee1787e573d,1024,0/0
/spttest/4sxh6y9o3dk8,8c63c6c6323e368,1024,0/0
/spttest/p7u4orn0pu7q,2e1026ee09dfd136,1024,0/0
/spttest/qyl1wq619w6k,313f33a8d8c5242c,1024,0/0
/spttest/3i5ffkc2qcv1,6669bc909dbb59d,1024,0/0
/spttest/3wiqgnyytwj8,721427801f6e3f4,1024,0/0
/spttest/rx5idlplyxg6,330038023258a6d6,1024,0/0
/spttest/tg1sase0yr34,35c9491ceea1f5a0,1024,0/0
/spttest/r0qn2ipdfqro,315b324efddd0644,1024,0/0
/spttest/8bmhkjwegc2f,f33e8f2616b1f17,1024,0/0
/spttest/3kdt6r1rkstx,6839c899bea9df5,1024,0/0
/spttest/ajgu51vbr3rm,13410386b38b62d2,1024,0/0
/spttest/dr1j4v69xgu7,191e3f8bdd21447f,1024,0/0
/spttest/ockiy1bu9wor,2c7a04ded21287bb,1024,0/0
/spttest/rkhvfese78s6,325bd192f4118636,1024,0/0
/spttest/66v30ptnqsi,5069811fc3e862,1024,0/0
/spttest/u9pkfz552r9p,374a8e3d4d543f8d,1024,0/0
/spttest/nakehhzc3t2,12e90ef73921546,1024,0/0
/spttest/pu3a0k19nobh,2f31378fab9567dd,1024,0/0
/spttest/rnaeen7f0c89,32801717f53318e9,1024,0/0
/spttest/m4j2hz17ptmx,286a59c42c2fdd49,1024,0/0
/spttest/ggngvx03hooe,1e121fc7f6304a2e,1024,0/0
/spttest/tmgqq33tk87t,361c9e22c10f3f99,1024,0/0
/spttest/myl10okukk9b,29f0bc6815e2d18f,1024,0/0
/spttest/b1pm50lr84br,142dfceec6aa76e7,1024,0/0
/spttest/cehymv1yu5sz,16a7b3a0bc39eee3,1024,0/0
/spttest/4cjjawh8mhrk,7f16092cbf16f70,1024,0/0
/spttest/7c7ewbzscjpz,d67d8947202a6d7,1024,0/0
/spttest/gqc3zod8q4sh,1e8feb35e51936c1,1024,0/0
/spttest/2pxym7pegaod,4f836dfee355c0d,1024,0/0
/spttest/pxazgn191flf,2f5af733332bc233,1024,0/0
/spttest/dsoprc0zdt5m,19339a44c9a957da,1024,0/0
/spttest/5262aqn4126f,93e3cd4d41c2147,1024,0/0
/spttest/b47zpskeakcj,144e98e918fc2383,1024,0/0
/spttest/gpq09gq6m0ky,1e87f18b2c575a72,1024,0/0
/spttest/pb2nrnc7bvgi,2e3a3299e6a5bb02,1024,0/0
/spttest/97rhdjmnnqdl,10d55e8101ece449,1024,0/0
/spttest/qh58guhlv8fq,305cad3b62093576,1024,0/0
/spttest/f71w4ty09hej,1bc1d23fc322585b,1024,0/0
/spttest/amdq21u58dqd,1366dbb6f16ee485,1024,0/0
/spttest/y27hpzrscog8,3e3790ccbae65ec8,1024,0/0
/spttest/gr70nf55ohmj,1e9b120e1f6c783b,1024,0/0
/spttest/fa52loig2lzc,1be9efb8353633c8,1024,0/0
/spttest/io8idducsz2v,221bde9b4b167497,1024,0/0
/spttest/e1j8b391ki0j,19a686f645a5ed33,1024,0/0
/spttest/6y43dmbkbfhi,cb0cc52d5556326,1024,0/0
/spttest/cz5gfvz9iufr,17b3f6eb4a352f97,1024,0/0
/spttest/kmqgb8frcozi,25af97ebd869e07e,1024,0/0
/spttest/avbwjrj2u1k4,13db1af226844164,1024,0/0
/spttest/mwvabbc7y1yd,29da756ce633c565,1024,0/0
/spttest/yxudlzsju93d,3fd27dae0455dc89,1024,0/0
/spttest/no7cuwle5gij,2b3d864dc74fa4db,1024,0/0
/spttest/t3z1815l43kk,352c6bd2b8706414,1024,0/0
/spttest/2z7su5u3uaw1,570ab0a1c107da1,1024,0/0
/spttest/lcrl5cysqxld,2701b95fefd79091,1024,0/0
/spttest/x9vgoyzyydzw,3cc7868dc516695c,1024,0/0
/spttest/w1zaalkgordg,3a8d604fc0a15094,1024,0/0
/spttest/29gt1rqmuh08,422323890b01f98,1024,0/0
/spttest/pf8l1cplg2r3,2e704ad4f5b7aaef,1024,0/0
/spttest/njevhjmoy6ug,2aff4a654480f728,1024,0/0
/spttest/1qeaedv9i787,32a7dc179eaca17,1024,0/0
/spttest/vr6wkpsut6fv,3a013e3bca6d23db,1024,0/0
/spttest/671vda82nvpg,b51491aeacc4244,1024,0/0
/spttest/bqk9anakob7u,1570c98e4b6e3aca,1024,0/0
/spttest/oueten5g57qr,2d61c41f9c29ea73,1024,0/0
/spttest/39cdldq1wk6f,5f43655dd218727,1024,0/0
/spttest/wovc1cf8x0bf,3bb6b43722af23db,1024,0/0
/spttest/l7b8a41qkqnl,26bae02ec73281f1,1024,0/0
/spttest/bmzn4xz4f7by,154261912a92d2de,1024,0/0
/spttest/8dxqmso85e53,f51f2c34d5d7ed7,1024,0/0
/spttest/k44cl724nfiy,24bdcfa548fd2a5a,1024,0/0
/spttest/pjdyeiyh1o92,2ea62ffe7dbb4a06,1024,0/0
/spttest/uowle5n1xlf0,380fee1aadce17ac,1024,0/0
/spttest/78wt9rwaayp3,d3d0da354708827,1024,0/0
/spttest/o6ulwb8dnvpd,2c2fb8963c1dfd41,1024,0/0
/spttest/q1qc5h0hoskc,2f94764f5210a79c,1024,0/0
/spttest/x6v58ppdrtll,3ca07166b6568f99,1024,0/0
/spttest/cnj2bj922mu7,171d00c330fdd61f,1024,0/0
/spttest/hpit9a8xomuv,2058f63c23304ab7,1024,0/0
/spttest/dt4xu8hs0zz9,193974e4c8183625,1024,0/0
/spttest/eo4gd6eqm2j9,1acbf304aa82a855,1024,0/0
/spttest/3y1p1thk0rv4,735171922261510,1024,0/0
/spttest/jsm0dy4rdpb3,24284fe32369ac5f,1024,0/0
/spttest/vf0jl3ts5zxe,3963139dac51e522,1024,0/0
/spttest/da0ar4lf130q,1840fc4eea07a88a,1024,0/0
/spttest/hoh9f21yk5rl,204b69b4a6014031,1024,0/0
/spttest/tjlnmja2dnar,35f76c41a0ca1133,1024,0/0
/spttest/hmix66crcm8z,203208819f3586a3,1024,0/0
/spttest/qceftt51v4fp,301f0d25980e0d35,1024,0/0
/spttest/idpu6l9h7nwn,21933d59107cb9c7,1024,0/0
/spttest/iev2niiiotq6,21a21e2da563667e,1024,0/0
/spttest/djt5jq7sjfe2,18c04cf10ac54caa,1024,0/0
/spttest/cmi52fbocgr3,170fae2f853073cf,1024,0/0
/spttest/1lxgctg5fipx,2f075c071894185,1024,0/0
/spttest/bjvu6xruis2g,151a0a6d311e1898,1024,0/0
/spttest/od4pd1yve8ar,2c814cb3466fb883,1024,0/0
/spttest/b6wyavn52djv,14719500547a021b,1024,0/0
/spttest/6olp3lnrm5ct,c3541bfe73c8b9d,1024,0/0
/spttest/u2aajatw2aeg,36ea1e7f7141b528,1024,0/0
/spttest/lmw08b0vmak1,2785361c9c720df1,1024,0/0
/spttest/dju45cx2bfs6,18c0a5b84b228aa6,1024,0/0
/spttest/9mf5m1zqbm7f,1193c2c0caa09b2b,1024,0/0
/spttest/pnj5477p5n33,2edc04163612a91f,1024,0/0
/spttest/o2ajdk80bnon,2bf485ba266eeca7,1024,0/0
/spttest/c0kakjbugcuz,15f2b164cf96bf1b,1024,0/0
/spttest/7v6sey8fxyyr,e5e6ac588995e43,1024,0/0
/spttest/uplgm14ux8da,3818e70ae86fa69e,1024,0/0
/spttest/67notayz5ln5,b59286347f6a7d1,1024,0/0
/spttest/rlmx57hiittj,326aa1138d394d77,1024,0/0
/spttest/hplw2nttwcxh,205a1290a24dca75,1024,0/0
/spttest/9o8nw6j07lww,11ab65983c78f6b0,1024,0/0
/spttest/thgm8xzlhiqo,35dba05e02042a20,1024,0/0
/spttest/uvjqot0op71r,386637b3bca9d7ef,1024,0/0
/spttest/bg652l7xux3k,14e9ccfee7e41010,1024,0/0
/spttest/pr6ur8axk9y6,2f0b8a1cd035d85e,1024,0/0
/spttest/diwr8bfjioba,18b49c6c6ee68a96,1024,0/0
/spttest/vdr65auzsl7z,3952b4903964756f,1024,0/0
/spttest/gg6ryzhxzj58,1e0c19f69f02a0ac,1024,0/0
/spttest/opdmf22ngw7s,2d20638a670ca618,1024,0/0
/spttest/jhli65f0wnpx,23993f52c76dac15,1024,0/0
/spttest/b08n36ascdeh,141adfd9b2acf2d9,1024,0/0
/spttest/gd44vva55s3l,1de42e38b2ff5a81,1024,0/0
/spttest/sibxt3vnoqh7,3413503380905f0b,1024,0/0
/spttest/b4wc6p5am2do,145761be1c7f438c,1024,0/0
/spttest/ep7impui53c6,1ada0b30f1503a26,1024,0/0
/spttest/7icpffkcrif4,db7b0fb047ca200,1024,0/0
/spttest/yubpkn4kese5,3fa4c99b24421b3d,1024,0/0
/spttest/ym8ag4ocasuy,3f3ba3a39a24dc9a,1024,0/0
/spttest/4f4ymdk4tw3,396b47ff2e3853,1024,0/0
/spttest/eyev8r6pwqbx,1b51997082c78e4d,1024,0/0
/spttest/haydi8wd7831,1f9bbcdcb034d1ad,1024,0/0
/spttest/we11lhvs7a6j,3b29e1d03bbcf74b,1024,0/0
/spttest/atut4gegiwma,13c7f2a3fd6b7da2,1024,0/0
/spttest/wz9awkvgryln,3c3da3085c1b13eb,1024,0/0
/spttest/q8aocciwgrcq,2fe9bc7e97ff567a,1024,0/0
/spttest/elukwic1x9x4,1aae687697c42178,1024,0/0
/spttest/9tsj660e9lvq,11f383203df08506,1024,0/0
/spttest/ndx3kkg53j4w,2ab7ee39ab6e28a0,1024,0/0
/spttest/tdp45c219wdr,35aabc368f39f52f,1024,0/0
/spttest/vfxi0gs3q9g2,396ef7bb27208552,1024,0/0
/spttest/pjrqkui2s5lj,2eab2912debdb557,1024,0/0
/spttest/wul0r04necel,3c00eb1cd606fd4d,1024,0/0
/spttest/d5ev2qy8m8ij,18054b52edf1c49b,1024,0/0
/spttest/c38u6s720od2,161587149c777956,1024,0/0
/spttest/qfgov3kk3yf,1574d05f4a3c107,1024,0/0
/spttest/zc3o1qjqmtzs,408bb15e386ea758,1024,0/0
/spttest/hryckuut0luv,20788bd8c18bc3a7,1024,0/0
/spttest/a67x1o050p4t,1294ef54a185643d,1024,0/0
/spttest/tq1bymj28q1u,364b03c2ca7283e2,1024,0/0
/spttest/886vbessu1tc,f074e8dde0390b0,1024,0/0
/spttest/t9igrz2e03hb,35746102ee94179f,1024,0/0
/spttest/391whvpvu9lr,5f06ec901c33f1f,1024,0/0
/spttest/9rgmba3zmmay,11d53c41622a696a,1024,0/0
/spttest/3isg12gv00sb,66ee9c9990122fb,1024,0/0
/spttest/taayi4xxzeca,357ea8ce26dcd85a,1024,0/0
/spttest/dmgkdjbccno0,18e2b9f8574d0ad0,1024,0/0
/spttest/cyh890kwf9ez,17ab3910b1b00d6b,1024,0/0
/spttest/ogepsvmamknt,2cabe147db1d6419,1024,0/0
/spttest/zrvrvt4v7thg,4158ac5ed3c03004,1024,0/0
/spttest/2c6n6g5a8pgr,4457f3f572130eb,1024,0/0
/spttest/249frnl0ob9l,3de9748912ef309,1024,0/0
/spttest/i0ydc7yx84n3,20ed751b8a16c27f,1024,0/0
/spttest/l5zzxj3f4j5k,26a9d573ca8704f8,1024,0/0
/spttest/378kq70l31t6,5d8dca70d4c50ea,1024,0/0
/spttest/umtpdpr738qd,37f4e8b7bc43d1f5,1024,0/0
/spttest/wlvbl4g0eybl,3b8fbb49fe636541,1024,0/0
/spttest/s11wvref9s8x,3332e0c71560ce41,1024,0/0
/spttest/qxty5l9mfrjg,31356c15eaf8632c,1024,0/0
/spttest/lkqvofesxdae,27696213c3694586,1024,0/0
/spttest/sgzx1djnvii9,3401fc8c8fbd2271,1024,0/0
/spttest/1vox916a3hkc,36f465a7822edac,1024,0/0
/spttest/4l8fdiql3i24,86245c1bdc8bb2c,1024,0/0
/spttest/51cu9oj7y816,933b18cf49db02a,1024,0/0
/spttest/6fhm9k6jbryb,bbee1b184b6ad43,1024,0/0
/spttest/ek1oxbwhkech,1a96fed962eea6a1,1024,0/0
/spttest/83ijxzt2psnj,eca9382741aa34f,1024,0/0
/spttest/krncts8r722o,25ef6c28be992140,1024,0/0
/spttest/llxj2jg8kttn,2778c58fee77cbfb,1024,0/0
/spttest/myn9su4re4b,12a43e1404e3c3b,1024,0/0
/spttest/9ctbpl7v39f5,1116fafcde96dd71,1024,0/0
/spttest/d2ekpn24bysb,17de38f62fef00db,1024,0/0
/spttest/32a4fif74g99,598794a9a870e4d,1024,0/0
/spttest/kksdggerz6s7,25964ed1af940017,1024,0/0
/spttest/h9aylij6kt8o,1f864ce1c2a72308,1024,0/0
/spttest/37nmklbodkzc,5de4ae890211f78,1024,0/0
/spttest/o2if1027ml3j,2bf75d83c84e034f,1024,0/0
/spttest/je1ia4akx5fb,236b10789f2355b7,1024,0/0
/spttest/ayt523foj5p7,14084acf1777079b,1024,0/0
/spttest/nj8hkaceu70i,2afcfc75e7f09d02,1024,0/0
/spttest/i5ucj1ysl207,212cf3d6e8b83167,1024,0/0
/spttest/hdqhirrltiz6,1fbfdbfc9f4eb652,1024,0/0
/spttest/etdzo182t4gj,1b105623c2b92dd3,1024,0/0
/spttest/mxx05x3yr5j7,29e811605076f2c3,1024,0/0
/spttest/e8k503qtrgqc,1a01c7a5a101a274,1024,0/0
/spttest/38ok8r2lf5k6,5eb9e8ed726f6e6,1024,0/0
/spttest/leelhfh98fbo,271703f61792bc94,1024,0/0
/spttest/wjtgct955s9s,3b7514469357d760,1024,0/0
/spttest/9p7tupsfircd,11b815c60154c9ed,1024,0/0
/spttest/sp9ckxg40nqx,346d4dcc23ef4c39,1024,0/0
/spttest/gkgkzv9uuy7h,1e4398c66ea05aad,1024,0/0
/spttest/yhbc3bf3pmqu,3efbcaadb4672e66,1024,0/0
/spttest/og51ez914z90,2ca86365a5c8a074,1024,0/0
/spttest/hqlcc9phcdcx,2066dd30d6d913a1,1024,0/0
/spttest/16mb0c6sjoa,f60b2b6f8889a,1024,0/0
/spttest/tbi5ugm6jvpc,358e3f7a83ab8540,1024,0/0
/spttest/rdfu71qom366,320028e0ef48498e,1024,0/0
/spttest/qeskedsistbx,303e208b900b157d,1024,0/0
/spttest/t9uqbukczwnl,3578cdf05ef48c11,1024,0/0
/spttest/wzlsuil6mqi5,3c42257d161409ad,1024,0/0
/spttest/8xfvzvxc4qku,104f4b07f1b6bf8e,1024,0/0
/spttest/vozaca3a2fzo,39e4841807699374,1024,0/0
/spttest/bapv82kq3s5d,14a2fb8d95e4fb41,1024,0/0
/spttest/siefgre6d577,3414363de709c993,1024,0/0
/spttest/u12ku0o75dq5,36da58b7852e1bbd,1024,0/0
/spttest/iwcc6acaw6xv,22852a3b9e3f0523,1024,0/0
/spttest/w2t956w3ha8o,3a98306858fc5118,1024,0/0
/spttest/71q3pm55iyzo,cdfb50ccced7aa4,1024,0/0
/spttest/vp39xm51o7j9,39e5f4858846b125,1024,0/0
/spttest/ubjzrynllpdc,376285e2709e44b0,1024,0/0
/spttest/wwlxeihsndjz,3c1b3968250ec45f,1024,0/0
/spttest/hpnu37luqqh,e613ba601e43d9,1024,0/0
/spttest/752cbi3cxdwn,d0b1753497b1ca7,1024,0/0
/spttest/oml7cedvlnpr,2cfc280a48fd1e4f,1024,0/0
/spttest/4zcsmb2ebz6u,919b2ce31efcce6,1024,0/0
/spttest/ezxo6n60h24g,1b655f94f377ed00,1024,0/0
/spttest/sr5x0kozj37h,34860b44c9c039fd,1024,0/0
/spttest/hoz4j3f6hliz,2051dbcafb21d93b,1024,0/0
/spttest/tmbk0hp5tch7,361abf135e9f1d6b,1024,0/0
/spttest/ng94eec7bn17,2ad63f48a09dc05b,1024,0/0
/spttest/2e7xi83giuj,1f1c047422266b,1024,0/0
/spttest/suu7kyr7mcod,34b5c6fce2aebcad,1024,0/0
/spttest/d3nqp6cv6fd4,17ee84e4ebd36248,1024,0/0
/spttest/x0dck8bd730p,3c4c1603886cc409,1024,0/0
/spttest/yzutywkrcbmi,3feca22a7a7d10da,1024,0/0
/spttest/jljasg6tcau2,23cc68ad4415d6da,1024,0/0
/spttest/7vxur1iugheg,e682eb51f0df218,1024,0/0
/spttest/pxwoer3tqko5,2f62caf177004425,1024,0/0
/spttest/a8p5z9dq5x0p,12b52306555c3469,1024,0/0
/spttest/atmc10ocem09,13c4e3d4d40f92e9,1024,0/0
/spttest/1sndk5qy1bpf,347bfb13bbe4b83,1024,0/0
/spttest/eok1pbwxfwz8,1ad1934a1ca885b4,1024,0/0
/spttest/4w5zxjigon0v,8f0473800f6928f,1024,0/0
/spttest/9a9b0am6x18y,10f5c74e82610292,1024,0/0
/spttest/muggbd5o2dcf,29bb20c95e5e8c0f,1024,0/0
/spttest/vjktxza4piuk,399e5a95436587ac,1024,0/0
/spttest/lprtn62gjxg8,27aaab81fc48a818,1024,0/0
/spttest/plx0voe66qcq,2ec70bdbae1ac8ea,1024,0/0
/spttest/803pko3mvbkq,e9e40a927258e5a,1024,0/0
/spttest/gipxih4jzrg7,1e2cfdb100c088b7,1024,0/0
/spttest/mbc2cx7p9wz7,28c2bfa031305433,1024,0/0
/spttest/926xy1yinyau,108d03006044b766,1024,0/0
/spttest/dqpye9myfqzf,191a1248c6a1c05b,1024,0/0
/spttest/u08raz05topg,36cf9645caddf754,1024,0/0
/spttest/7w9ve17s90at,e6c84c3dad811c5,1024,0/0
/spttest/4p7ehft3gxsj,895dc2104ebb613,1024,0/0
/spttest/3cnkby4gg52h,61f3771c5ccfda9,1024,0/0
/spttest/m8g68zuofv3o,289d434fd268cb34,1024,0/0
/spttest/bohhbeigy4v2,1555ce848f86851e,1024,0/0
/spttest/af2t2go2z7nq,1307fe97f38e3386,1024,0/0
/spttest/t8cf4j76uw3y,3565354f0ed0700e,1024,0/0
/spttest/k3isffkriq98,24b6082fa3e1d06c,1024,0/0
/spttest/iel3wq2lca50,219e85b7d39edb54,1024,0/0
/spttest/gvm05thsr5dj,1ed46f59eb29e3f7,1024,0/0
/spttest/s73mlbeajurc,33816ea6fc665478,1024,0/0
/spttest/a9uyebunqzud,12c43709e2c716f5,1024,0/0
/spttest/nubyeq7kqd23,2b8d1e9c87aaf49b,1024,0/0
/spttest/unrut3mn2leb,38013b29d65dd7d3,1024,0/0
/spttest/q4jczkjfiipb,2fb8e9a5c0cfca2f,1024,0/0
/spttest/ahzxwyt7mwm4,132dedb23c4d699c,1024,0/0
/spttest/6ohswz6pulu9,c33da11529d8b11,1024,0/0
/spttest/c69pxmiy81as,163cd04d9a5b4294,1024,0/0
/spttest/82gej9xxdmdn,ebccfa3706ae78b,1024,0/0
/spttest/dfm7kizox98w,1889d686867e5110,1024,0/0
/spttest/6kzy1b4xbbu1,c0670ce892251a9,1024,0/0
/spttest/3rhv8u2jjkbt,6e00016743308a9,1024,0/0
/spttest/2qwr0wd7ndav,504c44897fb5e17,1024,0/0
/spttest/6elv0o08vn0j,bb36c5e2c000e43,1024,0/0
/spttest/gg82zaskcfxb,1e0c9293dd6ebf9f,1024,0/0
/spttest/xmhg633791a4,3d6b5463cb1071bc,1024,0/0
/spttest/u6vhpcx3e3lk,3725b9a66c7c10b8,1024,0/0
/spttest/dhcv9m1qi2g,af1f9d9057e6f8,1024,0/0
/spttest/t0f76rcis0af,34fe4bfdfaa02277,1024,0/0
/spttest/s1j55fetrpx5,33391840c7fa20f9,1024,0/0
/spttest/xi7ddzc2gb8s,3d33bc8bbd8ffeec,1024,0/0
/spttest/ky29t3ycxeg2,2642bd7a4cf08b62,1024,0/0
/spttest/e2ynxr4ay6m7,19b915d8288f1fff,1024,0/0
/spttest/svr00v5y4b2g,34c19bbf2e4e9708,1024,0/0
/spttest/q2khuj41i4np,2f9f57f8d48bc915,1024,0/0
/spttest/lfl09wpf419n,27265160d073926b,1024,0/0
/spttest/2vskrq8gkz53,544350bc3ca7ee7,1024,0/0
/spttest/ohffdni41rz9,2cb92029a4b5ffe5,1024,0/0
/spttest/d5kw13lcl5cx,180777fb4e8d7e61,1024,0/0
/spttest/72acn2ywwtkp,ce703538f9f25b9,1024,0/0
/spttest/8qvg9mj9drhb,ff9fbc472b2415f,1024,0/0
/spttest/wnoifzzany7s,3ba740d1f1bcb2f8,1024,0/0
/spttest/11as3qopc7i,d75492c77fa0e,1024,0/0
/spttest/uora2x0rktg0,380e033d02765d10,1024,0/0
/spttest/dnqji3bfw982,18f350ab0b4521b2,1024,0/0
/spttest/nphscw6z1j7h,2b4e4703083ef27d,1024,0/0
/spttest/upm9620vgb9i,3819304fd04abc06,1024,0/0
/spttest/q6d68bcc946t,2fd0a89d3ddb6975,1024,0/0
/spttest/2q2f9gn4lg05,4f9d30ea452c445,1024,0/0
/spttest/cvdp07k57d01,1782fad010f0a291,1024,0/0
/spttest/m9tyv41x0bxj,28af3ac62194a167,1024,0/0
/spttest/un4hd6cmzr1b,37f8cc342521999f,1024,0/0
/spttest/t2iff015k059,351970b953e5c6bd,1024,0/0
/spttest/k015lni4ijx,103cc198039d4ed,1024,0/0
/spttest/96dj6pip70jp,10c358bc738a4f85,1024,0/0
/spttest/ras25ooo5o23,31dd99f4defd410b,1024,0/0
/spttest/fz4dak2mc6p3,1d2e6a334eda8ae7,1024,0/0
/spttest/vifuqm8damre,398f9186b2c1beba,1024,0/0
/spttest/g1tbfubxfe92,1d51652a405662e6,1024,0/0
/spttest/ibnwq60dw8ms,2178909ff0fd00b4,1024,0/0
/spttest/2nwx85nybx34,4dddc6ce6d2ea40,1024,0/0
/spttest/eqs6dthvipgj,1aee7cc1e2f0c463,1024,0/0
/spttest/7twt8ydk4uo8,e4dd3f88c9d7c48,1024,0/0
/spttest/j2kt7mhkbdcy,22d6286ecfd9b062,1024,0/0
/spttest/hjok09pd0go7,200d192b5e031567,1024,0/0
/spttest/g6mnxwv3pzdd,1d8ff0f2c4f07e51,1024,0/0
/spttest/yad3qikm3d66,3ea1812de403ab6e,1024,0/0
/spttest/9gohj9c2yzla,1149311df5b32aae,1024,0/0
/spttest/an5amzft2ewb,1370ce76fe5f40eb,1024,0/0
/spttest/gn0smetwtxn8,1e64de387ae66394,1024,0/0
/spttest/41aulwmgczbs,75f5c717020a5d8,1024,0/0
/spttest/7p9so2at67ai,e1190fc46fa2f6a,1024,0/0
/spttest/4eq1k4c75r2l,80db42331196f4d,1024,0/0
/spttest/4yo453ej1zzg,910cb297975c76c,1024,0/0
/spttest/7xh750non16q,e7c26bf10ae79c2,1024,0/0
/spttest/zayzt6dyp6y4,407d04730e06456c,1024,0/0
/spttest/q6cw8xlvfg3v,2fd08f001e18024b,1024,0/0
/spttest/rv94r87acdx7,32e78c04a6a4d77b,1024,0/0
/spttest/mfd2ns3y57vc,28f711cb77de8518,1024,0/0
/spttest/4e8a6sj0w1yj,8074ba6b8363deb,1024,0/0
/spttest/6slvqxgtyfgp,c6947d578f08fc9,1024,0/0
/spttest/jhnwuml1b8db,239a1db9af73f41f,1024,0/0
/spttest/ifvas6aobvft,21af304b219953e9,1024,0/0
/spttest/e3p952k9l7vv,19c2add25b5cf42b,1024,0/0
/spttest/vtt887f3dgab,3a2346bf013d82b3,1024,0/0
/spttest/j8wc7nnoz2v2,232840c6b06efd3e,1024,0/0
/spttest/e6lwsyzqsv4f,19e870d5de76728f,1024,0/0
/spttest/rcm561urva2a,31f571fbe4bb07b2,1024,0/0
/spttest/tsap8df7pz7w,36685fa3703c518c,1024,0/0
/spttest/g7khmj3bbmjr,1d9c254339cacde7,1024,0/0
/spttest/bvtojvis89uk,15b5224c5530b7dc,1024,0/0
/spttest/gocmy4lhqk7t,1e76215628bccdd9,1024,0/0
/spttest/6m62vg5a1iqp,c15a4af261b5321,1024,0/0
/spttest/xsv8j62ui0w0,3dbe3d7de4a01b00,1024,0/0
/spttest/3s1kdj29a0jt,6e71b9041528249,1024,0/0
/spttest/ewlu4gni95lf,1b3a22a1cb349293,1024,0/0
/spttest/vt9k2bqfdun5,3a1c2dc068192361,1024,0/0
/spttest/zgti74i6tz23,40c8f8f56404a4bb,1024,0/0
/spttest/3c8t8qh29cu1,619e4c8acd56f39,1024,0/0
/spttest/p7bn7q6lq011,2e097b77f85aefa5,1024,0/0
/spttest/7k68hk8wixsw,dcf55d169a63ba0,1024,0/0
/spttest/toui1n407zoe,363b8f894102f05e,1024,0/0
/spttest/4f925anoafbw,81490a4aed7201c,1024,0/0
/spttest/nrmt9rv6yv3g,2b6a11b5bd4863ec,1024,0/0
/spttest/z0vbob755q5x,3ff9ccda0bb164b5,1024,0/0
/spttest/9741x75h76p1,10ccea61ee1eb2a5,1024,0/0
/spttest/n6pal2i0laot,2a5a307a7bd6115d,1024,0/0
/spttest/rn9i80srd2ga,327fc484389f38aa,1024,0/0
/spttest/qpfeb8ehuztm,30c841f67d7df9da,1024,0/0
/spttest/d05o3k96562l,17c107d2d9a137fd,1024,0/0
/spttest/sl8ixu2d9lf7,34390cb7809569b3,1024,0/0
/spttest/q7x8pg0dc58w,2fe4e39696971290,1024,0/0
/spttest/9lfo6h47fqhp,1186f522c7d2badd,1024,0/0
/spttest/q87wsdemgioy,2fe8bd0ee2d360a2,1024,0/0
/spttest/nxo27wcbcgby,2bb87493b10a38ae,1024,0/0
/spttest/kcj27z88do44,252b089f8cccd354,1024,0/0
/spttest/e2dcg7c0pxkk,19b164a308ef9634,1024,0/0
/spttest/89b2g1x3kzr2,f15cf93418c08fe,1024,0/0
/spttest/nc8nmg8z1la4,2aa21f365fd8c4fc,1024,0/0
/spttest/605g5trtryeh,af7a6c3448a7fe9,1024,0/0
/spttest/2i7cvl6hk6lk,493b0b9639ff768,1024,0/0
/spttest/m1koo308nke8,2843f73f4268ff00,1024,0/0
/spttest/t1sixjafrrpg,3510182b02450c04,1024,0/0
/spttest/ud05nv6bp7wl,37755822c87b6745,1024,0/0
/spttest/11nnnqcn0yuk,1e923ac4d50376c,1024,0/0
/spttest/rlfu80f87weh,326813004b9e43c9,1024,0/0
/spttest/rrdwgy5vhwpc,32b54f92d6d492d0,1024,0/0
/spttest/rboaffq3irv4,31e93af627a09890,1024,0/0
/spttest/hokztozw94dw,204cc29062e8ca74,1024,0/0
/spttest/b8l49dgrqmz9,14874a621f2d41d5,1024,0/0
/spttest/ns7w2285g6c4,2b71ac9738376914,1024,0/0
/spttest/i22tprecuxnv,20fc0ddad5de79eb,1024,0/0
/spttest/ii893sc5wcs9,21cdd74a47605db9,1024,0/0
/spttest/zhv5w1sevnpd,40d68f5f7c5f57c1,1024,0/0
/spttest/4556sjcdo856,7914685c9a54c3a,1024,0/0
/spttest/di1fw8qsczdz,18a94fec809f0227,1024,0/0
/spttest/dfzbvmtm9x81,188e925e0afb9a71,1024,0/0
/spttest/krrrhmvdc8es,25f10340c4945e94,1024,0/0
/spttest/nfkf7c0e2ver,2acd55cc39c05983,1024,0/0
/spttest/c7u7bydoejxx,1651319077a7a875,1024,0/0
/spttest/hgbmajgdr1hl,1fe17679c4495d49,1024,0/0
/spttest/j0enoumfy5il,22b9f58affabb76d,1024,0/0
/spttest/r7r5k41yqckw,31b64e8b2eaf0830,1024,0/0
/spttest/9wfmbvd6aeer,1215d236801d3173,1024,0/0
/spttest/dgrmrgzpsl75,1898c89aeabd3f51,1024,0/0
/spttest/3mojjhjwq52i,6a17659ff42b82a,1024,0/0
/spttest/b7dcbs1pe063,14777ee0d8a7d55b,1024,0/0
/spttest/72ezbwamb1co,ce8af03e56fd998,1024,0/0
/spttest/kpjuh4nqo52v,25d42d747428c5b7,1024,0/0
/spttest/ygf5r56t92qi,3ef02ea1e99a9b1a,1024,0/0
/spttest/2dt9lns70xyc,45aa6230eb0b2e4,1024,0/0
/spttest/x3epzt1d7sji,3c738c9e16b5ed3e,1024,0/0
/spttest/ac7voo80mhga,12e2db610bbfa1da,1024,0/0
/spttest/noqnul2jpu0o,2b447d8051a56f38,1024,0/0
/spttest/q3get9rx9psd,2faadbf7f906c7cd,1024,0/0
/spttest/18z1xorez8yw,2482d26c14bf228,1024,0/0
/spttest/qim2sgaejl2l,306fbe2e66f9276d,1024,0/0
/spttest/ljnr36dzjy94,275b43f02305ab28,1024,0/0
/spttest/80vyep4fi6ic,ea871a353c60074,1024,0/0
/spttest/s3ioug0e2rb4,3352e8ee603544c0,1024,0/0
/spttest/uyrfjtjzwm0o,388ff5d6dc70f678,1024,0/0
/spttest/coje04pfofe7,172a1bfeee6216ef,1024,0/0
/spttest/de1d0gt6ix60,1875538028add268,1024,0/0
/spttest/923qcbi4t95t,108bda631d618fa1,1024,0/0
/spttest/nze0t50v0hlx,2bcecfca4feb6825,1024,0/0
/spttest/2rgj1oxnttpb,50be72dbf5c969f,1024,0/0
/spttest/b89u9yqio7zs,148338b785e59878,1024,0/0
/spttest/cid5rk2ot05j,16d9ed1bd3480607,1024,0/0
/spttest/8z1wr4nxofgc,10643a54ab24e13c,1024,0/0
/spttest/kf1s5h9oa5q0,254bc44c20156778,1024,0/0
/spttest/gnzxq5ul1mn8,1e718c34914565e4,1024,0/0
/spttest/5j6r2eionbrf,a1b4dbf07a99b4b,1024,0/0
/spttest/hsdocn73lkhm,207e13930d1829fa,1024,0/0
/spttest/rg3bvpjqbnfs,32229d3cd8a62168,1024,0/0
/spttest/ravoy56cypqx,31dee98969ffead9,1024,0/0
/spttest/18i854dqyvhp,2421ad0d83101ed,1024,0/0
/spttest/8njgwlf1l3dz,fceb1371ed89167,1024,0/0
/spttest/iqc6g8x6hnel,22372c01f8c7fabd,1024,0/0
/spttest/wojfb6x7peri,3bb2683215b6c1fe,1024,0/0
/spttest/fvrirzyfptd9,1d02cfb70eba87ed,1024,0/0
/spttest/azftljrbiach,141079e02708abe1,1024,0/0
/spttest/bfh6kr2vce0h,14e0cba6627648f1,1024,0/0
/spttest/i51z0t953png,2122b6df946e5d9c,1024,0/0
/spttest/c2xh60srdee6,16116d9ed2f1f51e,1024,0/0
/spttest/3kpvafp6a0c6,687f659c2fe5a36,1024,0/0
/spttest/axaz6n7duebi,13f4bfda76d83cfe,1024,0/0
/spttest/c6wxpnw67lms,164530bb45135f44,1024,0/0
/spttest/i9bbwv6k8kl1,215a0c49d3f87635,1024,0/0
/spttest/pejlnndtleh9,2e6747370513fd8d,1024,0/0
/spttest/6p5u9l1lppf4,c3c865eaba5b5f0,1024,0/0
/spttest/zkkjeggbr9es,40f9b1c277931364,1024,0/0
/spttest/2m5myc2xddhf,4c706de462fce83,1024,0/0
/spttest/prs9n8um4azk,2f13440c646f5ea0,1024,0/0
/spttest/q92yp3t8mw7r,2ff3f15f574d5897,1024,0/0
/spttest/22em54d4af4p,3c67af736c9c319,1024,0/0
/spttest/32ye2zt8rhp8,5a13ae51d76de5c,1024,0/0
/spttest/u0lf9n81tx91,36d4282cff41be95,1024,0/0
/spttest/4d17sfvkk3qu,7f7c1a99304aff6,1024,0/0
/spttest/grjugutzv5xd,1e9fb2fad25da6c1,1024,0/0
/spttest/f8s8k3sdfrs8,1bd850f545148768,1024,0/0
/spttest/95xxhd00b7ms,10bdb78642130b64,1024,0/0
/spttest/dlffq8kq5inc,18d5546be4b917a8,1024,0/0
/spttest/qpkbbv1waucv,30ca0826cc312c2f,1024,0/0
/spttest/s58sn0e4a80v,3369517ed966831f,1024,0/0
/spttest/m4j23fimusja,286a58bad7e3f9f6,1024,0/0
/spttest/scb594fjngxe,33c51764fd64c472,1024,0/0
/spttest/nibbaoxyo1jx,2af1043ae436a3dd,1024,0/0
/spttest/tedkm5d3jv5s,35b38f4d47122b80,1024,0/0
/spttest/g8x955y4tw6p,1dadbd8ae5852431,1024,0/0
/spttest/iojaqgr53efo,221fc310348b5cd4,1024,0/0
/spttest/zvvavhzm9wkr,418c75c1c68f1f2b,1024,0/0
/spttest/i728c4mx2xy7,213cc9491041315f,1024,0/0
/spttest/smmeh05qgfqm,344b0baa8e7381ae,1024,0/0
/spttest/86qp7ckb73gl,ef47bb8a99d4845,1024,0/0
/spttest/d5si0dxvz8w9,180a36f4b1e88ac9,1024,0/0
/spttest/85970pr021az,ee12d8c2d544f1b,1024,0/0
/spttest/fu50jajw42oc,1cedb38d6afa928c,1024,0/0
/spttest/426pb0zn7pl7,76ada9f6355204b,1024,0/0
/spttest/2paiwrilqsux,4efc21ac3058199,1024,0/0
/spttest/xac3wv6k85cc,3ccd880575e4290c,1024,0/0
/spttest/341z7rzvqld0,5af837a929349a4,1024,0/0
/spttest/w8a75grm2k2i,3adf3fd6e07c341a,1024,0/0
/spttest/vk1prdry3lip,39a4721c1e5acdb1,1024,0/0
/spttest/yxmwae96rkz4,3fcfcaa837068cf0,1024,0/0
/spttest/lp8ukcei0jjr,27a3d2e02b226cf7,1024,0/0
/spttest/y1sg9k12ajni,3e322389ee22e7fe,1024,0/0
/spttest/z2genih4ibwc,400e657b67cd54bc,1024,0/0
/spttest/duig3vvz19hi,194b51cf37b17546,1024,0/0
/spttest/n8zi3smg8pay,2a77d9f82d28da1a,1024,0/0
/spttest/bd1d4fzt1wm,93961cbfafcde6,1024,0/0
/spttest/6z3o2eljfa2u,cbda24b5404a7c6,1024,0/0
/spttest/dhpnjumrkrbh,18a50f25e39a7a4d,1024,0/0
/spttest/xp7k6bl1xdxc,3d8ebac1ee2c09c0,1024,0/0
/spttest/y84u7x678dd4,3e848b4d733c04a8,1024,0/0
/spttest/kjdzaoon1c0x,25842013214cca21,1024,0/0
/spttest/d7clgwbytkb4,181e7473979c7a10,1024,0/0
/spttest/8emwt2099eqp,f5b07cf4db0bbe1,1024,0/0
/spttest/hvbdk75lz2bq,20a436ec43d7cf86,1024,0/0
/spttest/q87e6fhnps90,2fe88d4f67962644,1024,0/0
/spttest/e381tzq1xtln,19bc78cfbd43cd1b,1024,0/0
/spttest/2pu7d3bmrc2l,4f6dbd7fc81c7dd,1024,0/0
/spttest/o0puc7bd1xhv,2be010dd37ba08d3,1024,0/0
/spttest/sjyzjfknor34,34289e5e96ff9620,1024,0/0
/spttest/hb9ztean46zk,1f9fee279811fb60,1024,0/0
/spttest/2k1hkc65hwys,4ab8d0e26b37e24,1024,0/0
/spttest/79ifmawx4xx,5e5b689d0d3f45,1024,0/0
/spttest/6sa7v5i5ssvs,c65128160883e38,1024,0/0
/spttest/kgyr8hco4gmw,2564a75ab2ef0538,1024,0/0
/spttest/op53wqh2jyqn,2d1d511acebcfc9f,1024,0/0
/spttest/c0lbwkemmvk1,15f3112f6a2d5741,1024,0/0
/spttest/rd1un33fmf29,31fb1cddc4e740c1,1024,0/0
/spttest/b8qltn4pvslm,1489454993969b8a,1024,0/0
/spttest/7xffharc7r1z,e7b8369517c3cb7,1024,0/0
/spttest/juwtrxg2p2i1,2446317cc27e2ae9,1024,0/0
/spttest/4dzzu7ob9wrm,8044e26a2844922,1024,0/0
/spttest/zvee8xznipz,1d1f4566abae587,1024,0/0
/spttest/w7m5ug0ix66e,3ad693a678ae6f86,1024,0/0
/spttest/82e6kc3rrmyt,ebc027383875405,1024,0/0
/spttest/5mq2ok5wi59y,a493e50d7d37f36,1024,0/0
/spttest/w27uxdhb5467,3a9078324776835f,1024,0/0
/spttest/81bfl9c5jeq5,eae073f642b764d,1024,0/0
/spttest/wns2yndlgktz,3ba88a91d9914677,1024,0/0
/spttest/8edyi0turycg,f57ccd7418fd8a0,1024,0/0
/spttest/r8hi0qvt9qqz,31bfd017cb45a8ab,1024,0/0
/spttest/3xftk254ezpr,72d328f5c9a844f,1024,0/0
/spttest/w4e73bz5r5tg,3aacbc2225875734,1024,0/0
/spttest/80qyb8baeykd,ea6a38cb87f3c7d,1024,0/0
/spttest/reul5564n5sg,3212786e63566910,1024,0/0
/spttest/xt29u15axgqk,3dc0c768d388e0fc,1024,0/0
/spttest/ix1bwyqys3ji,228e2ec648d72aee,1024,0/0
/spttest/fkn5415iwy4q,1c72595acea30aca,1024,0/0
/spttest/238hdl8eli9p,3d141c9a061cdbd,1024,0/0
/spttest/mqupfza8aifh,298c505605b4dbcd,1024,0/0
/spttest/cvch2u4lqs7o,17828a1affa93654,1024,0/0
/spttest/dpixtwugzseb,190a8cffc49b0283,1024,0/0
/spttest/c4zebxrne64w,162c1998398ea990,1024,0/0
/spttest/th5cqafoa3nt,35d78fe51c970509,1024,0/0
/spttest/fkquwruqrmex,1c73b0a70c01ec39,1024,0/0
/spttest/x5cbub7ocx9y,3c8caa14f5f6f776,1024,0/0
/spttest/gzryphuv5p0h,1f0a8adbc34014e1,1024,0/0
/spttest/1u9qwo9j6dy2,35ccf4c290ac31a,1024,0/0
/spttest/y3kxd04zmryb,3e4966f869260a03,1024,0/0
/spttest/30s07tffu5p4,584f298450e1358,1024,0/0
/spttest/60rj2n3gd8u4,aff9e559c7959fc,1024,0/0
/spttest/m9ay99a5s3tt,28a85e383f405f61,1024,0/0
/spttest/s0za8a202ahm,3331edeb9b15899a,1024,0/0
/spttest/wjnmc7ieunml,3b72f96afb02991d,1024,0/0
/spttest/boes3asyyf9z,1554d50f27cf33d7,1024,0/0
/spttest/5xq52un7w2e,4d1d820fd5ad16,1024,0/0
/spttest/6u0nqcxtv044,c7b9a0c1daab354,1024,0/0
/spttest/7dpcrdw0m4nk,d7b4efb14a8d110,1024,0/0
/spttest/nyhdj8ab6enl,2bc30849873122b1,1024,0/0
/spttest/7jzuvmbcqlrw,dcd08b081baa8bc,1024,0/0
/spttest/d8mtbm68s4ao,182f218a5dae04c0,1024,0/0
/spttest/icn56lyybju4,21854736239c332c,1024,0/0
/spttest/zhj19pfkjqjr,40d22f1937540d27,1024,0/0
/spttest/5z7gofblajfq,aeb63916d4ab1e6,1024,0/0
/spttest/67dtq1khmjdu,b55994d484b1ca2,1024,0/0
/spttest/78c2yk027kd3,d3592c35d1c64d7,1024,0/0
/spttest/ek8307q8dni,bd25b3182d8d1e,1024,0/0
/spttest/k4l5jqsxv0ua,24c3dfd781ad2702,1024,0/0
/spttest/xf8ul39htmz0,3d0d4d44d89efe8c,1024,0/0
/spttest/ry2y89xvra6p,330c48d55e909f51,1024,0/0
/spttest/5og8pdexet0n,a5fac99753d5367,1024,0/0
/spttest/7vfxudm5jcb5,e61b803a5c45211,1024,0/0
/spttest/95qb92axhreo,10baf7e87bb62e00,1024,0/0
/spttest/u2jvn5fb2nw5,36ed93f7c6097c75,1024,0/0
/spttest/tz06haoma4he,36bf80a3a4e94b32,1024,0/0
/spttest/7xddbslips4z,e7ac526a9f2a0b3,1024,0/0
/spttest/66jpvh5g0zx,504c5806b2a20d,1024,0/0
/spttest/y4ssj7axwq6k,3e593ac931f3a58c,1024,0/0
/spttest/92db9oxgv2y3,108f4f65455814ab,1024,0/0
/spttest/y4twsvb41aaf,3e59a21b34726a57,1024,0/0
/spttest/8g8yq1npzv8z,f6ffa15bc928df3,1024,0/0
/spttest/p41t5logn3cl,2ddef7425f2e70b5,1024,0/0
/spttest/ibqxzxqv2vks,2179a8fddc0e035c,1024,0/0
/spttest/opais1tgwjed,2d1f45194acdde35,1024,0/0
/spttest/nuzt3iw88yb5,2b95b9d2661ac7b1,1024,0/0
/spttest/6qkjqloq5fc0,c4ed223b21f66e0,1024,0/0
/spttest/smvtzdr8tc53,344e72c6e960c6b7,1024,0/0
/spttest/dgn7iyt9ymok,1897300a0bc78454,1024,0/0
/spttest/vi3htgq8zrid,398b1bf479566605,1024,0/0
/spttest/u9g37hevq4ua,374722b3a078e202,1024,0/0
/spttest/qexcooyg5493,303fda984cf6fcc7,1024,0/0
/spttest/7yzwf99xhpkv,e8fe3817e7370bf,1024,0/0
/spttest/mrz8l3e7fila,299af02e1ccfdade,1024,0/0
/spttest/c5abxmxgvskc,16300b7e9534765c,1024,0/0
/spttest/d9a5f0lhmgji,18378d0ab6f5e23e,1024,0/0
/spttest/pz9i4a033wzs,2f7468d887854cc8,1024,0/0
/spttest/qi8ylry2qx0m,306b02a7b79423a6,1024,0/0
/spttest/os1ebmy7w9ky,2d42f21f33be4782,1024,0/0
/spttest/vdmk4tp565oo,39510a9bf2785b48,1024,0/0
/spttest/u6t678mmtvom,3724e3660a1973a6,1024,0/0
/spttest/eddkj24nzmap,1a405b30d00642a1,1024,0/0
/spttest/2bluplhl12gy,43dfed6ed826bc2,1024,0/0
/spttest/qrm3fjzzrxtt,30e4a7236ff84301,1024,0/0
/spttest/iomtn265ttj0,222108acdd2017bc,1024,0/0
/spttest/5h9hw6yg3rmi,a0250cd854de69a,1024,0/0
/spttest/5n41y00v4r09,a4e4994082360b9,1024,0/0
/spttest/m8gn1fhn99f8,289d6e6413c022f4,1024,0/0
/spttest/db4dt6qidj60,184f72e1d1003c48,1024,0/0
/spttest/1pmk63z8azpw,3207c835867f754,1024,0/0
/spttest/c6mhkf5wask5,16416b9f7698f315,1024,0/0
/spttest/yo4byn3f46dx,3f543090905d4455,1024,0/0
/spttest/3r2j1t2gtd66,6da774615f24fee,1024,0/0
/spttest/8j1rysfwa69r,f9459f0aae43a3f,1024,0/0
/spttest/mr8kz9b37nup,299152095875b381,1024,0/0
/spttest/ft46aj14kmfe,1ce068b28e92868a,1024,0/0
/spttest/f0kq22e2gt8c,1b6db0db5518d1fc,1024,0/0
/spttest/93k1khjrohw,762fd7c31b0bc4,1024,0/0
/spttest/fn7vbt45cpxm,1c93ce7f6830534a,1024,0/0
/spttest/94awg2q2tb3m,10a86b240766e772,1024,0/0
/spttest/twnk64hfu6hp,36a0f8769d9c8f5d,1024,0/0
/spttest/zfikubl6icwf,40b80a6f9de37bcf,1024,0/0
/spttest/ku3bszsp7f9d,260f29f140f52201,1024,0/0
/spttest/jnsaay90e55x,23e9a141e03275a5,1024,0/0
/spttest/47cx68sk2bjw,7ae0b4d139b2afc,1024,0/0
/spttest/pz2kl6ktod5j,2f71e89ac28f0597,1024,0/0
/spttest/pp6fohj2jm0,14dd122f6b6e6c8,1024,0/0
/spttest/rkx80hoz0mkn,32615b63b95ce547,1024,0/0
/spttest/zcbghxstqjag,408e80f142636128,1024,0/0
/spttest/56ap5nse0ir9,973ddfb7733ccf5,1024,0/0
/spttest/m05gtgrjnfaj,28317c52f5a92c2b,1024,0/0
/spttest/vkijvka9r9nv,39aa8545f2367aab,1024,0/0
/spttest/96ucsfkphzpm,10c96a958507480a,1024,0/0
/spttest/js85xw1z94b9,242350fb6b8f6515,1024,0/0
/spttest/xvueh5v5x6km,3de4e8253cc53086,1024,0/0
/spttest/pht653um2jll,2e91b2dbf4d34db9,1024,0/0
/spttest/nlqzhi7q43tr,2b1da39699a4225f,1024,0/0
/spttest/w7qdvw4rja1f,3ad819c0b15d0493,1024,0/0
/spttest/pa2ax6amxt0v,2e2d14621528ef2f,1024,0/0
/spttest/vkezuf3mlg5c,39a93cc5722b7700,1024,0/0
/spttest/70a9a8j7bonv,ccd0033384de49b,1024,0/0
/spttest/gj7gy6enm1o6,1e3351d2110d00f6,1024,0/0
/spttest/if19r27e6g6w,21a45a99de71c178,1024,0/0
/spttest/e1ebryf80r3g,19a4c2052c010d2c,1024,0/0
/spttest/u2boud3yp6oo,36ea9f93574c8c18,1024,0/0
/spttest/1cx2xtnp4rwa,27b6c046dd9eb3a,1024,0/0
/spttest/5orflspmnj0h,a63b65b15da9a01,1024,0/0
/spttest/93tsg3dquuib,10a23e9e684bd3f3,1024,0/0
/spttest/r7sivrsmflig,31b6cd191deb50a8,1024,0/0
/spttest/poxcw55puk4g,2eee22736f8efe60,1024,0/0
/spttest/lcdxsrw4nz2d,26fcccad7576c545,1024,0/0
/spttest/ujhpzzj1cv9h,37c99e1dae8be645,1024,0/0
/spttest/uyb26tg0b6rs,388a0daa5c3a8708,1024,0/0
/spttest/5rc55x9i48nb,a8529d02c1d6ac7,1024,0/0
/spttest/8t3yq71nxelj,1017089783a9d327,1024,0/0
/spttest/oeb9cmhembhu,2c90a7739646f5b2,1024,0/0
/spttest/aj1bmmeokts9,133b6a81420ec3c9,1024,0/0
/spttest/qhd2yuy1tima,305f82112686cc82,1024,0/0
/spttest/az4h0khx42nf,140c618a4f13cb6b,1024,0/0
/spttest/pxct9hze5yyt,2f5ba0086a6cca45,1024,0/0
/spttest/sw85a01j4x2x,34c7cb7ca8989779,1024,0/0
/spttest/9ky4x49qd498,1180a1757e01f4cc,1024,0/0
/spttest/rge7hvmvorpn,32268a0a19da694b,1024,0/0
/spttest/1wpo3e1w3w43,37c887bf2bb2953,1024,0/0
/spttest/sd7n4qg8yr80,33d0d10cb313a650,1024,0/0
/spttest/tnrl3fd4jjyn,362d84ffceec73cf,1024,0/0
/spttest/ss2ilfacsjqp,3491ce6b815976f1,1024,0/0
/spttest/kxnywkhllwax,263d94586311efc9,1024,0/0
/spttest/x2v1sg9me9g5,3c6c738495eac155,1024,0/0
/spttest/we681fbu7hqq,3b2bc02f437b6f92,1024,0/0
/spttest/one9mq0try1y,2d06a496272d4226,1024,0/0
/spttest/167djskiuy35,22436205445aa11,1024,0/0
/spttest/dxzsg66a2m19,19788b813a585e0d,1024,0/0
/spttest/1u83vsdo386c,35c37da64163824,1024,0/0
/spttest/uavrlmlllref,3759c811a5d6c6f7,1024,0/0
/spttest/dhigbvr1w00d,18a2760ab717650d,1024,0/0
/spttest/ilht36rm6hxq,21f841a5c32de24e,1024,0/0
/spttest/zq6181x03a59,414265810c1b8a1d,1024,0/0
/spttest/2q7qj1d2tpxd,4fbbdcdf4168e81,1024,0/0
/spttest/lj5jmc7cdao2,2754b226297cbf42,1024,0/0
/spttest/dk9ek4lmxbqs,18c629f438a643b4,1024,0/0
/spttest/b5dh930iu5f,90d24003082523,1024,0/0
/spttest/y5nya1zszn5x,3e6478f1b626f805,1024,0/0
/spttest/kikion11lym8,25797ec59a465780,1024,0/0
/spttest/iahpmyhog11t,216956f82a0e0551,1024,0/0
/spttest/dicr36njmq52,18ad64b161dbfcd6,1024,0/0
/spttest/k5prb47u4mov,24d286676576a5df,1024,0/0
/spttest/n1suo85nblg9,2a1a86d719876c59,1024,0/0
/spttest/c3l52nz8br6,9d2a6db8c20c82,1024,0/0
/spttest/x7xfix8drp0h,3cae41c7a79a9461,1024,0/0
/spttest/gt6dyj2i2jih,1eb4d258ebac1949,1024,0/0
/spttest/8bmbwhyaw2he,f33da674babf692,1024,0/0
/spttest/3nmx9c5jzsz,2f7f0eb72de103,1024,0/0
/spttest/w0evq4xbpx7,19fce65c3a008fb,1024,0/0
/spttest/h6212riwfp3b,1f5c1c28932b04c7,1024,0/0
/spttest/yb0g9g0qqhhq,3ea9edc990ae750e,1024,0/0
/spttest/3zs02r86hdva,74b92383a3e7676,1024,0/0
/spttest/10lxqllvsw7m,1db878ac7b25512,1024,0/0
/spttest/1i5kc0c749jc,2bf6de052892048,1024,0/0
/spttest/b1084nlevavk,1424d3c7a8a7fad0,1024,0/0
/spttest/fkh4vuxopneh,1c702e90121e1eb9,1024,0/0
/spttest/mmkmn06ax0df,2954b86e13f56223,1024,0/0
/spttest/o7j3cadsrf4b,2c388e2e827c154b,1024,0/0
/spttest/td2yxc241hge,35a2beb67331da9e,1024,0/0
/spttest/n71r8mnm3ssh,2a5eafa10aa7a681,1024,0/0
/spttest/vh9jtgare8uz,39804e09d5cdc75b,1024,0/0
/spttest/r054vub6kgot,31536fea5913037d,1024,0/0
/spttest/7g9ko7ut3v9o,d9c9528dc30a60c,1024,0/0
/spttest/i1meivzp7mjf,20f620fc82a402db,1024,0/0
/spttest/u3vlro2o63fw,36fecc4ec35bf6ec,1024,0/0
/spttest/6bh1j4znfmi2,b8ab777b9cd02aa,1024,0/0
/spttest/6cj8lw8kltao,b987f9e2cf67b90,1024,0/0
/spttest/wpq7btnah2ca,3bc1d78c7d21bc1a,1024,0/0
/spttest/okz1ckk8bkjh,2ce72b4cb4af54bd,1024,0/0
/spttest/a2xu9wm8gsu1,126a54c491b755f9,1024,0/0
/spttest/kixpelhkwz98,257e40cdc34dc27c,1024,0/0
/spttest/8enjf14ikvbi,f5b41d2c1fa8d8e,1024,0/0
/spttest/jem1tp5xqpby,237279fb3e34c7be,1024,0/0
/spttest/izrsz0skd11q,22b1b6a092ee8a8e,1024,0/0
/spttest/ieqnwgfu2sdc,21a086db1caa7620,1024,0/0
/spttest/blkung0o7otu,15300e10d7d35172,1024,0/0
/spttest/dj6nutfadu4z,18b82f724ae90fd3,1024,0/0
/spttest/jw8x61obgr1z,24578bddd3dac7f7,1024,0/0
/spttest/fwdzdzwl1c2x,1d0aea6fd44f1869,1024,0/0
/spttest/gja17h0rltw8,1e343e8903605598,1024,0/0
/spttest/y47b984tj32g,3e517ab931af2348,1024,0/0
/spttest/134ojpb4xcvh,1fc4577f2629f6d,1024,0/0
/spttest/g2z5zywghyvt,1d607eabc70f3ad9,1024,0/0
/spttest/49x41fgttkj4,7cf4ecbf6eeba30,1024,0/0
/spttest/tdjapide7sdf,35a8a2d618b00d63,1024,0/0
/spttest/jxw4yu589axj,246ce99af4153b97,1024,0/0
/spttest/isgkjwddb0ts,2252bc2ce42419f0,1024,0/0
/spttest/k5p57635c3t7,24d24dacdcffcf4b,1024,0/0
/spttest/uvr8lshou0of,3868ec3fc2265aef,1024,0/0
/spttest/2ngsqi8d12ox,4d80b032a70b0e1,1024,0/0
/spttest/pye3mywrztrn,2f69144696b69c73,1024,0/0
/spttest/jowbyg25en67,23f8143a31c059cf,1024,0/0
/spttest/zi0mflfpy8py,40d887a8e9d0c5a6,1024,0/0
/spttest/93w2e3yi5fdz,10a310df2831a727,1024,0/0
/spttest/c93o5hu5uwhc,1661994b0ed0acf0,1024,0/0
/spttest/qtdilyxp5dxx,30fb89481bc512d5,1024,0/0
/spttest/uj7kd2npyaag,37c5f3f8b7053d98,1024,0/0
/spttest/vte6pcq6me65,3a1dd95023155f3d,1024,0/0
/spttest/9l1z7jgd0sbm,11820447add0ec62,1024,0/0
/spttest/7ovd4u69r1h5,e0c5bf9195fa139,1024,0/0
/spttest/int5j904yzlk,2216542554febcb8,1024,0/0
/spttest/ydehja81yx2k,3ec8f8b92695fcec,1024,0/0
/spttest/3v538shkgpec,70f58d9c2501c94,1024,0/0
/spttest/hwz2g3xaboap,20b9c08099c6edc1,1024,0/0
/spttest/roh88xnv8r4q,328f8b205a44865a,1024,0/0
/spttest/t16kzegswbc9,35082d54cba07d69,1024,0/0
/spttest/vriocrscd9pm,3a057d8f58c89e6a,1024,0/0
/spttest/k4hv7esnv52a,24c2b03341573262,1024,0/0
/spttest/4dwz8trcxf3s,80337859d6472b8,1024,0/0
/spttest/rcqm4v5tjtc9,31f70efda1547c49,1024,0/0
/spttest/5ptc3342xgon,a7163516e7d94b7,1024,0/0
/spttest/jm53ixxvrx5n,23d44623dcf6139b,1024,0/0
/spttest/i0t2tumqwdmx,20eb8c4c99a29f09,1024,0/0
/spttest/wgwygt3eswg1,3b4f601440f61d41,1024,0/0
/spttest/ygnlh2immvu2,3ef339e9b77508aa,1024,0/0
/spttest/gagzf8ccx5q6,1dc1d939484c173e,1024,0/0
/spttest/dfvu370typxx,188d4f9e0dfe24d5,1024,0/0
/spttest/yte1j0viar8z,3f98a3c286969673,1024,0/0
/spttest/mwok821wfs5j,29d80845f93e2047,1024,0/0
/spttest/u5ngzpro1adj,3715d79eaade9ec7,1024,0/0
/spttest/t9lv0uf11yz6,35759aab5e318452,1024,0/0
/spttest/hn3j7pjlwbm9,2039786d7e56b3d1,1024,0/0
/spttest/60z8taq6wxzu,b0266f4e27dc21a,1024,0/0
/spttest/r8l76h1auz99,31c125c01b918bfd,1024,0/0
/spttest/bzobuomcbhgz,15e728e62595d133,1024,0/0
/spttest/j8jjvrk34ow8,2323a3aaef347a08,1024,0/0
/spttest/r5kyf1x0ey5o,319a177feb40986c,1024,0/0
/spttest/uoya0et521zl,381089a32dcb0f91,1024,0/0
/spttest/sxlxxr2dhfqf,34d9c310c7c0cee7,1024,0/0
/spttest/w7azlvfd0nvq,3ad28b980e7671e6,1024,0/0
/spttest/nldyb9r5yook,2b18efca7cb27274,1024,0/0
/spttest/4uufsbppbn5o,8df1e39500eb6fc,1024,0/0
/spttest/qmpcg380fe35,30a4e116f1714511,1024,0/0
/spttest/th1olb59wcd2,35d63cdb40ffd396,1024,0/0
/spttest/1yz7n9mnltqq,399f47a786968d2,1024,0/0
/spttest/zzbwz58jq6wo,41b96c204888c878,1024,0/0
/spttest/h9ap4v7rp3o1,1f86349a722d45d1,1024,0/0
/spttest/z7giotkmg58n,404f621f40d0f487,1024,0/0
/spttest/vnh42fs5to1j,39d0f81cd405a3f7,1024,0/0
/spttest/h6bpdt7xt9oj,1f5f99d6bf102343,1024,0/0
/spttest/h54b0macde7y,1f4ff124a79ddd3e,1024,0/0
/spttest/uk6xzwknq24j,37d2b7d7a9b29443,1024,0/0
/spttest/wgs7u3ql7kbt,3b4daa470ed3efa9,1024,0/0
/spttest/46zvr0fc27ny,7a956dccce07b4e,1024,0/0
/spttest/h3m5tat7wvo4,1f3c67e854c04354,1024,0/0
/spttest/yasbawvo5wwo,3ea6fe1dfd90a9d8,1024,0/0
/spttest/oe2nj40pnljd,2c8d8c854a0b85c9,1024,0/0
/spttest/x7afrvjy3o5j,3ca5f5f2cd5edb07,1024,0/0
/spttest/9bd4zfylfeam,11042694bb0ba31e,1024,0/0
/spttest/2xdksa241kji,558c61334da8a3e,1024,0/0
/spttest/54y5i6ukl1je,96259e24ad6a70a,1024,0/0
/spttest/kpxfabza5bxo,25d913a39d0fb1ac,1024,0/0
/spttest/529i1m91g9l2,93f7a56a8149986,1024,0/0
/spttest/wlkjmvj5ffy6,3b8bd7e3b934bf7e,1024,0/0
/spttest/3b0qblepjq28,609fd167046cbb0,1024,0/0
/spttest/cqsed85xmbtz,174756c1c0c29a67,1024,0/0
/spttest/uyfi0edoxp0l,388ba7bbc91a48e5,1024,0/0
/spttest/qqus01vuxhaj,30dacbde08059fcb,1024,0/0
/spttest/2xcuddqu9n3u,558824d8797733a,1024,0/0
/spttest/wqp16hqaqeya,3bce68a9a1125032,1024,0/0
/spttest/yabzyytqnpte,3ea11b2675a37072,1024,0/0
/spttest/1vc2y7j17l5h,36aa43085b923d5,1024,0/0
/spttest/opq13uwdv7ll,2d24dda5eb2f8539,1024,0/0
/spttest/67bollymtf,23d00acf79103,1024,0/0
/spttest/frvgjh47s4lv,1cd0466c0d3ccd53,1024,0/0
/spttest/wocrnz8tay4j,3bb0015195e61843,1024,0/0
/spttest/5af1q5gg50bl,9a964bb64d2b0e1,1024,0/0
/spttest/qqmw4n3rgd18,30d7f382f88afcfc,1024,0/0
/spttest/3fjfvqkksb13,644b252bda5ead7,1024,0/0
/spttest/qvra4yapvpsm,311a7b361c40d556,1024,0/0
/spttest/n57frtxsxr7n,2a46c1e77bc55803,1024,0/0
/spttest/vzq1up6muq2y,3a7010d30d769d8a,1024,0/0
/spttest/i36ht91vflre,210a5e0b3b7e0eea,1024,0/0
/spttest/dts4k4zyjdp9,1941d29aa6f6da1d,1024,0/0
/spttest/bci9gaw6prgb,14ba37a0d2ac3d3b,1024,0/0
/spttest/bosemr0ghp4h,1559bfae0ba4d971,1024,0/0
/spttest/2g1q8z5dlkyu,477ae4f86b0ee66,1024,0/0
/spttest/cjpy57g54fx5,16eb87995f143e99,1024,0/0
/spttest/c0fko4p6e4do,15f0fd776fc017ac,1024,0/0
/spttest/5ww4nwhc3mzm,acd522d5f18c722,1024,0/0
/spttest/2u99vm1ls4ho,53040d8850afebc,1024,0/0
/spttest/237u3h2zs8ms,3d1060dba5f35b4,1024,0/0
/spttest/fbn30b0gtilj,1bfd6ca5a253c367,1024,0/0
/spttest/vt18y2erib98,3a192e4749f49c7c,1024,0/0
/spttest/in8is4r2hvju,220ee266a57c87fa,1024,0/0
/spttest/w5toxsi4w0e4,3abf50b3f564d5fc,1024,0/0
/spttest/4fhbelj9nrt,398afb5649e799,1024,0/0
/spttest/h1kaq3u71y53,1f21c142474db217,1024,0/0
/spttest/auytyvka48i7,13d66389d8448e0f,1024,0/0
/spttest/5qghkrk3t2ng,a79bde0696b15ac,1024,0/0
/spttest/plk5niu3e3d0,2ec2675197820384,1024,0/0
/spttest/rintumm43htm,3243fd3918a2f8fa,1024,0/0
/spttest/x5pqox6g0fnu,3c9180f8be5f474a,1024,0/0
/spttest/f9ls7wqfhodk,1be2fa1565976ca8,1024,0/0
/spttest/rjzl4u41z12x,32553888bfab0139,1024,0/0
/spttest/gz058sgt2fqb,1f00815149dff923,1024,0/0
/spttest/ctrrbckhumys,176e136152d6d0c4,1024,0/0
/spttest/qtnm3x9xchml,30ff2df0e924393d,1024,0/0
/spttest/bk2ujl0ggwun,151c91e7ceb72a4f,1024,0/0
/spttest/3l2x87u1l5ep,68cac1c7a2c57a1,1024,0/0
/spttest/krotlllgxtsm,25eff38ff9b62916,1024,0/0
/spttest/4vo7nw99d6gm,8e9dc6ddf508ef6,1024,0/0
/spttest/neqjz8fafxb1,2ac28f008b917c5d,1024,0/0
/spttest/msgjz0a2o3n4,29a12fa7d0049270,1024,0/0
/spttest/kw5wu0v2kj94,262a1325aedb3c78,1024,0/0
/spttest/q1abb7uripg7,2f8eae42fd69b457,1024,0/0
/spttest/jfec9jh7en9z,237caf1442b52857,1024,0/0
/spttest/i7nxev3pa26n,21449d5ba92f3e8f,1024,0/0
/spttest/mjasahp4934o,292a337af1199018,1024,0/0
/spttest/i6gvkae3ow01,213514c757a63301,1024,0/0
/spttest/js465ttcwe1d,2421e0132b613f11,1024,0/0
/spttest/ouvdjf2tuc6l,2d67bdabe26bce2d,1024,0/0
/spttest/5pn3fb9mbc7,4a32bf341347e7,1024,0/0
/spttest/e1ez4q2hl7pj,19a4fdf17843b347,1024,0/0
/spttest/hybrc289uxdl,20cb5208be81ed79,1024,0/0
/spttest/vxg5rlxskvyn,3a5284abe33daecf,1024,0/0
/spttest/fbqnh478eics,1bfeb643fbbf586c,1024,0/0
/spttest/v8rnxkg4kb12,3911efe9a395b8d6,1024,0/0
/spttest/b5q5z28pqipj,146224d9d7469a37,1024,0/0
/spttest/uivif6swpe1f,37c19a92623e4353,1024,0/0
/spttest/xkdsv4nibtdk,3d5008fa4a107778,1024,0/0
/spttest/7pazxximzvhh,e120004770f3825,1024,0/0
/spttest/1y1slxstzgp2,38de5beb466bc46,1024,0/0
/spttest/dibnwryaiquv,18ad002baa491a77,1024,0/0
/spttest/yu767w1ni956,3fa3267969ccd9ca,1024,0/0
/spttest/451zb8cpvrmy,7901e3958b346aa,1024,0/0
/spttest/sznwj8r09ye8,34f472b73459a260,1024,0/0
/spttest/t75fur8ijps,17b44fb54a42850,1024,0/0
/spttest/xjz3jym7gn1r,3d4abae1ba0737af,1024,0/0
/spttest/sy3we4cbvuan,34e03dba9e40061f,1024,0/0
/spttest/346o8nc02pjs,5b135288e4e0dd8,1024,0/0
/spttest/apg4b8b58wyz,138eb0cbea04c9eb,1024,0/0
/spttest/ddp69p1cik27,1870edc7696e360f,1024,0/0
/spttest/bhkylnldv94x,14fc232ca9ba9101,1024,0/0
/spttest/kx3k1tdson72,263636de1bcc8b6e,1024,0/0
/spttest/iyjikfakxvqv,22a1bbb9f2900af7,1024,0/0
/spttest/6s0629lupigw,c617232cafc8bc0,1024,0/0
/spttest/c6whzv8yd70s,16450867fffc96cc,1024,0/0
/spttest/77bg0dt3wwry,d285a9fa768b4ee,1024,0/0
/spttest/63q4fmv26ntd,b26142cf8befc11,1024,0/0
/spttest/xg2t0dvbcl3x,3d181c4653758cdd,1024,0/0
/spttest/jdql96ef9xun,2367200cfed41a9f,1024,0/0
/spttest/7deb0mzjoq3y,d7752753fdb592e,1024,0/0
/spttest/cm45mhjth0el,170aa275c76c154d,1024,0/0
/spttest/xmbupn4zh27x,3d694f7ec5a0687d,1024,0/0
/spttest/3gjhhfn255nh,651b3b12accd9dd,1024,0/0
/spttest/t9sz592nokk8,35782bd308460d18,1024,0/0
/spttest/zu232alerwva,4174edc777084126,1024,0/0
/spttest/gojl8c44pl5b,1e78a382a24b0b4f,1024,0/0
/spttest/r0rt76savv19,315b9e677e7808dd,1024,0/0
/spttest/lbi06jupfish,26f14701dc86ade1,1024,0/0
/spttest/auyd9tc3cevp,13d638b31f7f7955,1024,0/0
/spttest/fyihw51b75um,1d2685e682f5f85e,1024,0/0
/spttest/zssqlvlvt7rv,4164913fb246ef9b,1024,0/0
/spttest/x4i8y2ggokkw,3c81cf9ae1686e30,1024,0/0
/spttest/rdpx1xmedooy,3203cbe4d7aef442,1024,0/0
/spttest/cp839mzmxzjf,173305a7e91f142b,1024,0/0
/spttest/h0blu7dn8zl9,1f11a1342694212d,1024,0/0
/spttest/g52asjs0bsid,1d7b9a96da918515,1024,0/0
/spttest/4ovo5kncqhnz,891a085b163a3ef,1024,0/0
/spttest/jmxs1hfflbxb,23de9f59e70d8a9f,1024,0/0
/spttest/2qt3tu35u0yq,50373a991ed9162,1024,0/0
/spttest/52657aacjblv,93e444853531583,1024,0/0
/spttest/r1duwwws2xm9,316392e7a81032b1,1024,0/0
/spttest/w6f8jt7qwc7u,3ac716c15e936bda,1024,0/0
/spttest/sec6j93p1rup,33df71905e9e3841,1024,0/0
/spttest/fo1l18lfkrsr,1c9e87223ece6cbb,1024,0/0
/spttest/s7syvat9ri12,338a935bfce13106,1024,0/0
/spttest/40s3omylgxk7,75898bbb6a46ae7,1024,0/0
/spttest/m39tzs3i3pfr,285a075f5b396187,1024,0/0
/spttest/aacjgnag7z3l,12ca8f586c5b9571,1024,0/0
/spttest/2rfksk1m6agj,50b8f4a786f3473,1024,0/0
/spttest/joo91jttqkdw,23f529ce28742ab4,1024,0/0
/spttest/lxbebyk5pdmu,280ca86253fde646,1024,0/0
/spttest/gnds16b5cup9,1e698d7e83e6f76d,1024,0/0
/spttest/azxt9623ta2f,1416f79f1f92a337,1024,0/0
/spttest/kkyjzm28bp8y,259889c9e1b3c492,1024,0/0
/spttest/mhc73v9r79i4,2910bb5989ed9adc,1024,0/0
/spttest/goh92c8jypsh,1e77cb8e97b30a11,1024,0/0
/spttest/m1t3hfpo8rdg,28470034c0e28894,1024,0/0
/spttest/xam4pz7rpmjs,3cd125c753d02568,1024,0/0
/spttest/uwemcz8yaquo,38715c02f4dc5870,1024,0/0
/spttest/w7ebgamo6t1t,3ad3bf173043a891,1024,0/0
/spttest/e206hbfu97sd,19aca488ce34f9ad,1024,0/0
/spttest/24mdya236o7z,3e3436942a70b1f,1024,0/0
/spttest/wpuo655qvu9e,3bc3743c398708f2,1024,0/0
/spttest/tp11rfee5pmh,363dec5553b786f9,1024,0/0
/spttest/sk8kt7zn7vr1,342c14434a522f7d,1024,0/0
/spttest/tqbcudd7jc6l,364ea1b4b4d2cf6d,1024,0/0
/spttest/7b9945cf5es0,d5b8538cff54910,1024,0/0
/spttest/7vr51tukdd8i,e65c28e736d6042,1024,0/0
/spttest/ds53jcw41nay,192c8641a1a6b03a,1024,0/0
/spttest/ypzemlrhivx4,3f6c64138f603f18,1024,0/0
/spttest/njoy14in2q4a,2b02ec9ae6fb6fba,1024,0/0
/spttest/xsrxoaqzfc04,3dbd0c876dba3584,1024,0/0
/spttest/tw18s596pkcc,3698eb2460920d3c,1024,0/0
/spttest/r5itn03g45xs,319952803759b310,1024,0/0
/spttest/twqh9exdubeu,36a2061aeece0646,1024,0/0
/spttest/b2rrjpqjb53n,143bc0cd6b51d993,1024,0/0
/spttest/njrv6voih0pv,2b03fa6c2f4c3fe3,1024,0/0
/spttest/85ptl20mtegu,ee72d562033247e,1024,0/0
/spttest/e72fyxmz71pk,19ee67e6f3fcaf68,1024,0/0
/spttest/4em232qhslq2,80c4403f70f95fa,1024,0/0
/spttest/8eh882dhrnk4,f58fae4cd5dd504,1024,0/0
/spttest/p7zonibm8ue7,2e1227ff3cfa0ddf,1024,0/0
/spttest/r00lhc89ctko,3151cca8b090e9b8,1024,0/0
/spttest/he6x6rlk27oy,1fc5ca135d66cb72,1024,0/0
/spttest/u36sowhraqcl,36f5d8dd6d5c82e5,1024,0/0
/spttest/3wh8n6ogzctw,720b8618ed0bbb4,1024,0/0
/spttest/2b1em6fno2w6,4369e2db4e417a6,1024,0/0
/spttest/l2rm96apqgjh,267fd7a526aa973d,1024,0/0
/spttest/bggnq175q5p,94d27591b17ead,1024,0/0
/spttest/9txd240r3vzu,11f541488e707fba,1024,0/0
/spttest/455jvhh42fta,7916816821df48e,1024,0/0
/spttest/8itqyxkb95cb,f9174704328ce4b,1024,0/0
/spttest/kx2kdlodhvcq,2635db56e13ad5fa,1024,0/0
/spttest/wq6autkg7qk5,3bc7a67df566b235,1024,0/0
/spttest/ey8m80pkvad1,1b4f5815e778de35,1024,0/0
/spttest/5nkm3y1z3yxs,a544335a52f5aa0,1024,0/0
/spttest/uczhz2lxysmk,37751b5b1273da6c,1024,0/0
/spttest/hzllju95pltk,20dbdc220b9dc3b8,1024,0/0
/spttest/dn7eg39pj98k,18ec68b331596284,1024,0/0
/spttest/xtb5sp1daveb,3dc3fc5d82c81e73,1024,0/0
/spttest/aaqompo9mepx,12cfa9c317180d05,1024,0/0
/spttest/pkly1gnm1yug,2eb60f4403ff38a8,1024,0/0
/spttest/e4ue2tn6lzsp,19d185969f757a79,1024,0/0
/spttest/euyu0tw6ij26,1b24d8a5966646fe,1024,0/0
/spttest/4y1mao9k196l,908ad4632e33cbd,1024,0/0
/spttest/lv3zp92jhfb,11c000c782b34f7,1024,0/0
/spttest/59y8gtqya516,9a353c48b4c11fa,1024,0/0
/spttest/hoslrst6u1le,204f8174378f3d92,1024,0/0
/spttest/dnnl35myetjb,18f23fa168531707,1024,0/0
/spttest/g7zebv9yxpc0,1da186543a88d480,1024,0/0
/spttest/3p8njmema2g1,6c2b280aae118e1,1024,0/0
/spttest/i5susrqv74nj,212c69fac7a7ea4f,1024,0/0
/spttest/wnteirqkwpr9,3ba904987da5b665,1024,0/0
/spttest/j1xd5myjqr1c,22cdb2c4e5076660,1024,0/0
/spttest/wt8is1ntqe3,1aa34c2539f85db,1024,0/0
/spttest/yrgeqnplpetp,3f7f83e1d801404d,1024,0/0
/spttest/mc2dqv6uiziy,28cc3e6ae038aa5a,1024,0/0
/spttest/hxfuviwgu93f,20bfcf55bd66f98b,1024,0/0
/spttest/4bj0wm6hycx9,7e4341d47fb5eed,1024,0/0
/spttest/t6art7jfn81g,354aa29b6454d374,1024,0/0
/spttest/2c4bbb56tjck,444a81167117134,1024,0/0
/spttest/h29dat5d7gar,1f2acd12739bff43,1024,0/0
/spttest/mogki1wazur2,296d3bfc6821e06e,1024,0/0
/spttest/v57p3mvhfdh2,38e3c3c69ce39ef6,1024,0/0
/spttest/slpfcnfmm80,1738829077cc500,1024,0/0
/spttest/zsu8y33mvzbq,41651cabd89c3696,1024,0/0
/spttest/m16msr4u0jb1,283ee54b01df7fbd,1024,0/0
/spttest/mqq6jguu4lqf,298aae5c9be11d07,1024,0/0
/spttest/8806pydzb0qw,f04e53c977d8f88,1024,0/0
/spttest/x3zhghsyio1k,3c7b0a72ac9fac38,1024,0/0
/spttest/ildb89py2csp,21f6a25a459ba349,1024,0/0
/spttest/yabnwqoqcw9g,3ea0fc33c0d58854,1024,0/0
/spttest/t77tc9yjg91g,35568eaf09a7dcc4,1024,0/0
/spttest/b25xuuhlz1qq,1433e0e3a1dc6c92,1024,0/0
/spttest/rdozgxrorl69,320375ba032217f1,1024,0/0
/spttest/phirh0aehdxu,2e8df189c8f2d6d2,1024,0/0
/spttest/ryhpz7kl769j,33119d2f486d5077,1024,0/0
/spttest/esl4zn7txvfc,1b05ed1dfaff0658,1024,0/0
/spttest/3l7pwxcysrft,68e672fee899be9,1024,0/0
/spttest/nxkgnys3bb7a,2bb7282b8c46c076,1024,0/0
/spttest/u8xg7afv2dk4,3740690be46a2c24,1024,0/0
/spttest/xkmvy4snom54,3d5350340d40ad18,1024,0/0
/spttest/skkvflv62ut9,343083ef5ff6ba7d,1024,0/0
/spttest/nut4svswahl2,2b935146704f7786,1024,0/0
/spttest/tusmn0w74tk3,3688d2208ea915a3,1024,0/0
/spttest/du7gd04xglf7,19475a689c396173,1024,0/0
/spttest/9cz0qskehisr,1119090f35ec576b,1024,0/0
/spttest/yi0tm53ua157,3f04fcd837a9be4b,1024,0/0
/spttest/f96crwihmgve,1bdd68eeb129f7ea,1024,0/0
/spttest/k90qhf0u3eq8,24fd741ba5217b50,1024,0/0
/spttest/5rciob50wfgs,a854c7a8e59fa4c,1024,0/0
/spttest/i0s1i2munzyi,20eb2c86992babca,1024,0/0
/spttest/lk9bu2o0pmos,27630ce75eaa3f1c,1024,0/0
/spttest/1nj43m231k14,30543aa0fe966a8,1024,0/0
/spttest/9vxnmo9v9bso,120f56eb963ee6f8,1024,0/0
/spttest/v0cdrp9ow7cu,38a482425dc4193e,1024,0/0
/spttest/x1h8f3juh0qu,3c5a7a1d54861806,1024,0/0
/spttest/upob8gfr7dws,3819ee59d4e6d92c,1024,0/0
/spttest/yg2l5421w2tg,3eeba553e0d63f44,1024,0/0
/spttest/inlxkzaqozl6,2213b92a4977bc2a,1024,0/0
/spttest/xj4a0k5mwv3n,3d3f9c0b3ec7af73,1024,0/0
/spttest/f08esr7xqxb4,1b693f8cf87f1820,1024,0/0
/spttest/23dlcyzyhaf1,3d319d9123c3cfd,1024,0/0
/spttest/qxjwxslerr29,3131cd48201203c1,1024,0/0
/spttest/7p9ik4v9lunq,e11770c302f5376,1024,0/0
/spttest/ciuztwja2f7u,16e05c8272c66f8a,1024,0/0
/spttest/3h452fhf5ei2,6592790fc5c9baa,1024,0/0
/spttest/as5a2gzwq3m5,13b1bf495996a0cd,1024,0/0
/spttest/9jon95ilkiam,1170378fc83ae69e,1024,0/0
/spttest/d2zgl5bqv9do,17e5c21c86a8373c,1024,0/0
/spttest/ah9jcfngibsf,132466bcd1cfc82f,1024,0/0
/spttest/po0c2ewenz9l,2ee2382e17c7c049,1024,0/0
/spttest/kaj54imywcrh,2511158f7b41a29d,1024,0/0
/spttest/k78phat7itfa,24e659f762674076,1024,0/0
/spttest/1yevnuhqb5vf,3929e5d8d79d07b,1024,0/0
/spttest/4jocqyixfbxj,84e0a6549c6d327,1024,0/0
/spttest/5shjciyywfw0,a94194d7e196270,1024,0/0
/spttest/91ouuugc6518,10867c72739f8afc,1024,0/0
/spttest/qke4topriy18,3086daf7e2ae3bcc,1024,0/0
/spttest/sp42vhsitpbq,346b670d26083776,1024,0/0
/spttest/t16eg4r6qa0p,35081c9029920739,1024,0/0
/spttest/lytnmt9v41f1,28203c228096732d,1024,0/0
/spttest/mtndpidy1fcg,29b0a36b1a3f19f0,1024,0/0
/spttest/5foa6sr4bfjl,9edac0ae6f33371,1024,0/0
/spttest/dgo0dk1sgxo5,18977a0fb84ace75,1024,0/0
/spttest/qlrnuayicnwx,3098b9ce5e553e11,1024,0/0
/spttest/1zxif5ukjldo,3a654a50594cefc,1024,0/0
/spttest/ij4vtan6sh8k,21d99d56d655a844,1024,0/0
/spttest/7l5a2gwyszqc,ddbfac32ccc05e4,1024,0/0
/spttest/wez2z52wspq0,3b3629df34e9e938,1024,0/0
/spttest/7upy8xmqds24,e58577a3547514c,1024,0/0
/spttest/88s4c82mqo4i,f0ef96ff1539aa2,1024,0/0
/spttest/7nr92upaupxt,dfde2d6b5958cd1,1024,0/0
/spttest/klemhgenf959,259e5615705e8b0d,1024,0/0
/spttest/tpexmk8boqri,3642eee0f730687e,1024,0/0
/spttest/7l0xo5nv5jyr,dda697add057f53,1024,0/0
/spttest/n0eka19rphjv,2a0861c2426f741b,1024,0/0
/spttest/ys67cu4zcawt,3f88d282cca2353d,1024,0/0
/spttest/nsrf84rbrrrf,2b78b8c515863c4b,1024,0/0
/spttest/7xcpk5x456uz,e7a882b334aa9fb,1024,0/0
/spttest/5t74ee92rpq1,a9d5486006120f9,1024,0/0
/spttest/1vcv6zmhs9d8,36aeca84525976c,1024,0/0
/spttest/ggbc1klxj2tl,1e0dbeefb56e4a09,1024,0/0
/spttest/8lvxqjqpc8kh,fb9364ee30bc761,1024,0/0
/spttest/214kup7r84sj,3b5deb7d0dc5143,1024,0/0
/spttest/zm33uwcqabbx,410d6221db1de1dd,1024,0/0
/spttest/x55rry1lgxuk,3c8a4c635bb0c85c,1024,0/0
/spttest/b9kalo6w9632,1493fb8b00a93f0e,1024,0/0
/spttest/w6vo1cdlb3hn,3acd046230a36f6b,1024,0/0
/spttest/ihmc62jj669i,21c5ef0c85cd2436,1024,0/0
/spttest/q9btwwf86ir8,2ff72469c9844874,1024,0/0
/spttest/vwaz0gmesxx,19e52e54a456005,1024,0/0
/spttest/wasbds8v9u0d,3affc3d654809f2d,1024,0/0
/spttest/qb4noefzejyw,300e8859387adb98,1024,0/0
/spttest/srm7ixrtx2bs,348bec20911ea308,1024,0/0
/spttest/2uwoe16gr52i,538b28c982bca6a,1024,0/0
/spttest/ggjr5lww36xg,1e10c8a8201575d4,1024,0/0
/spttest/24sibqwt6nn0,3e578d7fa76da2c,1024,0/0
/spttest/tara49z92uv7,35848c7fad73adc3,1024,0/0
/spttest/g364zpojaftu,1d6302aa278511a2,1024,0/0
/spttest/tdf96rsny6ul,35a72d764920ee2d,1024,0/0
/spttest/4h8bzh8mrdp6,82e4808212a441a,1024,0/0
/spttest/oxv542pyve2o,2d8e9fd2613fdf00,1024,0/0
/spttest/a19rwjqszu7f,1254a896f740f7ab,1024,0/0
/spttest/izqa5pwkde9a,22b129fc87406d6e,1024,0/0
/spttest/qoyeuzfujflc,30c2211c449effb0,1024,0/0
/spttest/lu04cw1f1lrc,27e19ef8bf8d3768,1024,0/0
/spttest/tgg7scimjycz,35ce7e01b3ac52b3,1024,0/0
/spttest/atn5qr97h5b2,13c53012d2b9901e,1024,0/0
/spttest/4lrav4kczlga,869152de7edb35a,1024,0/0
/spttest/pm36gx98s6ah,2ec944692767ead9,1024,0/0
/spttest/i2whgin75rb9,2106c17433605c85,1024,0/0
/spttest/4mprxdolyet2,875857a7ecb2476,1024,0/0
/spttest/nqvyub5bwhgb,2b60620f55d56f5b,1024,0/0
/spttest/xuwib6utz329,3dd8ad7672588f41,1024,0/0
/spttest/f7brxnfrtx9f,1bc56328154094a3,1024,0/0
/spttest/ntiajo86bgjg,2b826ab4bd814e7c,1024,0/0
/spttest/9txv9dzvirs1,11f56ffc77635821,1024,0/0
/spttest/5cg1fvc3yan7,9c3bae1864ead63,1024,0/0
/spttest/5w6zsdrx2xjp,ac44076299cf355,1024,0/0
/spttest/19wcm3ss9l7s,25430b397710fa8,1024,0/0
/spttest/b8q5c2mmstsq,14891afb8ea893da,1024,0/0
/spttest/6bk2apy6seqx,b8bce89ca10d7a9,1024,0/0
/spttest/q6xynkhhfw5n,2fd828e8810ee58b,1024,0/0
/spttest/gkugj0inut8d,1e489a775549ae7d,1024,0/0
/spttest/djpbhetqmz45,18beeab2be236945,1024,0/0
/spttest/8rp7okd6vbjw,1004b8c99148a63c,1024,0/0
/spttest/gahr22kavyiq,1dc22020b4457a82,1024,0/0
/spttest/vjoqcl842r19,399fc2d58a3ee95d,1024,0/0
/spttest/jmwzxsg2eg7d,23de573ef5f6cb89,1024,0/0
/spttest/gq7txwmk6tx5,1e8e5ff419d0c8f9,1024,0/0
/spttest/vuqvwqejovtn,3a2f6ba8c5c4421b,1024,0/0
/spttest/h1snex65zkl8,1f24c4c34a18dffc,1024,0/0
/spttest/12f0bsfzx6y9,1f3021ea396c071,1024,0/0
/spttest/6snxqkd3so7d,c6a05ad0d986089,1024,0/0
/spttest/u5brfz7pv11i,37119e048d2d3c06,1024,0/0
/spttest/khwlbhlrfqml,2570dcb1b390738d,1024,0/0
/spttest/jkr766pjqlbn,23c24514f956c573,1024,0/0
/spttest/pkxx9pqoxk1a,2eba61b4fc3173ae,1024,0/0
/spttest/mts0uasz9wie,29b2503ee8341fd6,1024,0/0
/spttest/ubsyr674frvz,3765c2939b595aef,1024,0/0
/spttest/sqemg1g1kdi0,347c32346ba37258,1024,0/0
/spttest/fejax7dzxlsz,1c23073fe028f3a3,1024,0/0
/spttest/2f85xjosgihj,46d038057022d97,1024,0/0
/spttest/rff3ryua67tr,3219df9b5d83cf1f,1024,0/0
/spttest/mt8y3m7awwml,29ab6e373d6a532d,1024,0/0
/spttest/f224777o6naa,1b80f4a9171f7f62,1024,0/0
/spttest/j0yxn0nygw8a,22c1466f6138e52a,1024,0/0
/spttest/gewnslgy8ais,1dfb764e4049d944,1024,0/0
/spttest/lh1rspwquinq,27395b24c84b23f6,1024,0/0
/spttest/ulh1f8p50ehq,37e35992700db25e,1024,0/0
/spttest/g9m762wp2e4a,1db6bdaeabf98cfa,1024,0/0
/spttest/pdz7glm30mrd,2e5feb6d3aeabe39,1024,0/0
/spttest/w4s0ouxfuhi6,3ab1b8dccdef271e,1024,0/0
/spttest/sa3gh4blkill,33a856ba8aa85c29,1024,0/0
/spttest/ab4jumff7ivl,12d4aaa6fc9f4651,1024,0/0
/spttest/l7551ql9wmig,26b8adadd99c36f8,1024,0/0
/spttest/ese51jmtigib,1b0366acc3c7e913,1024,0/0
/spttest/lfxxlobcds21,272afb4e7f3c2749,1024,0/0
/spttest/g63mqy5imka8,1d8912e3bb373630,1024,0/0
/spttest/fijlkk3pg8fk,1c571799448773b0,1024,0/0
/spttest/dfgxyiako0xq,1887f005d9e0b6be,1024,0/0
/spttest/is2zsr2prbb8,224dd6233faa2304,1024,0/0
/spttest/vldttj3erriw,39b5ce33a1e6ee18,1024,0/0
/spttest/24a6kbzpjnrp,3dedc09acf3d415,1024,0/0
/spttest/9s69x0zbtel1,11de7e06401a8615,1024,0/0
/spttest/zrl1wxj38vaj,4154ce0ebcdb6f6b,1024,0/0
/spttest/ysli5ra5t29d,3f8e57c0eee32db1,1024,0/0
/spttest/tb0hymm44g21,3587dfefc3e4a649,1024,0/0
/spttest/7j9cji6gvtqe,dc378114e7e7046,1024,0/0
/spttest/82ka508j1xg3,ebe35d4cc8eb293,1024,0/0
/spttest/59uuw666m9r1,9a21bd5f131d8dd,1024,0/0
/spttest/m010xmwwuao,11dc647cad7a960,1024,0/0
/spttest/bzzlynv7fzpy,15eb3ae420589596,1024,0/0
/spttest/hqcwevpubsgo,2063d160df1db6d8,1024,0/0
/spttest/sh7xchwy39zy,3404e049a346475e,1024,0/0
/spttest/9qfxj5hjxkk2,11c7ff6a42dacd52,1024,0/0
/spttest/spx6i8o8zg5w,3475e70c87b8a494,1024,0/0
/spttest/ro1d3k4zwahl,3289d1ae273b9019,1024,0/0
/spttest/raoap56eo2xu,31dc3e658ad15ae2,1024,0/0
/spttest/nxvgtrlr09uj,2bbb20a25af390db,1024,0/0
/spttest/yiacbsomp2wf,3f086c2bdf4b90ef,1024,0/0
/spttest/g1duqah97bpg,1d4bd0c48bbbe404,1024,0/0
/spttest/cf1hom5iqh8j,16aebf7fd28bbfc3,1024,0/0
/spttest/n6j2m6qwbqci,2a57f1d288d30222,1024,0/0
/spttest/8zd8jdbrvpjo,1068509e27ae2a14,1024,0/0
/spttest/vfb95x71kxu7,3966f0ed30e0554f,1024,0/0
/spttest/ldk4puq47owz,270c05e5631cc5e3,1024,0/0
/spttest/if5umhc780ks,21a601a10c845bec,1024,0/0
/spttest/6p5hz1vailw9,c3c66d467fe3559,1024,0/0
/spttest/a87ltjprsj9,84db076875be35,1024,0/0
/spttest/kd3lprzrhi2b,25327201ae50ccb3,1024,0/0
/spttest/ta47m6a7f73k,357c399b7d9380b0,1024,0/0
/spttest/khb2hkhmc7x9,256918a4fd4eed1d,1024,0/0
/spttest/piqas9ohb3ma,2e9da6ecd5d38812,1024,0/0
/spttest/x52mw0of64q7,3c892abea93a2c6f,1024,0/0
/spttest/ia0mws635q9c,21632db64d548f30,1024,0/0
/spttest/ae8g8rgje0ks,12fd0aa3dc43dd6c,1024,0/0
/spttest/poyvtey5qfk7,2eeeaf5fe823de47,1024,0/0
/spttest/7wy7t5jtfo9h,e754d784ea42195,1024,0/0
/spttest/n1cy5fur95gt,2a14c9df6084e6ed,1024,0/0
/spttest/44hvhkhjnz06,788dd0c346f67f6,1024,0/0
/spttest/v8z4j1hrtb5i,3914a112c77b8cb6,1024,0/0
/spttest/81ve5qawva5i,eb53af09f0dad26,1024,0/0
/spttest/dpfj7c5f1bce,1909525d4b4e12ae,1024,0/0
/spttest/u1m4bhrwl4wd,36e165b5787b480d,1024,0/0
/spttest/viv7ncsvo8ga,39951c2c2a052fca,1024,0/0
/spttest/wh8an0q32xnv,3b53775ca7b561eb,1024,0/0
/spttest/vdj9sjx1f5p2,394fdaf8d315bf96,1024,0/0
/spttest/jar7dekvia9n,2340610773eb737b,1024,0/0
/spttest/1o7zdfzgw2nj,30e3cbdfcef816f,1024,0/0
/spttest/hp5v76pjfhsq,20544a6e05fd1eda,1024,0/0
/spttest/54xt5szlgn1p,9623a363b0879ad,1024,0/0
/spttest/4jleto7y4rdi,84cfa9dac6e0196,1024,0/0
/spttest/f3dbszlpkrwz,1b91fd7b373c2753,1024,0/0
/spttest/2g67359vpi5w,4794afc88117b34,1024,0/0
/spttest/ejr8wq9qw84y,1a933a1244d4af32,1024,0/0
/spttest/nby69tb72x32,2a9e5702ce8d96fe,1024,0/0
/spttest/k91qob4exns8,24fdd0f7a84304a8,1024,0/0
/spttest/jk0b5xs1ttk6,23b8916284dc1be6,1024,0/0
/spttest/7zklf4oyonhi,e975b01980f4ee6,1024,0/0
/spttest/vegqu3n6wkj9,395beeda465861f5,1024,0/0
/spttest/xbn7sxpj2blt,3cde874fd0e5ae41,1024,0/0
/spttest/u0byx91izj1e,36d0beecfa8d1122,1024,0/0
/spttest/gdy3yu3idcvv,1deefeea18ea207b,1024,0/0
/spttest/tbccmwu889oy,358c26b10999a312,1024,0/0
/spttest/l32ar1cst6ym,2683b22df293e47e,1024,0/0
/spttest/8a8904n5avjo,f21c88d8171df34,1024,0/0
/spttest/4mbpja8s722m,870722fd9e2223e,1024,0/0
/spttest/mfwwxg38rvb1,28fe3a7430580b3d,1024,0/0
/spttest/131kk3dvnnz7,1fb2620e847dc23,1024,0/0
/spttest/j0ccemzgbedk,22b91fdae1d57988,1024,0/0
/spttest/39fhhomhizwm,5f5557094740f46,1024,0/0
/spttest/btrklkmxwtrs,159a64e7f547b7b8,1024,0/0
/spttest/h21qw4j4w49m,1f280d0025d9cd9a,1024,0/0
/spttest/6nen5czzdcb1,c25b8e8b5b9ee8d,1024,0/0
/spttest/13pyetp2xjpj,203f28305c77807,1024,0/0
/spttest/roylpxr8fzl6,3295cff418da05ea,1024,0/0
/spttest/7dq8c4e4pvp8,d7b9fff7d9528bc,1024,0/0
/spttest/jsnzrbig4w49,24290702cfc28399,1024,0/0
/spttest/w5se7jb6gp19,3abed8ce3c5aa4bd,1024,0/0
/spttest/bgddvwgelvse,14ec6a3056cd622e,1024,0/0
/spttest/w6r9igbg7hql,3acb6da4ab4af18d,1024,0/0
/spttest/mzgr1m64wi7m,29fc2e9958322032,1024,0/0
/spttest/bze9xweolgop,15e3885072a497b9,1024,0/0
/spttest/w4kcrho1fgrx,3aaef4e4bfe0d3ad,1024,0/0
/spttest/gv9j2kk329xr,1ecfef151e1411cf,1024,0/0
/spttest/vxr4abyjplym,3a5678ecc907266e,1024,0/0
/spttest/dy0b9x3xxvof,1978bbcf22d21b9f,1024,0/0
/spttest/lnsami375ob2,2790dc90ae39fd4e,1024,0/0
/spttest/9y3cbmuc0inp,122b5ea1fa234275,1024,0/0
/spttest/cjgnhpcqvcpg,16e82cf3b6a22c14,1024,0/0
/spttest/sfxybzaqhwi,17173d4762ec322,1024,0/0
/spttest/wu52as3z3d4d,3bfb293233fd942d,1024,0/0
/spttest/vj2jm59nzb9v,3997c17414b62ed3,1024,0/0
/spttest/jz7o2x96otpx,247e0ff42e7cc675,1024,0/0
/spttest/s7fcsd2j1u60,3385a9ea62b859f8,1024,0/0
/spttest/g8mpc6jc6v8c,1da9ef0b6588fb9c,1024,0/0
/spttest/uvk29f54tmoh,386655651c450011,1024,0/0
/spttest/ql5jsqq88gji,3090bf54909555be,1024,0/0
/spttest/lkn127cgioxz,2767fe6a3cd9fec7,1024,0/0
/spttest/3hyep25wo24d,66413518da2d4bd,1024,0/0
/spttest/blfa4depz97o,152e0b8caff19a64,1024,0/0
/spttest/pqnuf50kiajn,2f04ae411188a9e3,1024,0/0
/spttest/mep8zi9k8bqf,28ee792ffd342567,1024,0/0
/spttest/jokmiawicrim,23f3dae1a8e8084e,1024,0/0
/spttest/w2fbixczyy5q,3a93295cdb22246e,1024,0/0
/spttest/uj7rfbde3a5,18c9c9d18f1f11d,1024,0/0
/spttest/7c2xle129oh3,d663ab566abea27,1024,0/0
/spttest/dh0c5od4c3pe,189becb545e635c2,1024,0/0
/spttest/nopxrm6rnfv0,2b443a944965a30c,1024,0/0
/spttest/epxur2w32a48,1ae38bdda5e3e2b8,1024,0/0
/spttest/rkzj9wfifjws,326231053159408c,1024,0/0
/spttest/y883sxa7ifrt,3e85b8ff0a9dff59,1024,0/0
/spttest/u78dd77y8081,372a5f4ebc874121,1024,0/0
/spttest/qw9xicidn6h1,312135ceb4f77585,1024,0/0
/spttest/44tm03tlg9v5,78d192141d18ef1,1024,0/0
/spttest/e7qghzos1j8j,19f7121923d783a3,1024,0/0
/spttest/4foed410kuci,81a19836dccfaa2,1024,0/0
/spttest/zk08dtghcsb3,40f25e20295d1b4f,1024,0/0
/spttest/sqoo5s8h7r3l,347fd249ade355f1,1024,0/0
/spttest/b4flfj5zcza3,145157344434649b,1024,0/0
/spttest/hx33xpj7dx1w,20bb35cba6054b94,1024,0/0
/spttest/2uac93y0htbs,530a34ebc77e6b8,1024,0/0
/spttest/f524az0os45u,1ba7ecb316a4cc12,1024,0/0
/spttest/8nzvzbu6k9d3,fd49dc9ef9ada67,1024,0/0
/spttest/lmiv56vzs10b,278078461027731b,1024,0/0
/spttest/k1dwbiuz44nm,249a49d0e3a30b92,1024,0/0
/spttest/4zdwkyopm2zg,91a19574ef0f19c,1024,0/0
/spttest/frtvf8rw2145,1ccfb3dee9e61e25,1024,0/0
/spttest/c63amfqzdh9i,163a7ecf3be0b3a6,1024,0/0
/spttest/refxrlqys6y5,320d2f4c3b6a2c2d,1024,0/0
/spttest/w9p5yah42e4z,3af1a38ae7013c13,1024,0/0
/spttest/iapuahs53hyk,216c45db1d0d22ac,1024,0/0
/spttest/7y9y7ldmjlkq,e86868452a22dfa,1024,0/0
/spttest/5j12rtj0dpie,a19419267af7e66,1024,0/0
/spttest/nblb1h8xp53,12eef9fb4c6b987,1024,0/0
/spttest/ycv5ibzmd56q,3ec1fede9418cd82,1024,0/0
/spttest/hv2fd91yln5e,20a0fc3ec2593e72,1024,0/0
/spttest/pr8r3l2k4ubj,2f0c3977686b5e7f,1024,0/0
/spttest/4j9um2jlc3e3,848ceb52e469d2b,1024,0/0
/spttest/hhmq7myh3br0,1ff275d6dcc0f73c,1024,0/0
/spttest/qeqhdodsts47,303d600f9f48e397,1024,0/0
/spttest/optfoy6m7ftx,2d26182d528219e5,1024,0/0
/spttest/geez4exxoql4,1df514be46f56198,1024,0/0
/spttest/mxekr3357hiy,29e16b342f9f557a,1024,0/0
/spttest/2ru44rmq0c5r,510ce1104f05f8f,1024,0/0
/spttest/o3jyu307na3,139067fbb7cbd9b,1024,0/0
/spttest/5hqtsabgqzlg,a089192ec6cf2b4,1024,0/0
/spttest/ip8t3w2x7zye,2228f7690d927ac6,1024,0/0
/spttest/ytqdn47kpu0y,3f9d174287867442,1024,0/0
/spttest/ahpsg065cad9,132a43f9d83cbc7d,1024,0/0
/spttest/9ff9t8js7vo0,1138e0bb23082410,1024,0/0
/spttest/mnwrw2xeg697,29661794d9f295ab,1024,0/0
/spttest/iil50312tbo7,21d27d8cdcf8f657,1024,0/0
/spttest/iuj0px2gj25f,226d98e8283e39a3,1024,0/0
/spttest/tmm5lepr7h7e,361e92215f7e71da,1024,0/0
/spttest/8jzikwjpipsn,fa08660ecf53817,1024,0/0
/spttest/45b4o0z8isch,7936b476fb4d401,1024,0/0
/spttest/km1mrewst6ue,25a6a343593483e6,1024,0/0
/spttest/opytvckr7zac,2d280a653661f964,1024,0/0
/spttest/ugbuc2am17q7,37a087429ad23b5f,1024,0/0
/spttest/hyjbw40y7z0v,20ce0d5b46084f0f,1024,0/0
/spttest/r99u4psay02d,31ca0979df55fed5,1024,0/0
/spttest/82tdmibuq4xs,ec17e1718c22580,1024,0/0
/spttest/7p5sztck0dc3,e1020599b681783,1024,0/0
/spttest/bogl8ii3cqlk,15557c34f06b9ca8,1024,0/0
/spttest/7o88f51dmmsq,e040368a520fdea,1024,0/0
/spttest/8y5yluqnttfo,1058b34d732c7944,1024,0/0
/spttest/dwflimayyqp0,19644518e24765a4,1024,0/0
/spttest/gepch5kag4oq,1df8d2b0590e25ba,1024,0/0
/spttest/64qkxojmmycs,b333bc56bca196c,1024,0/0
/spttest/4ruv9hlqrldo,8b84e29eaa4c2fc,1024,0/0
/spttest/by95fw0z10cq,15d4b1ab65d27b0a,1024,0/0
/spttest/nnu0fnsn4ljq,2b38b5a408d2dd16,1024,0/0
/spttest/itkntlq243uh,2261334b46bb6679,1024,0/0
/spttest/2ev8mj9ve6dv,46859a070a00ad3,1024,0/0
/spttest/tkgm2udqurkn,360297b3e000f517,1024,0/0
/spttest/uvovqzgielha,386812870be2a63e,1024,0/0
/spttest/hg8wp1yenq70,1fe07c102df4ca5c,1024,0/0
/spttest/12sang5z8xjx,1f7cd65484f52dd,1024,0/0
/spttest/u2rsuzradx1o,36f06fc6810c2e8c,1024,0/0
/spttest/o5zyvhs42w3o,2c24aa77ddca5304,1024,0/0
/spttest/7ciyzlf2kok3,d6c042dbf0aa753,1024,0/0
/spttest/2ydee3a9szlo,565b2ed036c643c,1024,0/0
/spttest/nrgmnlq6k6r4,2b67d6868f46dd30,1024,0/0
/spttest/zht7t2ntlkqz,40d5db8e5531b54b,1024,0/0
/spttest/i0l1lu3m03ss,20e8a6375d57f53c,1024,0/0
/spttest/uogjc4gy7daj,380a22ef9791210b,1024,0/0
/spttest/w0642z8v8r3m,3a75dc701ead8a32,1024,0/0
/spttest/72h09rh1kg9i,ce96a2a57a80456,1024,0/0
/spttest/oazuv8j8oku5,2c6592786e64f37d,1024,0/0
/spttest/b1ixm7t6h2up,142b93cdf63672b1,1024,0/0
/spttest/572exhv50gzj,97dde0da716a6ff,1024,0/0
/spttest/1f6l5o5oj0v8,298d4969e179724,1024,0/0
/spttest/ml8rgt2a6y6w,294373243d8e5498,1024,0/0
/spttest/oh3wc7ejdjl7,2cb4f7424aa5ff6b,1024,0/0
/spttest/ryunb6sv92uk,33164720d40105ac,1024,0/0
/spttest/cb83c8rn4uic,167d2c3f5196b674,1024,0/0
/spttest/t78wdh7eskhz,3556f2d5bf9ef0c7,1024,0/0
/spttest/o9393pgl4pyy,2c4cd1961c50217a,1024,0/0
/spttest/57mi06wtpy0o,9851d4ec3229578,1024,0/0
/spttest/dis8bdgk2sd1,18b2fa6b24456015,1024,0/0
/spttest/ydjjlacrscou,3ecacbd6bd88ba3e,1024,0/0
/spttest/4rbnagty9lel,8b15eb5e9a54a9d,1024,0/0
/spttest/365pmp0zeb5y,5cad6dede7a4306,1024,0/0
/spttest/yhoe8stvdfn8,3f0080fcf2fe6374,1024,0/0
/spttest/mox106v64h4i,29732c391eb631b2,1024,0/0
/spttest/59hb4iy5j8sd,99d38540dfec03d,1024,0/0
/spttest/rttpyx7zegwc,32d4ff4ca9e85c0c,1024,0/0
/spttest/oyvmf2sf89ac,2d9bc97b22062004,1024,0/0
/spttest/onfge3r9jtoj,2d07124d0f44c203,1024,0/0
/spttest/pm3dwuavb8w9,2ec9578178b1c8c9,1024,0/0
/spttest/qk1nk4g8omce,30825a3fde9d0f1e,1024,0/0
/spttest/hbrp7r8nny5,e1107d0891dcfd,1024,0/0
/spttest/2llqyzbusisb,4bfd9d004bbe81b,1024,0/0
/spttest/6ebb8eauo01v,baf9debb3383c43,1024,0/0
/spttest/ndn72ep3ewgi,2ab45b82ff33e2d2,1024,0/0
/spttest/k3sviy7apuki,24b9abd10a4ccd02,1024,0/0
/spttest/3wyybh6iczr9,7271c8462dd3a05,1024,0/0
/spttest/ac25q7d4yqkv,12e0caefc7f2830f,1024,0/0
/spttest/zssk63falujs,416480baaf1623e8,1024,0/0
/spttest/t3krfyv5v0lz,3527459355d0f5d7,1024,0/0
/spttest/6syvrr2twhx6,c6df8adfdb217ba,1024,0/0
/spttest/vcvgfd0kh1wp,3947432789b247e9,1024,0/0
/spttest/cengdpprihne,16a9af004df8f8da,1024,0/0
/spttest/uccc1qsy0yyk,376cbfae9193e2fc,1024,0/0
/spttest/iegdu85nz3qv,219cd15b505ca8b7,1024,0/0
/spttest/dhiculn79hbm,18a26d1ce53ab2f2,1024,0/0
/spttest/4tva5ghpb5zf,8d26ee06dcbd00b,1024,0/0
/spttest/kbb7510h0o08,251b350a09cd7a88,1024,0/0
/spttest/xybysofk5an8,3e05390e33da7524,1024,0/0
/spttest/fci23bgon2hg,1c0899b6217c3454,1024,0/0
/spttest/uru99yypswge,38360e0cda00744e,1024,0/0
/spttest/igiiu4gxk1gu,21b7916da2a8056e,1024,0/0
/spttest/sbye2xmiu1bh,33c07d421f905c2d,1024,0/0
/spttest/jk8e2z255dok,23bb7bd11d42f184,1024,0/0
/spttest/yznr7llii0yj,3fea1482b610ab5b,1024,0/0
/spttest/a89xab9ts1sp,12afa3325ff42919,1024,0/0
/spttest/w3j4rm81x84f,3aa186c056c2885f,1024,0/0
/spttest/ulbb7naz7s0z,37e1487aa9f624a3,1024,0/0
/spttest/5mubayyc9tqk,a4ac5e98c75f2cc,1024,0/0
/spttest/ylc1v2nmg1mi,3f3001d40d4cde3a,1024,0/0
/spttest/fts5oookmbk3,1ce90ffa80145803,1024,0/0
/spttest/lt4bj49yjm2r,27d62597a3cb1c83,1024,0/0
/spttest/v6sy9od7hdf7,38f86c49ce05d933,1024,0/0
/spttest/8yx44nn1qr9f,10627f6a037cd983,1024,0/0
/spttest/pqjj5rxxwqbx,2f031fe3e731224d,1024,0/0
/spttest/f1yd6y7w58ez,1b7f9a4304ecf5db,1024,0/0
/spttest/i5vhmtfi8h7k,212d5d4e0a1e4720,1024,0/0
/spttest/3dsfsqpl806o,62df6e90f3f8bf0,1024,0/0
/spttest/n0lijrf7mns3,2a0ae3e5eebe94e3,1024,0/0
/spttest/xtchox3c5c1h,3dc47740f88f5435,1024,0/0
/spttest/tgmq3zrlqgww,35d0d73af1284920,1024,0/0
/spttest/32py3m28nfne,59e2ef0c71f1efa,1024,0/0
/spttest/ip64gbmf4w60,2227ff6a50d3b2d8,1024,0/0
/spttest/w9lpingyhnxh,3af064454bc62565,1024,0/0
/spttest/vl80e96vu7rf,39b3b4dd31dee9cb,1024,0/0
/spttest/l1xq6bc7vc63,26750ea83b02965b,1024,0/0
/spttest/wo09nd0hveik,3bab7eabf13e9c3c,1024,0/0
/spttest/1x1io98rewbn,380cefedd274623,1024,0/0
/spttest/e70qzy6bb7g1,19edcb762e0e9d71,1024,0/0
/spttest/33iwanilat11,5a8a0fd62725e75,1024,0/0
/spttest/25wed8whz8fh,3f3dd6ac841066d,1024,0/0
/spttest/18rcgdyr5ls4,245653232719084,1024,0/0
/spttest/f80qmae6yd0c,1bce64fcae91545c,1024,0/0
/spttest/y0bsubkmv2my,3e1f244a93c7f51a,1024,0/0
/spttest/x2h2fyluxub8,3c676809bf7449b4,1024,0/0
/spttest/cy5ppvyh3jz0,17a71177944430dc,1024,0/0
/spttest/9ylbz3iniptq,1231dc5e18f9423e,1024,0/0
/spttest/3reysd8ps7rk,6def4128c76bf50,1024,0/0
/spttest/1covrentdoh9,27876a74ef8562d,1024,0/0
/spttest/s7ji9d6q206w,3387296de76daf78,1024,0/0
/spttest/zac7tpws6oh4,4074cc8b76d3ad68,1024,0/0
/spttest/ymwx87yzf0hl,3f4486ed2101eb39,1024,0/0
/spttest/ryro5816unu5,3315342a025dfe2d,1024,0/0
/spttest/omour8pil8ep,2cfd79373dbdb3d1,1024,0/0
/spttest/a57c8pxy9azz,1287bcb1f3cfb5ef,1024,0/0
/spttest/qqtrq9r1j6x5,30da6ecd4acfa6c9,1024,0/0
/spttest/x4849hwnwzim,3c7e27e881ddc2ce,1024,0/0
/spttest/m4z57wf8hlh8,287026a33ccfeafc,1024,0/0
/spttest/qa3ju1lxd7yl,300124dcd5302e8d,1024,0/0
/spttest/9xi1k4oixdbq,1223af480fd6b3b6,1024,0/0
/spttest/xmk46dar1jl3,3d6c4ab9b01ccc67,1024,0/0
/spttest/3z9m3trk5kyd,744efbf205d6955,1024,0/0
/spttest/2wt0jxh5cms9,5515acca581d759,1024,0/0
/spttest/ozejs2zdvl3d,2da29db508503589,1024,0/0
/spttest/no05dn5kuidr,2b3aec890b14308f,1024,0/0
/spttest/f4po7rhgjl4e,1ba36effd6c355ae,1024,0/0
/spttest/x3zer8xqte84,3c7b03845bf1ab44,1024,0/0
/spttest/vwi4edsig5ym,3a463ca48aea142e,1024,0/0
/spttest/10wmiq4w3qk2,1df62ced4ff7932,1024,0/0
/spttest/lpedadjhwhze,27a5d0c19dbc500a,1024,0/0
/spttest/v8m2vns2io8d,390fec0dd418ad2d,1024,0/0
/spttest/senr6x9an2um,33e39e9e0c4e0c2e,1024,0/0
/spttest/gezusa4m4oyz,1dfc9d5932d15d6b,1024,0/0
/spttest/k02ufbptqluz,24894fa5e035a22b,1024,0/0
/spttest/ofcoi6s8pvmv,2c9e27f5b59c4467,1024,0/0
/spttest/15hx3oq8hnrr,21b06b83f678297,1024,0/0
/spttest/8evmcx5edmzc,f5e2c50ef53c798,1024,0/0
/spttest/vfo4039igmv6,396b9478199a1dc2,1024,0/0
/spttest/pgh3v4lrlgfn,2e805b573cbfb573,1024,0/0
/spttest/psjptlwdxxfv,2f1d2b7f3998648b,1024,0/0
/spttest/7g123of62g2d,d998290cd955fd5,1024,0/0
/spttest/cfyku5a86zv2,16baafbe2e6f3b0e,1024,0/0
/spttest/56ilr7u1pqsr,976b83394725ceb,1024,0/0
/spttest/e7ucedjad24,b8ae077820879c,1024,0/0
/spttest/w7c4iql0wdky,3ad2f49156f2a0c2,1024,0/0
/spttest/lm2e2f46ld8a,277a8690e177fc3a,1024,0/0
/spttest/evyh2okzoibd,1b31b4ae2dd645b9,1024,0/0
/spttest/hhnnj6r9pvz9,1ff2cb5558a48325,1024,0/0
/spttest/hxrut6a924nh,20c423961854350d,1024,0/0
/spttest/qnu5wcahp90f,30b39b62a7f9d2df,1024,0/0
/spttest/nwrmvol5619o,2bacc16f8f2924ec,1024,0/0
/spttest/ii6nsrp47gad,21cd4441534a8635,1024,0/0
/spttest/ufimbtfirwfb,3795fc098db05ae7,1024,0/0
/spttest/j86xhyg9drmx,231f15d140361629,1024,0/0
/spttest/5mhgdywvr4zf,a46222af53fb0fb,1024,0/0
/spttest/ztm32uchew8w,416f27ed27895bc0,1024,0/0
/spttest/pkhy35riztzs,2eb49de9e8123098,1024,0/0
/spttest/ahyqd7lpb4ub,132d7df59facca43,1024,0/0
/spttest/rra46u6ypei6,32b3f1e8048eafae,1024,0/0
/spttest/6a8eh6z633k7,b7a9c1d04cb06c7,1024,0/0
/spttest/2zyk4jb3l2w8,57a52a11e3420e8,1024,0/0
/spttest/1n0zp2yg706k,2feb9bcb7ee34ac,1024,0/0
/spttest/ipbej93hicr7,2229e71f87f0fe13,1024,0/0
/spttest/jjx93jubf9q5,23b776fa78e9f1fd,1024,0/0
/spttest/s6wg4v1pp5g5,337ed781d5b934d5,1024,0/0
/spttest/4x6vdvnewegf,8fd952ddf95cb2f,1024,0/0
/spttest/ub7hc18fnoct,375e0225710d7a0d,1024,0/0
/spttest/64hlpisdo1bw,b2ffe70f2e499bc,1024,0/0
/spttest/lxr513yanxnk,281256691d178c20,1024,0/0
/spttest/4eu1sk5ha6wt,80f26364055667d,1024,0/0
/spttest/j03e81v85bf2,22b5e533f4f5bd0e,1024,0/0
/spttest/ue2nmz08zkgy,37833c3fe09e0a62,1024,0/0
/spttest/3nt1ii7xs5v7,6b013320730e9b3,1024,0/0
/spttest/pbbxlkwmrnna,2e3d8b2408a18676,1024,0/0
/spttest/gpxa7q5y3ui4,1e8a91a7c3a8b32c,1024,0/0
/spttest/qrcj2wwn69d2,30e1339b89f7ebe6,1024,0/0
/spttest/v3lfpfng4o2y,38cebe50481b4eea,1024,0/0
/spttest/etjgkm5nzq3d,1b124f5b084079d9,1024,0/0
/spttest/i7l0ys40l2zn,2143915ec4c7d263,1024,0/0
/spttest/4rw91vgmypz1,8b8cde90470fdfd,1024,0/0
/spttest/avz7g92gu2x9,13e3836384a3524d,1024,0/0
/spttest/ufxuyc3bc710,379b7bb1311dc594,1024,0/0
/spttest/dhuamt6q2u9x,18a6bbd8500c87c5,1024,0/0
/spttest/cy005njlpbnw,17a5020a0848184c,1024,0/0
/spttest/v0d048u274e5,38a4bb99ba5d0bfd,1024,0/0
/spttest/7alrsegt7oo6,d530c4bfb87d5a6,1024,0/0
/spttest/v8y5ya122tao,3914485b5c1806d0,1024,0/0
/spttest/bs03wsv4w5jf,15837ee38528040b,1024,0/0
/spttest/bitprxtvrldz,150c4919e9118807,1024,0/0
/spttest/amama6rjnn0i,1365bced3b4df342,1024,0/0
/spttest/i5vk4aioz2i0,212d63ae8e8f3768,1024,0/0
/spttest/ewes2uxomlo1,1b3796cef81ab331,1024,0/0
/spttest/aqn41gb0jmu6,139e33ef1fe2465e,1024,0/0
/spttest/sswn97co959y,349cad6cd7cdfaf6,1024,0/0
/spttest/5508cjczhbcc,96319ea38fe36ac,1024,0/0
/spttest/stc6fpbjolbt,34a248297351d0f9,1024,0/0
/spttest/mm21c5zpneob,294e0325ce451f0b,1024,0/0
/spttest/nx7djrfug9it,2bb26f62cfda7e35,1024,0/0
/spttest/2oxgy9svrpe8,4eb0c4b15083850,1024,0/0
/spttest/akq5c673mkx5,13515cd40429d269,1024,0/0
/spttest/bdwbejgbylg4,14cc470bdb0d7c14,1024,0/0
/spttest/3auh97mbi791,607bb9dc563a835,1024,0/0
/spttest/8gwtudc6bfwg,f789666ea7deb40,1024,0/0
/spttest/pcmom2jtb1oo,2e4e69641a30e648,1024,0/0
/spttest/p91moxs0pyaf,2e1fd8f5e5fd79d7,1024,0/0
/spttest/w2kmcg7ethbw,3a9512f7499846fc,1024,0/0
/spttest/jkg1bmizpnn7,23be3e0633ebeef3,1024,0/0
/spttest/njqnurp60nfo,2b038b3b105570a4,1024,0/0
/spttest/sc8xecymxhqi,33c44a814632b60a,1024,0/0
/spttest/ezoq0ihg7fkg,1b6224f65afd5e90,1024,0/0
/spttest/6chhmw77ic6g,b97de0b6deb7128,1024,0/0
/spttest/hxjowin00zw5,20c1317be33091b5,1024,0/0
/spttest/jho79trccnb8,239a387769f7e904,1024,0/0
/spttest/39ogchtnd30b,5f891d17eb66b7b,1024,0/0
/spttest/xld51ursr10o,3d5cc9228b1b45e8,1024,0/0
/spttest/soreluiknkun,3466d45db86a054f,1024,0/0
/spttest/khp7l4wxui4,10a2c148073d8ac,1024,0/0
/spttest/27aasxuz65n3,405deaf4176ad0f,1024,0/0
/spttest/qpsmnq6n4gsg,30cd082aafe5dd00,1024,0/0
/spttest/n6cnhdypr9o2,2a55a0c8bb3afab2,1024,0/0
/spttest/42hhlr5ttpa8,76ebee95a388640,1024,0/0
/spttest/x1b5zfo2fyj3,3c5849a83d73ae8f,1024,0/0
/spttest/ieewsr760u6k,219c4943e8c28acc,1024,0/0
/spttest/kyldxj023oqa,2649a30d676b51f2,1024,0/0
/spttest/vl2buzx477xa,39b1a8124ca87bde,1024,0/0
/spttest/vmbit5zx964z,39c1f678ed9f4453,1024,0/0
/spttest/jb3uy229msrv,2344f1eed8a8cc2b,1024,0/0
/spttest/4puvl9dsuxaz,89e547d4057c41b,1024,0/0
/spttest/j8ph2uf38lcf,2325c6af3397fd0f,1024,0/0
/spttest/jw8sbq45z8l3,24577f713cf42b37,1024,0/0
/spttest/6e22vdqrjgcl,bac4927113e0c85,1024,0/0
/spttest/ny0by9k9vy55,2bbce1f795f94799,1024,0/0
/spttest/zy9vtfyfgorm,41abb32923784862,1024,0/0
/spttest/ndb4uppcns06,2ab00169b0328d86,1024,0/0
/spttest/y0q7v7fu5je9,3e2457ff1f269b71,1024,0/0
/spttest/irabqf8vmrho,22437e15052743ac,1024,0/0
/spttest/9dmlin3sp0sd,11218ad458f7483d,1024,0/0
/spttest/87byt1p3fkyu,efc2817cbfc4ee6,1024,0/0
/spttest/sao6qwx6dynv,33afd180828d5abb,1024,0/0
/spttest/ut6mv46j7bku,384782968c30015e,1024,0/0
/spttest/wv9cguaso838,3c09b203ff7122f4,1024,0/0
/spttest/1qdo8uax6a34,32a44e9d57e8190,1024,0/0
/spttest/xlbm0miooc5j,3d5c3bedde755387,1024,0/0
/spttest/710mtqgoa867,cd68484ed137fdf,1024,0/0
/spttest/cpjl61m0gvfm,17372ba271dbab22,1024,0/0
/spttest/ahdz7qjoyd2w,132600eda5bc1ab8,1024,0/0
/spttest/daevf67u473v,18463e7e3a7576fb,1024,0/0
/spttest/80t1v7625frj,ea765681d4f290f,1024,0/0
/spttest/jw49zd3b88zm,2455dee7799f4682,1024,0/0
/spttest/r01ifzylf2tv,3152213bf949a913,1024,0/0
/spttest/s1plek0lswmq,333b6c2a662c8932,1024,0/0
/spttest/ppaatv9tnzcb,2ef2cdf1c37a43ab,1024,0/0
/spttest/ijf8pxtb84hw,21dd5a233acd97c4,1024,0/0
/spttest/xzy6n86kcn9y,3e1a3a8d2157acd6,1024,0/0
/spttest/mx7aw3gs91o7,29decb534e997cb7,1024,0/0
/spttest/u4bfu0pr2nug,370482f8eff66438,1024,0/0
/spttest/vivmpumxphmj,399542d64e941e7b,1024,0/0
/spttest/cab1yjwj43vm,1671408dc55e0fa2,1024,0/0
/spttest/beg917qyeue9,14d3785473674b61,1024,0/0
/spttest/2fqhsptifk2y,473a0932bbd896a,1024,0/0
/spttest/teu4j0vc36ge,35b9884966ca6b6e,1024,0/0
/spttest/5lzqzhsifl1u,a3fbebb3aeb2a52,1024,0/0
/spttest/4u7kn9axgnnd,8d6de38db0354b9,1024,0/0
/spttest/ryuv8j2bkabn,33165b770874d443,1024,0/0
/spttest/wp9kvu0rho0y,3bbbd811edf62ee2,1024,0/0
/spttest/fj2b308qe2iw,1c5dd7afc0173e48,1024,0/0
/spttest/rhm5h89hnapd,32366510751bcaf1,1024,0/0
/spttest/nabqxn4wyo04,2a89424c740e0e04,1024,0/0
/spttest/9pcrwk774tgl,11b9de9d55019125,1024,0/0
/spttest/fsqckijqlgr4,1cdb6ba60823ee10,1024,0/0
/spttest/c6s1vuvcd50l,16436d984ad562a5,1024,0/0
/spttest/7po44m8yhw99,e16bb8b58e19f8d,1024,0/0
/spttest/tc3q27gai4va,3596071452b36326,1024,0/0
/spttest/ct1ixkmtvvjb,17649c4c39618667,1024,0/0
/spttest/ps1iujr2nhm0,2f169af9a282f6e8,1024,0/0
/spttest/qfvr3i8nyxdo,304c441788ec547c,1024,0/0
/spttest/k5wzvs9fd001,24d522fb1c7bf441,1024,0/0
/spttest/ykdhx57eyza7,3f238a23d600c11f,1024,0/0
/spttest/qxkpgv8w1xyg,3132167badca9228,1024,0/0
/spttest/ed5a6spxqt5p,1a3d5db687241b1d,1024,0/0
/spttest/hrlwbbewryiz,20740db1ff836f8b,1024,0/0
/spttest/754ihho3640g,d0bdfe22174ecd0,1024,0/0
/spttest/eeifjaronvg1,1a4f197a0f73c2f1,1024,0/0
/spttest/jrxcrf4ghmo1,241f6a6e47d3dd01,1024,0/0
/spttest/672a0upxvky5,b516eb4b9a420cd,1024,0/0
/spttest/51vecayrluh1,93a63ae7e68f085,1024,0/0
/spttest/wbyo8pnk5dn,1a3f93b0072533b,1024,0/0
/spttest/5s2c8yxw6dul,a8e9d90aacdef9d,1024,0/0
/spttest/qwrfshzdh6zc,312786f9a997e698,1024,0/0
/spttest/8c38nhscu1zs,f39f453120eb198,1024,0/0
/spttest/ue2qawpggse4,37834316499287bc,1024,0/0
/spttest/psozhxbr9rh4,2f1f1229d4064a58,1024,0/0
/spttest/11zgadl6m5sk,1ed652dff0750d4,1024,0/0
/spttest/gpi9hpr0b1p0,1e8526471e22f954,1024,0/0
/spttest/7s0ce0s8cqzd,e351fac56738b99,1024,0/0
/spttest/llfdvz27ntle,277239a30efb9492,1024,0/0
/spttest/z6hmwokp3cle,4042cc0e98636b82,1024,0/0
/spttest/ipli17o1113c,222d8bc873476cc8,1024,0/0
/spttest/cj01gcc3x40k,16e22e840cede594,1024,0/0
/spttest/gd7h2dj2hoal,1de562945247533d,1024,0/0
/spttest/2j6egdv9m9im,4a055a9225e2eae,1024,0/0
/spttest/b7eibs05kw4t,1477eaa423bb84ad,1024,0/0
/spttest/7ojo6k3dvuqv,e0823e67d5a8667,1024,0/0
/spttest/fvb59e8lon6p,1cfce72460c50061,1024,0/0
/spttest/xsrkmfin3gqp,3dbceb0a6c5ae681,1024,0/0
/spttest/n6f1pqg0ss79,2a567e0955579dc5,1024,0/0
/spttest/equyvqxsmxh6,1aef7e9d181872fa,1024,0/0
/spttest/f7n9d4ttb0so,1bc987edd86e29c8,1024,0/0
/spttest/xc1mobhn00wz,3ce3ba9ff7580fa3,1024,0/0
/spttest/h80oshpqq3qo,1f759ac83b9e0370,1024,0/0
/spttest/i9i21p92p4xt,215c798d8855bb41,1024,0/0
/spttest/gjqonhcko5s6,1e3a4094c4e94746,1024,0/0
/spttest/vg3293yx0a3j,3970f98109932c1f,1024,0/0
/spttest/ikw40vijeht9,21f06d9ae037bcad,1024,0/0
/spttest/7zunsuyix9sm,e9afccc7b20a9d6,1024,0/0
/spttest/36se0o7dlzy8,5d3058c031ed240,1024,0/0
/spttest/e2kc908r9qlf,19b3eab39cdc49e3,1024,0/0
/spttest/5q7ieyj5m8ak,a7680b6e1ffc47c,1024,0/0
/spttest/o05mgdare9j4,2bd8c5451aaa5ac0,1024,0/0
/spttest/mznqpw2460qj,29feb4574cbc553b,1024,0/0
/spttest/56vcxov0vy9b,97b525ba0685b2f,1024,0/0
/spttest/i6qhzonwsz2t,21388da33052bc95,1024,0/0
/spttest/yn9ec98olued,3f4907404a305525,1024,0/0
/spttest/ermuds0j94j8,1af98d616b027234,1024,0/0
/spttest/jxcadu5e9itb,2465c0237129e97f,1024,0/0
/spttest/hwnuuyqu9bfg,20b5b4fbf641c81c,1024,0/0
/spttest/y2m42isnbus,1ba9433e0b2dfc4,1024,0/0
/spttest/2d3idrf7s7on,4515b177b9508e7,1024,0/0
/spttest/7bcinqz3fzk1,d5cb2d0d18e10c1,1024,0/0
/spttest/j9e73161by4z,232eb23ef72aca93,1024,0/0
/spttest/o2c7xridbfdb,2bf5211d3498c78f,1024,0/0
/spttest/qqfl7p5n8wqp,30d550ed9ba652c1,1024,0/0
/spttest/2q7cfndmuhgr,4fb99a45b7c0deb,1024,0/0
/spttest/udsixfokcmov,377f947be13321df,1024,0/0
/spttest/us18zkpulhlo,383893e310e62e5c,1024,0/0
/spttest/12dkk6cijupk,1f27d4bed3a8438,1024,0/0
/spttest/hrhjmmzhyh8r,20727bac8d9c88cb,1024,0/0
/spttest/6hzgfwglxbf0,bdf4be47a4fed0c,1024,0/0
/spttest/fwb5xl1ogmj7,1d09e61f71f12213,1024,0/0
/spttest/19l4dl931f3z,2502384877b39bf,1024,0/0
/spttest/qlw6neubvmtw,309a5b89ac904854,1024,0/0
/spttest/dzw50zfb1bfo,199134d16b7ea724,1024,0/0
/spttest/35mo369b7f98,5c3f7eab7e417fc,1024,0/0
/spttest/qaafuf732we9,3003a1343f1ddf81,1024,0/0
/spttest/qedbxef5uh9z,3038a148edbd93f7,1024,0/0
/spttest/xe3a59ilzzdc,3cfe4dba32382ad0,1024,0/0
/spttest/rsxm8q59vfbs,32c969f38715dc58,1024,0/0
/spttest/v4tsu9f35wbj,38dec0372a53c1df,1024,0/0
/spttest/ivp7asu36wp6,227cd1418ec0460a,1024,0/0
/spttest/8jyt9ddjjrvx,fa045697ca86aed,1024,0/0
/spttest/scrnwbmprx1r,33cb0d1fbe3f610f,1024,0/0
/spttest/n5q3j0tvm18f,2a4d7d7bcea882bf,1024,0/0
/spttest/mq1m4z68olm6,2981d12ce8f0936e,1024,0/0
/spttest/rh3rqajit59j,322fc329307c5de7,1024,0/0
/spttest/lo3u30hk1agz,2795068ae1ab2343,1024,0/0
/spttest/jnc8b4uwd34y,23e3d63f38cda922,1024,0/0
/spttest/e7mkz6msns4d,19f5ac1d1e21c21d,1024,0/0
/spttest/ylekiusgx6dl,3f30ea71a27bfe89,1024,0/0
/spttest/h9t3xgl8qrag,1f8cd930c9cdc8a8,1024,0/0
/spttest/g4bmp7kpq11z,1d71fb32baf7c0d7,1024,0/0
/spttest/ty1lmpq4agdu,36b3069fa7bdad72,1024,0/0
/spttest/74lgh6x83xsp,d04ffbbdeff99d9,1024,0/0
/spttest/f7rf2qvtaehc,1bcb080e7297a0d0,1024,0/0
/spttest/25d6djh4g39d,3ecedea48584c81,1024,0/0
/spttest/aivspxksseq5,13396c265463f58d,1024,0/0
/spttest/cp5jhf0ukw7u,17321a287b1aee1a,1024,0/0
/spttest/qd5ib6v4gltg,3028d175b2c95274,1024,0/0
/spttest/4oaduyl4vvxt,889f25ff9cd4b71,1024,0/0
/spttest/rk88okywon3z,325857e686bab2ff,1024,0/0
/spttest/ksytavmlw1h5,26008bbcc8318c79,1024,0/0
/spttest/3f49ku4dawqw,63f38a0be096148,1024,0/0
/spttest/qmw9yd4wgand,30a76145c18b99e9,1024,0/0
/spttest/jvxvnixwrh0h,24538fee19d0b2e1,1024,0/0
/spttest/zdcmpcyiqdoe,409bea7db2e8e1be,1024,0/0
/spttest/144mwrcuq5qm,2093e8637e7dd8e,1024,0/0
/spttest/zf6keguvne7,1cc1a5ba463862f,1024,0/0
/spttest/gv4ajvuzv83a,1ece0b621a6225b6,1024,0/0
/spttest/dgmydrrap182,18971893accb5872,1024,0/0
/spttest/dxl614o21un7,197344d480587363,1024,0/0
/spttest/7v814xdlqzs,6630d1e6fa4ce8,1024,0/0
/spttest/z29ixfxstkyd,400be9e00c5fff55,1024,0/0
/spttest/ux3pwaf3de2,1919f65a06a7d8a,1024,0/0
/spttest/yr8ktmc1h7wf,3f7cb08ac462333f,1024,0/0
/spttest/s8uci87m9e0q,33980ff93dd2013a,1024,0/0
/spttest/3z9lhkua3l25,744ee29335a8f5d,1024,0/0
/spttest/f62ug9hcf9ri,1bb52d0b3424df2e,1024,0/0
/spttest/d38yz7l8d61o,17e9309cad540bdc,1024,0/0
/spttest/12fblfkuxzsf,1f31f07d2e2116f,1024,0/0
/spttest/7vi7938ui4qx,e6288e42eef5689,1024,0/0
/spttest/x5r6hq2e0qzs,3c9205e124a87ea8,1024,0/0
/spttest/rkoo2jha58gr,325e454624ab981b,1024,0/0
/spttest/s1fmjhhsooul,3337d3667d14e3cd,1024,0/0
/spttest/ga7l09synrji,1dbe74ec230acd2e,1024,0/0
/spttest/w3m1ubxbwpuw,3aa2945a24ea89e8,1024,0/0
/spttest/8213eeem4aef,eb7498b2c4d3ba7,1024,0/0
/spttest/ig2jvdysf5c6,21b1ce31369abcc6,1024,0/0
/spttest/xebezfxb9p4u,3d013d1655dea67e,1024,0/0
/spttest/h5o4o5fwd1rq,1f57183986d25636,1024,0/0
/spttest/hlagolrbxyx4,2021fdffac0bb608,1024,0/0
/spttest/5jhlr6s6rb8f,a1f382b2cab479f,1024,0/0
/spttest/3xm9to4y1k8p,72f8681cb1aceb9,1024,0/0
/spttest/hyt50l18uebt,20d19765b0e2a009,1024,0/0
/spttest/d0h4vpadtdcu,17c52aeeb3a6cdde,1024,0/0
/spttest/bewasd1cv7mw,14d942b8ec913868,1024,0/0
/spttest/xtlk2dhqgt6z,3dc7bca8967385cb,1024,0/0
/spttest/kj94etw03vkg,25825f5b9a9b9290,1024,0/0
/spttest/ijrl90uxmvk5,21e1ceb4c51e8245,1024,0/0
/spttest/xk8lg0wp92mf,3d4e281978b4ae87,1024,0/0
/spttest/lni1ll1jjaoa,278d29b9a9efe3ca,1024,0/0
/spttest/ewjk2hvi4in6,1b395018f936f562,1024,0/0
/spttest/jp9ddbiob5d2,23fcc8a3edae7fe6,1024,0/0
/spttest/7kkpmnvdac57,dd48ef48d7b54fb,1024,0/0
/spttest/dmxcar5fbi60,18e8c78170b303b8,1024,0/0
/spttest/j42z0omr5684,22e9b337cf1641c4,1024,0/0
/spttest/2s6l3bci9557,5154e000e50f44b,1024,0/0
/spttest/x9sr03p236ea,3cc68be67327b922,1024,0/0
/spttest/mxdqe6xrcfco,29e11d4fb84bd7b8,1024,0/0
/spttest/zbo7qvroe5s0,40861e04a90ce8c0,1024,0/0
/spttest/xggo9ocpaby5,3d1d1d436d1983fd,1024,0/0
/spttest/xofmmlhasbul,3d84a6bcfe9128fd,1024,0/0
/spttest/2dl96laa7ga7,457c21df27ed02f,1024,0/0
/spttest/vg40mu1tko9z,397151b8095df8e7,1024,0/0
/spttest/5fegeh70gyvi,9ea204d5a56208e,1024,0/0
/spttest/cc2i8tq81bu1,16882589acb37229,1024,0/0
/spttest/jhm22vhwtk3f,23997267d4d77efb,1024,0/0
/spttest/k6six64giz7a,24e0833ebb14c2b6,1024,0/0
/spttest/ph1xmguzpfoi,2e87df0fdd91d6a2,1024,0/0
/spttest/v2208ubr71ok,38babe6413dbeb44,1024,0/0
/spttest/3ktli6tsv3ah,6894eb7e6ec3269,1024,0/0
/spttest/mcm56wj908ap,28d35fd552157f01,1024,0/0
/spttest/8h6cshfwemt2,f7c0654e94136f6,1024,0/0
/spttest/5iveea20481e,a17352fd02069b2,1024,0/0
/spttest/irsn4uf1vyvc,224a19f64213df48,1024,0/0
/spttest/nq91lhxf7ejb,2b581ca8df452857,1024,0/0
/spttest/djdc6xbj7yye,18ba981903b83bb6,1024,0/0
/spttest/fclagtk6j37f,1c09c44e0842fcfb,1024,0/0
/spttest/tyqbxskdzk0n,36bbf2f623da4d17,1024,0/0
/spttest/90na5sultm1s,1078edb8b09181e0,1024,0/0
/spttest/pgd9rdsiivb3,2e7ef8fee04640ff,1024,0/0
/spttest/nue9bluyr2w9,2b8df35960b3f169,1024,0/0
/spttest/4x6xhz0851y5,8fd9a9a3cfb111d,1024,0/0
/spttest/ehkk2benppsk,1a76d59a1f3aedd4,1024,0/0
/spttest/hgn7q8a2fibi,1fe5a586a916b47e,1024,0/0
/spttest/vyyhj2gh77m4,3a661ebcb958f34c,1024,0/0
/spttest/ruuysg5wy0e0,32e26f8e1b0b8a78,1024,0/0
/spttest/83sdm6b7oqax,ece1ef4756aee29,1024,0/0
/spttest/nxczzk8udd9g,2bb476ccf1928264,1024,0/0
/spttest/pz2oiaksfj3t,2f71f2a969d49a79,1024,0/0
/spttest/hr9uey359z6q,206fb4674db0cb62,1024,0/0
/spttest/j8knc18yqwot,232408e49160b9fd,1024,0/0
/spttest/we5qwhd1sj3h,3b2b9436c5ae54ad,1024,0/0
/spttest/i2bcp0jczh6a,20ff217f5bb339b2,1024,0/0
/spttest/x63s2uxn073,1aed96152f579bf,1024,0/0
/spttest/i9xeibs3zcem,2162030d05682c8e,1024,0/0
/spttest/5l0h8pouc89m,a3304d7950482da,1024,0/0
/spttest/945sze14wgqx,10a69469b63de4c9,1024,0/0
/spttest/63qfz1t95g3j,b2631c876b7edbf,1024,0/0
/spttest/1joovtoxiq2r,2d351ce15510583,1024,0/0
/spttest/skidx32efaw2,342f9e42979f6ae2,1024,0/0
/spttest/wo0vq7v4of1j,3babb752915cb227,1024,0/0
/spttest/r60giph58uk1,319faf77c84465b1,1024,0/0
/spttest/mh1fajvj4fce,290cd84d3d03a5ae,1024,0/0
/spttest/n1znqn9trard,2a1cfba141ba6039,1024,0/0
/spttest/f8fasikzgv0,c5e10d866c9c1c,1024,0/0
/spttest/tnc0203jk133,3627e57e1de1a17f,1024,0/0
/spttest/46ezy8alqm2e,7a1cde832ef8f36,1024,0/0
/spttest/98gz8cb3nvj9,10de9185f4ccae65,1024,0/0
/spttest/l0cumezlod1z,26608913fa6a5917,1024,0/0
/spttest/29el3x0trmn0,421651c7793b85c,1024,0/0
/spttest/iz3zcc6exbhb,22a91e22197d1e5f,1024,0/0
/spttest/tje6gz1bsmsh,35f4b9a9f4ba2161,1024,0/0
/spttest/6skevpxftx18,c68c03050b52f7c,1024,0/0
/spttest/9tdn0n5li7qq,11ee2378c511d0b2,1024,0/0
/spttest/offv1m70p2va,2c9f4dd80a80f6c6,1024,0/0
/spttest/lndljz8qdgdy,278b8f15d5effe36,1024,0/0
/spttest/9kx2aat1vasi,11803e55347f9d62,1024,0/0
/spttest/lyhavl5a2wx1,281bc6fc6beba125,1024,0/0
/spttest/7vb9v9kkm1sk,e600906954b6694,1024,0/0
/spttest/pvaodbbjwang,2f40e039d4d1ecec,1024,0/0
/spttest/vz1w357e96uv,3a6759319c31e4f7,1024,0/0
/spttest/lap03uybifey,26e6d022eb13718a,1024,0/0
/spttest/4xf784pmu19v,90096813e447bf3,1024,0/0
/spttest/58ifbhoc3zma,990a2330a099312,1024,0/0
/spttest/7a7yfjvwqbam,d4e102fa432a7ae,1024,0/0
/spttest/we17p70fh6z3,3b29f178c0455c8f,1024,0/0
/spttest/bq7rru0kcued,156c482d801558e5,1024,0/0
/spttest/fxgpb4bgq8rp,1d18e2ef7443cae5,1024,0/0
/spttest/7k4cfz5xzy6f,dcea73b4e2d7cc7,1024,0/0
/spttest/zhgkp5ysueo5,40d14bd8720099c5,1024,0/0
/spttest/uorpvqqe1pc4,380e2bc78e930c84,1024,0/0
/spttest/7907faj73zcg,d3e470e95c3c8b0,1024,0/0
/spttest/ioscy5b8ilry,2223080e7bbb22be,1024,0/0
/spttest/fywea1nvotwj,1d2b89c8a86c7863,1024,0/0
/spttest/kuii284awq57,2614a384c731265b,1024,0/0
/spttest/y3hds40infhb,3e481fa06e8a401f,1024,0/0
/spttest/o9viduntvboi,2c5703b6550d65e2,1024,0/0
/spttest/6ypedt6ry5ov,cb87c4b3c0c344f,1024,0/0
/spttest/ltv9q6fk3hii,27dfdee80fd48b6a,1024,0/0
/spttest/brak8mnki9px,157a4735c03bb1b5,1024,0/0
/spttest/qbzp4ymzel5f,3019bb8299239d93,1024,0/0
/spttest/1popzdulii0t,321442a36e628bd,1024,0/0
/spttest/hgcv9w8p24ww,1fe1e9e3d6d89e60,1024,0/0
/spttest/ebie2itb64m6,1a281df1f4147bde,1024,0/0
/spttest/eiblkjl0bi73,1a809768d1c3d4df,1024,0/0
/spttest/qb1umev9bzf7,300d851005276d13,1024,0/0
/spttest/682wawcdmv4k,b5ea5203995a414,1024,0/0
/spttest/domfhhpswcqu,18fed2256017f886,1024,0/0
/spttest/k44xou0ki9ir,24be05c9507874b3,1024,0/0
/spttest/1ojwl26v8d3v,3128a01ae05ab5b,1024,0/0
/spttest/q1ivldeh9cyl,2f91c53f3c1562dd,1024,0/0
/spttest/8916muyrgpnj,f123ea41d0108df,1024,0/0
/spttest/hxxzlxs04mpr,20c65a1be3a08bff,1024,0/0
/spttest/c89g89exfavy,1656b1eab24b2dde,1024,0/0
/spttest/j9dicjc0z4jl,232e72c75ca7e1c1,1024,0/0
/spttest/b1yr5fpn13bl,1431491b11647211,1024,0/0
/spttest/uvex5ianjy56,38647a722bf5729a,1024,0/0
/spttest/ck3qg68ho5v,a320072e4ff493,1024,0/0
/spttest/29y69grszvqk,42876627e55b36c,1024,0/0
/spttest/6rgg7f0z8wwm,c5a54dbc64d0b96,1024,0/0
/spttest/er9f0u9t7e53,1af4b52f3f032457,1024,0/0
/spttest/fcqs1znj2brz,1c0bbf45ec0ec71f,1024,0/0
/spttest/6s6yfw9a5dem,c63e538a115a11e,1024,0/0
/spttest/z4lcnhe96c50,402a28b3f907f3f4,1024,0/0
/spttest/rxka7oa40g19,33058c9559987d2d,1024,0/0
/spttest/1mk1vlk803b6,2f89d12b628f8c2,1024,0/0
/spttest/ax3gxitgp6a5,13f20a710151f00d,1024,0/0
/spttest/uj17lowehv0w,37c3a9056687c550,1024,0/0
/spttest/xk7gas8azni4,3d4dbe875f0f0bbc,1024,0/0
/spttest/hfi13eym61sv,1fd6c96847c88c9f,1024,0/0
/spttest/h3oevircjwk0,1f3d37e4f547e390,1024,0/0
/spttest/l0qsr28lqz0d,2665916ed7f568bd,1024,0/0
/spttest/7n0plie2zxm3,df44f474bf52eeb,1024,0/0
/spttest/55z5hwc9vfq1,96fb37cf5a1fa59,1024,0/0
/spttest/5eqeug5mw68x,9e1737897a271a1,1024,0/0
/spttest/5d2u1ffp7tbr,9cbf45c5a9c1537,1024,0/0
/spttest/d409binst14k,17f30916ef8be2f4,1024,0/0
/spttest/ksvl9vh6fhwp,25ff6208ec4de269,1024,0/0
/spttest/nfhlk1qqv8j3,2acc50fe72ea4eef,1024,0/0
/spttest/jd8uv4ur5b61,2360ba14520afac9,1024,0/0
/spttest/xoblugmz7kps,3d833342956dffa0,1024,0/0
/spttest/4t3latb1bbf3,8c8712bd6ab0b8f,1024,0/0
/spttest/55bdh57740wq,9671f1f72d7509a,1024,0/0
/spttest/706o5jq8mlg,5afde9cfa1fa64,1024,0/0
/spttest/mr8zsarug05a,29917806fb542ebe,1024,0/0
/spttest/azdovenbxma,8ea8956c9cddf2,1024,0/0
/spttest/qba8luxiwzvn,30108be3d91313a3,1024,0/0
/spttest/s5i5g1sme6vx,336cb1ab33e7f05d,1024,0/0
/spttest/k7251cdmjqfb,24e3fb4dcfec3687,1024,0/0
/spttest/keesj40hil36,254378cca22fec42,1024,0/0
/spttest/7uxifsjb6lp8,e5b11dc0d5a4a5c,1024,0/0
/spttest/l6e7w3zj1qzy,26aef7086570cdee,1024,0/0
/spttest/e0pku6xgb90,b61b395af315f4,1024,0/0
/spttest/gkvqoogt67jj,1e4910e5608b68af,1024,0/0
/spttest/oh49ig6vvhj2,2cb5190f264b417e,1024,0/0
/spttest/lqfd3qi66coe,27b329e875c933ae,1024,0/0
/spttest/718a7l5ud0e1,cd94718e8496539,1024,0/0
/spttest/aoda5t33y32n,1380ad717b8f230f,1024,0/0
/spttest/kkatdr1y0i19,258ff90cef77514d,1024,0/0
/spttest/7kz75ud5tifv,dd9c91895dd9b9b,1024,0/0
/spttest/xocvb7we5ej6,3d83a7ea2ad456d2,1024,0/0
/spttest/1vujbitwswpt,3714cd1c20428a1,1024,0/0
/spttest/s3tk0a3v3zhe,3356d4919fbbe162,1024,0/0
/spttest/3uhbu4jagg0h,706c60f445ceb11,1024,0/0
/spttest/c5jdelgz6ve5,16334e954a4cf76d,1024,0/0
/spttest/qtzd8fkh82pg,31036b96d67b30b4,1024,0/0
/spttest/x4i8t9sqa2ru,3c81cf435f80468a,1024,0/0
/spttest/ucc4hvtgldbi,376cac4e50070aae,1024,0/0
/spttest/fte9lytw50ss,1ce40ce47d28a74c,1024,0/0
/spttest/jola2fmeuawd,23f417544d72e8ad,1024,0/0
/spttest/f99vcoqq3hiv,1bdeadb3db18fd77,1024,0/0
/spttest/af95v9u4judn,130a49a5522e2c8b,1024,0/0
/spttest/ysprxgky9crw,3f8fe24b08b91aec,1024,0/0
/spttest/tohy04hp09s2,363707b183880e82,1024,0/0
/spttest/d54qif013f4h,1801a3ede5a88051,1024,0/0
/spttest/y6a4jveo4mem,3e6c7923d0cd0a6e,1024,0/0
/spttest/1j8i50ph7lnm,2cd7a9ba44c5e62,1024,0/0
/spttest/4lf06qs60r9c,864a55d608d6000,1024,0/0
/spttest/gyhulllfraf6,1ef9e760e34ce082,1024,0/0
/spttest/jaxezx5ukuwj,23429ecdc7aabb73,1024,0/0
/spttest/aqdffg2sjl6o,139ab578feca9600,1024,0/0
/spttest/ryhljn3j0n2t,331191cfdbf983d5,1024,0/0
/spttest/e7y96djx6ceu,19f9e2417eb6c156,1024,0/0
/spttest/5ztlm11wh2mt,af36053d98c7b95,1024,0/0
/spttest/4eox0778bw3y,80d4c1618ea6b4e,1024,0/0
/spttest/kw980d2ks5kl,262b44ed6749b735,1024,0/0
/spttest/hzx3914gedmt,20e00198ee752c85,1024,0/0
/spttest/26mxmavy4a5q,3fd7062ff0d6a6e,1024,0/0
/spttest/o5qguqytx6bm,2c213ceab603c342,1024,0/0
/spttest/5q1tfw1of4yh,a7472cb7f5542d9,1024,0/0
/spttest/d94yj58lufcg,1835ad88d0410e30,1024,0/0
/spttest/wra2a621zvf9,3bd5ff39352b52d5,1024,0/0
/spttest/ats6bh5cfjhr,13c6ff643546a06f,1024,0/0
/spttest/664b02zhqdc9,b452cb253a40309,1024,0/0
/spttest/6ovczdcrcw73,c38be57527b68ff,1024,0/0
/spttest/9zoiymxy7d7s,124000a81dada4a8,1024,0/0
/spttest/r7sgxqas4am3,31b6c81b2b18f2bb,1024,0/0
/spttest/hgwsyobl2f6z,1fe91b52d80afa6b,1024,0/0
/spttest/3r2t2lzudpn9,6da90fd27acdd15,1024,0/0
/spttest/6z1128fp5yb2,cbcae88535e91ee,1024,0/0
/spttest/physsoyb9si2,2e93bad426172b8a,1024,0/0
/spttest/t80pcw6f4le4,3560fb24c4898c4c,1024,0/0
/spttest/q322w0olptcn,2fa5b0383aedf5d7,1024,0/0
/spttest/v167q6olqho0,38af45cdc22850f0,1024,0/0
/spttest/f5t5cw7pgb8p,1bb1ad584a7cd1e9,1024,0/0
/spttest/1no580pgjfj3,3071462a908e95f,1024,0/0
/spttest/v9n46ooy5vlc,391d4907d399f130,1024,0/0
/spttest/p3fa7jyeuizc,2dd6d68c125e4198,1024,0/0
/spttest/txalzzhw52bd,36a949a0820b8ef9,1024,0/0
/spttest/shgksgxom8a6,3407ff62920a0f6e,1024,0/0
/spttest/mj8wl60an1lf,292985c48ab651d3,1024,0/0
/spttest/ey019ge70t1m,1b4c3f5c47cb320a,1024,0/0
/spttest/1wbb99k1dnmr,3775a646e56f9e3,1024,0/0
/spttest/7m8x3mop8024,dea483837aceb4c,1024,0/0
/spttest/ea5iizhlstc8,1a167b5676994c88,1024,0/0
/spttest/wlw9oqmu8o3b,3b9012c890a7c1f7,1024,0/0
/spttest/4uxo1gsl08wx,8e04881a26f9221,1024,0/0
/spttest/m9e9t9pgp475,28a990f96efbc581,1024,0/0
/spttest/7nt8t7vvyezl,dfe9ae3799f8b61,1024,0/0
/spttest/3pqf3ulis12r,6c91b7b06565a73,1024,0/0
/spttest/705afgdtsi5n,ccb354beaca9beb,1024,0/0
/spttest/ncntfqb2viw,12f526f4d26cf18,1024,0/0
/spttest/xpmx37szyuoi,3d94456a42a0f2d2,1024,0/0
/spttest/zo2h5dr89jwx,412722613d073111,1024,0/0
/spttest/4qy7qek9vlqw,8ac8601ba4658d8,1024,0/0
/spttest/i4wud05z8hc4,2120dd1279b380c4,1024,0/0
/spttest/j54r5llilpkf,22f75509090acaaf,1024,0/0
/spttest/zr4fi7vkhci3,414eceab7a6fb98b,1024,0/0
/spttest/mvbdnx1n474w,29c649663ecce820,1024,0/0
/spttest/al4ex0ozi18v,1356828fbba179cf,1024,0/0
/spttest/lcd3w0ey88ff,26fc7fef4a4136ab,1024,0/0
/spttest/m6int98523xu,28842e98df7a9572,1024,0/0
/spttest/cgat28sap6j,a1c0b3a9dfb9fb,1024,0/0
/spttest/vo3wydctgyhv,39d93254f1374fa3,1024,0/0
/spttest/2zhr9tkmyt84,57442b4d7c57e74,1024,0/0
/spttest/nomiqz9qhg7b,2b42fef13fb23a47,1024,0/0
/spttest/esrx3r88y11b,1b085f7628e8d1bf,1024,0/0
/spttest/bkot7uzjz9da,15247e9b0459192e,1024,0/0
/spttest/ffpde08c6sjb,1c32350b72b601f7,1024,0/0
/spttest/grur6y03wktp,1ea3a2a06bbcb46d,1024,0/0
/spttest/l9ko61ungz8u,26d842c60325556e,1024,0/0
/spttest/hdh3vgh7vj45,1fbc79a7e4207d85,1024,0/0
/spttest/gxmw7no5gwr4,1eeebc19cf91bed0,1024,0/0
/spttest/zdy4uxzoe5ad,40a3acce649e2645,1024,0/0
/spttest/7l1qafp4190k,ddab2e8e52fdbe4,1024,0/0
/spttest/eq2oewixm4iu,1ae54971c7c68966,1024,0/0
/spttest/u98y2rbjj436,37448ef5534eca72,1024,0/0
/spttest/t5d2dmjj9hif,353e793322027fe7,1024,0/0
/spttest/lc5asebel1e0,26f9aeb1141ab448,1024,0/0
/spttest/1eyvkrm3253g,2960c604ce3314c,1024,0/0
/spttest/qyf9rx96ub7q,313d1da25135ee46,1024,0/0
/spttest/dgdsom7khxgq,1893caa416b933aa,1024,0/0
/spttest/klvknpdp293g,25a473a85ebcf78c,1024,0/0
/spttest/p68rvygf6sgb,2dfb7518e314648b,1024,0/0
/spttest/gvlore6gabqh,1ed452197820e1e9,1024,0/0
/spttest/wt98cwsxxttz,3befacf579b8c647,1024,0/0
/spttest/81zw8becva7a,eb6dac805027966,1024,0/0
/spttest/ojbvnhvf3txy,2cd1d2f5107fd556,1024,0/0
/spttest/ap8i3p62qgsn,138bf13c1aeb4187,1024,0/0
/spttest/rs8cqom7dgpp,32c04c5e032f14dd,1024,0/0
/spttest/mg9asoxt1npm,2902b274755e0f4a,1024,0/0
/spttest/h4xkie4nrxz0,1f4d82ec9e174bbc,1024,0/0
/spttest/ub8nyxbvyw5i,375e6f8a6d24f246,1024,0/0
/spttest/ow4to7yexabg,2d7823a31c04b87c,1024,0/0
/spttest/cmemaw2jwdcs,170e68ef2fb1c69c,1024,0/0
/spttest/e6u7nkzechqy,19eb6f9ef3581eda,1024,0/0
/spttest/46iu6mp4jlcp,7a330957fb55ad9,1024,0/0
/spttest/26pz1gxehtz2,3fe89236478e3fe,1024,0/0
/spttest/fuc6d4ycav8p,1cf049160ae090a9,1024,0/0
/spttest/j3bc77vk3xpj,22dfbaba67926d67,1024,0/0
/spttest/og3co96l0wyx,2ca7c78b99c043e9,1024,0/0
/spttest/bxo2iramc95,9b07bc0af71d89,1024,0/0
/spttest/udoe3pq3gq66,377e16a1288ec37e,1024,0/0
/spttest/mhmsy6reaf7j,29148f131680657f,1024,0/0
/spttest/vxdj96sc79ek,3a51922cbfe4475c,1024,0/0
/spttest/w37lxuuk1bso,3a9d5e653cabddf8,1024,0/0
/spttest/m98aez2lfhed,28a7684fd35b32d5,1024,0/0
/spttest/srpqevowjd80,348d31b150d9b9b0,1024,0/0
/spttest/mcs2ec5p66e8,28d582e00e5892e0,1024,0/0
/spttest/vijdj23wdnwe,3990d6d790e3a63e,1024,0/0
/spttest/ndfm7dd47sxi,2ab19f68004ff636,1024,0/0
/spttest/v65i8d60i1o,194e34be51a755c,1024,0/0
/spttest/e036p4ast944,1993bfae840f5764,1024,0/0
/spttest/m5134o3zdrak,2870da0325743a6c,1024,0/0
/spttest/cevzlcmhttqc,16acc33dc56204c4,1024,0/0
/spttest/gqdoeacdo1p7,1e907bef8ec81b9b,1024,0/0
/spttest/asql4xcjctk6,13b96f6b0c86d3a6,1024,0/0
/spttest/al5tmaympp3k,135704a71e410950,1024,0/0
/spttest/1nqn58j27bcw,307fb1b90316340,1024,0/0
/spttest/kh87yb6eedmu,2568118fd6c21286,1024,0/0
/spttest/fbjquu2w8ndb,1bfc385cec94f04f,1024,0/0
/spttest/cb258stxiyjr,167b06ec90f49467,1024,0/0
/spttest/sb6qj78cmbxk,33b682e572f2c1e8,1024,0/0
/spttest/hbykf98psl0x,1fa8cbddbbf38271,1024,0/0
/spttest/kquah4uawltw,25e4ef726c573884,1024,0/0
/spttest/pzxnpps36lw6,2f7d200a5e835756,1024,0/0
/spttest/rq7kkm80u1hi,32a609945622e306,1024,0/0
/spttest/1ko0t6fjq6a7,2e0114b5890d14f,1024,0/0
/spttest/njo98qui8pe3,2b02ad00eae55c8b,1024,0/0
/spttest/w8etoi1ieogu,3ae0eb1dc48c895e,1024,0/0
/spttest/rzm35t14xji9,33202dbd5de01901,1024,0/0
/spttest/scyc6pzva2sq,33cd75a747b827aa,1024,0/0
/spttest/5r4blw9x62n6,a8257667c2a17e2,1024,0/0
/spttest/wo4apbvvk01m,3bacf2d9c866883a,1024,0/0
/spttest/lwyib2r545zf,280801cc0f77484b,1024,0/0
/spttest/4z5mv2sekgnz,9171d7546412f5f,1024,0/0
/spttest/jkdz4fr0r04b,23bd7fa4d3c4755b,1024,0/0
/spttest/dmqtrczz8ski,18e66dbad8b631a2,1024,0/0
/spttest/a7qnugrnmqe5,12a8affa8818721d,1024,0/0
/spttest/rl2ut7v3m7qr,326363b9b6733fb3,1024,0/0
/spttest/8siwx8sbvoug,100f703ac3212a88,1024,0/0
/spttest/hqe0va48a9x7,2064392dbb7748bb,1024,0/0
/spttest/co2m85o9j7n7,17240ed5857f0673,1024,0/0
/spttest/bfbd6ds0yd51,14deb2607874b705,1024,0/0
/spttest/n3vqqrk1gmhh,2a358c6050d976d5,1024,0/0
/spttest/vvhqqqpj06is,3a391c588aa93804,1024,0/0
/spttest/ejl4kv1oa3j9,1a9104c0c230dc65,1024,0/0
/spttest/b0o3n2ymf5lu,142073d86c214822,1024,0/0
/spttest/hoh3fy62soh0,204b5a5fe13464e4,1024,0/0
/spttest/pv6bn9takhgi,2f3f4e1b8315c362,1024,0/0
/spttest/maymoisydtp2,28bde69cdf1e4996,1024,0/0
/spttest/444y8mdy1fjw,7843351f8121afc,1024,0/0
/spttest/4ht2cu2iunya,835c30f168d4ec2,1024,0/0
/spttest/67pepnykam16,b59c73503729a0a,1024,0/0
/spttest/rl2gi4qg5gzq,32633f03a7575d46,1024,0/0
/spttest/v1ungd9h3zbr,38b816fe929d1a97,1024,0/0
/spttest/6w0b9rkuygtx,c957496b77027b5,1024,0/0
/spttest/obs9ocry06bo,2c6fd2c7096a8e04,1024,0/0
/spttest/x1zdyufwze6u,3c6106fab0ce4e96,1024,0/0
/spttest/q4jthk3iaxe8,2fb913fb671d8590,1024,0/0
/spttest/f7lcw2hh85c9,1bc8d83d4e748209,1024,0/0
/spttest/kk9jkjowx78k,258f83823ead52e4,1024,0/0
/spttest/53bjqo6szodt,94d34aee1d1da31,1024,0/0
/spttest/at87iel3ua4z,13bfcb16115c45d3,1024,0/0
/spttest/k6w3c66u4ngg,24e1ccbc132c65c0,1024,0/0
/spttest/v5a6gh3dm2yi,38e4a90bb5bee17a,1024,0/0
/spttest/xou9waotr0bk,3d89ef9919f97760,1024,0/0
/spttest/jq42co3nfkt2,2407dbc92eeefa16,1024,0/0
/spttest/puvqdecrza0c,2f3b7bd6ffdee86c,1024,0/0
/spttest/6e2oitpghpdp,bac80b476c5febd,1024,0/0
/spttest/qt453nbptnk4,30f8274e71251184,1024,0/0
/spttest/o4tf5tq9k7rw,2c15506c37c8c55c,1024,0/0
/spttest/v0pi4qms4rbm,38a93e3d1fd1b752,1024,0/0
/spttest/4p2lk5i609k9,894207111bece69,1024,0/0
/spttest/8kg4krq7k4ir,fa684b54d7e12e3,1024,0/0
/spttest/5gwgc8okiesd,9fd9c0721c08f5d,1024,0/0
/spttest/df5qr2tp87qn,1883e57b6f78062f,1024,0/0
/spttest/h64xss7f0vtq,1f5d28dac0814c1e,1024,0/0
/spttest/u2u94l3gux0g,36f1523f85c64ea0,1024,0/0
/spttest/1euvmxcqrqww,2949b0e9edf5b00,1024,0/0
/spttest/bqle06u35nto,15713201f8cc82dc,1024,0/0
/spttest/wzsmf5xf8em,1ac928b37b13d4e,1024,0/0
/spttest/elijz9ufeovf,1aaa11acf1ef6c6b,1024,0/0
/spttest/jgcqbi7hsrot,238917a91008882d,1024,0/0
/spttest/1654ge3inc12,223660e265cbaa6,1024,0/0
/spttest/1b050lsx35x7,2628bf03b1b41bb,1024,0/0
/spttest/270zff4a35qw,402822ee277c9d8,1024,0/0
/spttest/eh1bmehcd0ma,1a6fe4f1e48d1462,1024,0/0
/spttest/y9xhw36lfcfs,3e9bdf9b03cf29b8,1024,0/0
/spttest/9ztdxurcx3wn,1241c19cfa758a07,1024,0/0
/spttest/wypi19jk7hs2,3c367df6544be5c2,1024,0/0
/spttest/9btruhesl57h,110a2721e5ec319d,1024,0/0
/spttest/d2fw1tcxkmuf,17deb26bd8bb31a7,1024,0/0
/spttest/87mq8sdm0cre,f000a2c68082a9a,1024,0/0
/spttest/g81h4zx03gtt,1da24645ec7ecbf1,1024,0/0
/spttest/vecz8qsnjggu,395a92f317d1e11e,1024,0/0
/spttest/bcv7togc0vp3,14bee43cb7982c77,1024,0/0
/spttest/fn9ryrpb2y5s,1c947e9b84303870,1024,0/0
/spttest/xopx499j42s4,3d885d56552f2e14,1024,0/0
/spttest/ajvmn3edovjy,134659cf38aacabe,1024,0/0
/spttest/r6x1ljafj0pf,31ab7155af06d153,1024,0/0
/spttest/fn4dt9z78ela,1c928c742ecf9ede,1024,0/0
/spttest/5y0cm2nyuzjm,adbd54d8b65cd72,1024,0/0
/spttest/m5y0y2jlm4j8,287cbc8ff93ec174,1024,0/0
/spttest/igprh48jgv0e,21ba2e2bc86593fe,1024,0/0
/spttest/bnsn57w2jo1v,154cd844061d7283,1024,0/0
/spttest/ygl6h3aycf6q,3ef25ab0f67411e2,1024,0/0
/spttest/e5ibx08gup5o,19da28e14a4e4adc,1024,0/0
/spttest/doyyc7f5s86h,190356f025724969,1024,0/0
/spttest/3pg8zw0fcmzm,6c5701f03662e62,1024,0/0
/spttest/bvmyawwdjvc9,15b2b4bd56aa5269,1024,0/0
/spttest/ekoyu49y3bvd,1a9f64bf67a344d9,1024,0/0
/spttest/dfiifso2v7qr,188880f05efe5af3,1024,0/0
/spttest/om05lgcq2kwk,2cf48fd223ad2054,1024,0/0
/spttest/9qnw8ks7eiu,7e863212b73146,1024,0/0
/spttest/dauvxia1u5pg,184c05b11545e164,1024,0/0
/spttest/3p7ru7rs3out,6c261270b8b7895,1024,0/0
/spttest/1e41l2s7dcs,1214c9cb9eb35c,1024,0/0
/spttest/6cvynxolujpr,b9d16e48086244f,1024,0/0
/spttest/c90m6rz3huit,16607f25f30033c5,1024,0/0
/spttest/hxgl7g9dslov,20c012e535bb0dcf,1024,0/0
/spttest/2aljr9ie029d,430e57a6055b171,1024,0/0
/spttest/fpjra0ddgp3c,1cb21309eab8e408,1024,0/0
/spttest/dk09mzz2i2mu,18c2de03fa663bd6,1024,0/0
/spttest/9nkded31wlf2,11a2a1d43fa9116e,1024,0/0
/spttest/k5clvnvk8xe8,24cdc7afb729fb10,1024,0/0
/spttest/xndo1qehjq8u,3d76f463c018949e,1024,0/0
/spttest/fiy9s9w2qc9c,1c5c62e204921290,1024,0/0
/spttest/1dint8qa5l0,11ddecd68944c4,1024,0/0
/spttest/jf5wjf3c37h8,2379a3c8e13a709c,1024,0/0
/spttest/222r136szm7o,3c2331699653f34,1024,0/0
/spttest/pbfd2cmdtwwy,2e3ec7ed6eb6d0e2,1024,0/0
/spttest/bp45x2qvxi7w,155dfdbe1f30617c,1024,0/0
/spttest/rs2pfgvxa0d2,32be42b6b4267d56,1024,0/0
/spttest/j3oxedmk8s21,22e4a1e834dd3c09,1024,0/0
/spttest/gk24hzzde9j4,1e3e614b29e930c0,1024,0/0
/spttest/n4thc3mmq3h,12c7e056627ef9d,1024,0/0
/spttest/l1xc3uy6u0bi,2674ea8fa9378b1e,1024,0/0
/spttest/8jpve6klypoh,f9d0b92847c9b81,1024,0/0
/spttest/fymxeddc8pv3,1d281f28d94864ef,1024,0/0
/spttest/7nr5564jlohi,dfdd8bda0739236,1024,0/0
/spttest/vc6dz4s3r44b,393e37a9004e209b,1024,0/0
/spttest/zody1yyvwl41,412b45ce45afd9e1,1024,0/0
/spttest/t2max71vqq3b,351ad6aa2ea9d997,1024,0/0
/spttest/een2cqzpc1mz,1a50c57efb9e584b,1024,0/0
/spttest/a5gr2vke6jzn,128b22145f4ab8b3,1024,0/0
/spttest/7tn9sn8b4kmj,e4a62be9080bc6b,1024,0/0
/spttest/yyxmv24y52jm,3fe0a7c784176e22,1024,0/0
/spttest/4h0eki74o1e1,82b6bb74b1c3d09,1024,0/0
/spttest/nqi0279ak1kx,2b5b5808635c4301,1024,0/0
/spttest/psahvae0t38f,2f19d7c6b9a30d9f,1024,0/0
/spttest/agp4k88r284l,131d097103e830a5,1024,0/0
/spttest/9cq204i8vvxh,1115ccf9e1e98365,1024,0/0
/spttest/nilu9p71bwyk,2af4d0977347689c,1024,0/0
/spttest/2hnt9pe3svh9,48ca36b0378395d,1024,0/0
/spttest/4uwrm9u0tjxs,8dff55184405230,1024,0/0
/spttest/rgako9ejs9ud,32253a6067399bd5,1024,0/0
/spttest/icztu91p2p2p,2189dae4e7695871,1024,0/0
/spttest/9u3ufrjsj8jc,11f7981596abe9f8,1024,0/0
/spttest/ldzm1pmfrzt1,27119be217f74505,1024,0/0
/spttest/9myn03nqtj4s,119aca5e80104c1c,1024,0/0
/spttest/loqcpnyjqmi,119b2d87ab7bb8a,1024,0/0
/spttest/2h95fy4lzhfl,4875920f41ce801,1024,0/0
/spttest/mge4zhyr8vue,29047162f2d2e636,1024,0/0
/spttest/8btmhlmumkap,f367c249e239641,1024,0/0
/spttest/rdaikcleqz23,31fe3d32300535fb,1024,0/0
/spttest/atk5t3jk6muf,13c41b22bb4ee927,1024,0/0
/spttest/80kn9y9x02d4,ea45d068494f0f8,1024,0/0
/spttest/431v9r3a3yyj,77619578afcf9bb,1024,0/0
/spttest/5i2ng7jtto72,a0cd5bcc512f8be,1024,0/0
/spttest/j73ot04b1vtu,2310ed26b2671262,1024,0/0
/spttest/2d8sbxt65w5i,4534275fcdc5c06,1024,0/0
/spttest/f9a03up86hqv,1bdeb9e6dea24b57,1024,0/0
/spttest/bt37k3yqfr2a,15919a9bd98c88c2,1024,0/0
/spttest/m19zrb1armab,28401ba6580c0793,1024,0/0
/spttest/n0041zxbeixl,2a032afa60d4d659,1024,0/0
/spttest/igve8lcwpedh,21bc366af08e3505,1024,0/0
/spttest/j0wetgy183xs,22c05d6896956ef0,1024,0/0
/spttest/qy217751axzc,313856d7ee9ccf88,1024,0/0
/spttest/bysl57w5zfap,15dbb4f54ba38d31,1024,0/0
/spttest/x1t66kcsvktt,3c5ec8cb32308731,1024,0/0
/spttest/sz6sq2uos4zu,34ee46adfacef84a,1024,0/0
/spttest/6fi7ah7hfa58,bbf17a3ea169e1c,1024,0/0
/spttest/mdptrge6hqmm,28e1b13d02ae1f0e,1024,0/0
/spttest/24wrqd3x6idu,3e7027350839f92,1024,0/0
/spttest/2j6e670pv8fz,4a054ef351be57f,1024,0/0
/spttest/ikovvak55xva,21edd21a68f88fb6,1024,0/0
/spttest/77es2htqnwpp,d298eab14e0835d,1024,0/0
/spttest/ewg849d073je,1b381c543fd7f1aa,1024,0/0
/spttest/sgk9qfoa2ve9,33fc573b8c5f2571,1024,0/0
/spttest/3s9lc4vy6a93,6ea00f9d3a5f767,1024,0/0
/spttest/vfal21cxdh41,3966b312237f98e1,1024,0/0
/spttest/ck4wk3ps8r4j,16f0ed0d88780b53,1024,0/0
/spttest/x6ukwsay1o0e,3ca03d3c440cb9ce,1024,0/0
/spttest/msmuzdrie7l7,29a3761d84334beb,1024,0/0
/spttest/55lptxyrzlpx,96ada81c4026bb5,1024,0/0
/spttest/s7lxrvpz2yfo,338809f8def5d1d4,1024,0/0
/spttest/vxcyd5702ltw,3a515c934462e704,1024,0/0
/spttest/nw5r47t1ya4t,2ba4dc34afb80ccd,1024,0/0
/spttest/g363fxh6suda,1d62feb05a6502be,1024,0/0
/spttest/o5qzb06o70o4,2c216c427273af24,1024,0/0
/spttest/x20ng99l08bf,3c617bae375cb31b,1024,0/0
/spttest/wy8sf3e262bg,3c307658774b7b3c,1024,0/0
/spttest/vf9xn5go0mme,396676ff3219da86,1024,0/0
/spttest/q4noxipbkgma,2fba79c3806be022,1024,0/0
/spttest/mt84m36piacl,29ab228f0af845e5,1024,0/0
/spttest/1ojdvp7m6ku3,3125a03d3be50fb,1024,0/0
/spttest/sjzkohycq5b6,3428d49cae860162,1024,0/0
/spttest/jh3ha5du35hj,2392be6a0ad44087,1024,0/0
/spttest/25f7z6gs8fqj,3edaac2790dfdab,1024,0/0
/spttest/gobmbof3b2bg,1e75c35e497c9f7c,1024,0/0
/spttest/pfdnxfbqc2b9,2e7220172cfb2cb5,1024,0/0
/spttest/e9xupkxrtf6d,1a13b7a6bcab9115,1024,0/0
/spttest/hhoeu1jdbo8b,1ff311621ad8386b,1024,0/0
/spttest/1dqkg13gcxq7,2860f9cbee241bf,1024,0/0
/spttest/4rlhrdhs1idz,8b4ec340d2d2357,1024,0/0
/spttest/nvrgitqlqomt,2b9fb3de35b32c35,1024,0/0
/spttest/ayq9kho4t8ki,140741474798c4a2,1024,0/0
/spttest/hr45j664j6hn,206da6b802d2239b,1024,0/0
/spttest/7mc1ejf4id8n,deb685d6fe9e387,1024,0/0
/spttest/x59me5dvxprw,3c8bb00c8459a3bc,1024,0/0
/spttest/al72andbk239,135777484c297695,1024,0/0
/spttest/ge03ueh52frd,1defb755bce82549,1024,0/0
/spttest/wig99av2p499,3b63540565eedfcd,1024,0/0
/spttest/3xrm8qpg7ija,731743638450d96,1024,0/0
/spttest/hc7xqnbc7uf0,1fac2d58edf81dbc,1024,0/0
/spttest/6pwh0mstto9,5748107df32f79,1024,0/0
/spttest/lt898gw45txj,27d7912cbb1b2ac7,1024,0/0
/spttest/un44ke6rnv1h,37f8ab5ce7b8afe5,1024,0/0
/spttest/kz2krhw4ymwe,264fd6d7d8807c6e,1024,0/0
/spttest/jrooytnc011w,241c4a6f05299d54,1024,0/0
/spttest/5d87rgaghw35,9cde5697409f4b1,1024,0/0
/spttest/samun7pddx40,33af5614a1f849e0,1024,0/0
/spttest/bl6hdffx3aet,152aded76213e475,1024,0/0
/spttest/d1wstxoltfvk,17d7cf2a6b68daa0,1024,0/0
/spttest/5loqm9iymlib,a3bc5bce0b21063,1024,0/0
/spttest/g4brdzqajyfh,1d72073a41d2970d,1024,0/0
/spttest/kuu28onqropo,2618cf586c084bdc,1024,0/0
/spttest/k5hd1njjp0u2,24cf7edccd7c9f7a,1024,0/0
/spttest/fgw82vtsfn92,1c41ab41ec84c376,1024,0/0
/spttest/sbvpta2cipct,33bf8641407f04dd,1024,0/0
/spttest/n64n0tqmgl5,12cf704ad72ab79,1024,0/0
/spttest/36sw09o3kl25,5d333b3c7c27a9d,1024,0/0
/spttest/40j2xifas1qa,755577c5a673dc2,1024,0/0
/spttest/jfgnsw7rhq5d,237d856b2bf315a1,1024,0/0
/spttest/p3ap2osd3kcg,2dd52ed88e10a6c0,1024,0/0
/spttest/jjmzq2re3tbr,23b3c33e5ab47137,1024,0/0
/spttest/25qp37gl57rl,3f1ceb7396d5b91,1024,0/0
/spttest/vmk490civzfy,39c5106dcfe8072e,1024,0/0
/spttest/rc7dyop5ibar,31f01f0705de32b3,1024,0/0
/spttest/yz9xdf5ry7vp,3fe5172a2fa1bb65,1024,0/0
/spttest/potevhdm88km,2eecb60ffc0fd766,1024,0/0
/spttest/ghqpnoo56v4o,1e2048a5dff6a818,1024,0/0
/spttest/46cg0tsl8lnw,7a0e20a3acf14ac,1024,0/0
/spttest/euda3ik1ok0a,1b1d11ca1707cc4a,1024,0/0
/spttest/m8cqc8vmq8ch,289c0562deaddec1,1024,0/0
/spttest/u9ajnxhflpc6,374522b788b89686,1024,0/0
/spttest/vbhqqsvujswi,393553372faf1312,1024,0/0
/spttest/ezrcncf24fco,1b6317c5f7ba84b8,1024,0/0
/spttest/weqkup6r4nr0,3b33186cdfa7343c,1024,0/0
/spttest/ilsf9o9yitx2,21fc163d4f2d4df6,1024,0/0
/spttest/eg4fs4m3lqbh,1a640776d0d0b37d,1024,0/0
/spttest/zdoiogqyepfj,40a03495406f823f,1024,0/0
/spttest/7d5z1mzmmvod,d7450cb3ed92bdd,1024,0/0
/spttest/amjx84mvl7kw,13691851574ef0a0,1024,0/0
/spttest/qov7rhpfr5of,30c0f9cbd8f1987f,1024,0/0
/spttest/o7id34f7y5j4,2c384ad16ab75380,1024,0/0
/spttest/cqlkcr8b33p3,1744df8a532af077,1024,0/0
/spttest/uat18vyvyccj,3758cbb6cd46aa03,1024,0/0
/spttest/d1pmm4gdatgf,17d538a2f37ee09f,1024,0/0
/spttest/wfl5jn7kdy0g,3b3e2090ee172d70,1024,0/0
/spttest/1plje3nkyqzm,3201e2608f9bd22,1024,0/0
/spttest/2cqyc1s2pwjk,44cd33c2ee3b300,1024,0/0
/spttest/g78n837duqux,1d97df358a33bc79,1024,0/0
/spttest/44t68dv7su2p,78cf0aadc019a41,1024,0/0
/spttest/ytzr26wvlisy,3fa07900f1cc3172,1024,0/0
/spttest/f4vzuwhhvkxq,1ba5b714e43b90be,1024,0/0
/spttest/me7kyylkqzde,28e8194f4017dd92,1024,0/0
/spttest/9b65d76sibvo,1101a0fbd50a30a4,1024,0/0
/spttest/c5ns1mcheycd,1634e59e3befa65d,1024,0/0
/spttest/2uov9dhgok34,535e13b54137fb0,1024,0/0
/spttest/46zvglgy6ni2,7a9561ec3d1ae7a,1024,0/0
/spttest/w7vizfgysrg1,3ad9f4acc918cbf1,1024,0/0
/spttest/dzgi0176buk7,198b9036aeddc177,1024,0/0
/spttest/bn71cf5m947u,15450c994149779a,1024,0/0
/spttest/h3xiro18jxuc,1f40813271761e14,1024,0/0
/spttest/b52eolte16t2,1459925c25548ab6,1024,0/0
/spttest/ffgzrylkjue9,1c2f2f2c206208a1,1024,0/0
/spttest/i92t2y9rh7nw,2156f906bb01a00c,1024,0/0
/spttest/e0f2srutkcju,19980a1911a8a18a,1024,0/0
/spttest/85n2wbla4b39,ee630206fbe7f25,1024,0/0
/spttest/e6flpyct0b6w,19e62a2ff08c85a8,1024,0/0
/spttest/229sp4mdju2z,3c4bdf1f355e40b,1024,0/0
/spttest/hv6b6m8hgbtd,20a262fb700850d1,1024,0/0
/spttest/werrpdjhwae9,3b33865fe633e9a1,1024,0/0
/spttest/qyi81pcdmd63,313e2e4de453992b,1024,0/0
/spttest/pod0fe7iez58,2ee6cb1a5b1f176c,1024,0/0
/spttest/l883emhu5eil,26c6bbd3d17f7abd,1024,0/0
/spttest/hu6o3v0n8nnm,209586e25c2150c2,1024,0/0
/spttest/l8bq5wdwgokm,26c80b52c5399466,1024,0/0
/spttest/v09icazzlinq,38a378e2d82c60b6,1024,0/0
/spttest/mun6qj3pporv,29bd8ec98c459eab,1024,0/0
/spttest/47sd9tgrdof0,7b39e21cb8a07dc,1024,0/0
/spttest/2nrhmf3abro0,4dbe68c503106d0,1024,0/0
/spttest/xwjiyxh9bnmz,3dedf8e185d7696b,1024,0/0
/spttest/wv8hl15sq9oq,3c0962c66440d38a,1024,0/0
/spttest/m8ao6lcyudvl,289b471d801e83c1,1024,0/0
/spttest/ukz7tillhbrs,37dceb5b13e55ed8,1024,0/0
/spttest/lamorf4zafui,26e5fa4a2aa5b1ba,1024,0/0
/spttest/m7phf9bryswb,2893a20a0df41dcb,1024,0/0
/spttest/61qbjxngq7eu,b0c2beddcb44406,1024,0/0
/spttest/gbaa230j9oui,1dcc6b307889890a,1024,0/0
/spttest/uojc9w1wwyza,380b25ebc2507d16,1024,0/0
/spttest/vkd6g96jaa5e,39a894fc5a83ace2,1024,0/0
/spttest/p18jwzy48zhy,2dba6e5c8c20e1b6,1024,0/0
/spttest/ws31ibr9h8zh,3be073eb0d856cbd,1024,0/0
/spttest/pir62edsw0at,2e9df72fbda01985,1024,0/0
/spttest/dvkjh6l1wx0,b44074f62a39e4,1024,0/0
/spttest/ao3jl1x2egta,137d29f08266029e,1024,0/0
/spttest/wvgnlvfwlm8w,3c0c552cf1b84fe0,1024,0/0
/spttest/2c4og0zxn7ew,444c9c26b4eb248,1024,0/0
/spttest/1vgvegb7bguu,36c5ea986c81d16,1024,0/0
/spttest/5u36pmod94j1,aa8e63d4c04ac2d,1024,0/0
/spttest/fxbltle3077c,1d170c25d04c8f78,1024,0/0
/spttest/1wrzopxzjtim,37d5ef6ebebd32e,1024,0/0
/spttest/46fu3qca8trj,7a21b45cc62a2af,1024,0/0
/spttest/hawatomm6b1f,1f9afd3e4c832b63,1024,0/0
/spttest/xm1wp4gmeuyw,3d65b8e8497d2a48,1024,0/0
/spttest/l5p2cp61xxv5,26a5e39d437b32b1,1024,0/0
/spttest/36ylms28sa1a,5d5434ae052b1ce,1024,0/0
/spttest/eaw0a1q056tf,1a200a758ac5e9c3,1024,0/0
/spttest/g5qxq244o9iy,1d847e433b4bfa3a,1024,0/0
/spttest/rlpbd5zgmak3,326b7e4d1131eaf3,1024,0/0
/spttest/32gglrlxuii5,59ac2bc71a4de2d,1024,0/0
/spttest/r5j842oj17cp,319977a379224e79,1024,0/0
/spttest/jix7npi7i8qk,23aa7606d98b3bbc,1024,0/0
/spttest/nvdw1de1a3lc,2b9ace856bcbd9b0,1024,0/0
/spttest/3kxde7bzb1kv,68aab61877fdbbf,1024,0/0
/spttest/yfbpl60h02l0,3ee1f2cadebe5e14,1024,0/0
/spttest/fdq079357gtw,1c1875101c58b1f4,1024,0/0
/spttest/gcy3z29kfe5w,1de201ac83a72d74,1024,0/0
/spttest/85u72o02y8kz,ee8c16b7440a1f3,1024,0/0
/spttest/f9lhhj1w3s4c,1be2de8bab56e51c,1024,0/0
/spttest/ipdz0t0ngp9y,222ad46d28c52af6,1024,0/0
/spttest/bvhx0eqb4ucf,15b0e3957bb9e59f,1024,0/0
/spttest/cjd10zv9vvsa,16e6de358f1b67aa,1024,0/0
/spttest/ngmjn9oslcrz,2adb17309ab67fef,1024,0/0
/spttest/5vnijdufob4,4c5e0892380ad0,1024,0/0
/spttest/nofhzobvxixr,2b40766b2ed0a91f,1024,0/0
/spttest/vm1u26qou99s,39be77a8104a2a70,1024,0/0
/spttest/43h0h6avpy0t,77b90393a07ff7d,1024,0/0
/spttest/31rsqoqz0qwl,591dcab8f6a3335,1024,0/0
/spttest/h5y4qlh465q0,1f5ab414d84a9a78,1024,0/0
/spttest/1vcey4eagnk,184c86ead870d0,1024,0/0
/spttest/iffemdfcanyn,21a9744050320fcf,1024,0/0
/spttest/s8jz6jmhmh6n,3394521a7280797f,1024,0/0
/spttest/woyzw5qxxmul,3bb8068783c8aaed,1024,0/0
/spttest/ggaey6hsswrz,1e0d6a06121bf4ef,1024,0/0
/spttest/6kihl2tlgk00,c00245658fcf240,1024,0/0
/spttest/bsb4lrlnslzr,158778b7fd833957,1024,0/0
/spttest/sznf1yq68wil,34f445dda7ce249d,1024,0/0
/spttest/vhyp3ys0lcla,398960d29ce502fe,1024,0/0
/spttest/goa5big92gs0,1e753b5eb2bb8a70,1024,0/0
/spttest/q1tpy6fsyf1h,2f95aed0d2f198a5,1024,0/0
/spttest/973zle0o81qv,10cce468c819f2d7,1024,0/0
/spttest/zc3bx1ragjql,408b923e9577aded,1024,0/0
/spttest/quecpcqvxqus,3108d3c0caf42d34,1024,0/0
/spttest/lvmeq1k5gcys,27f6a6eccfc82aa4,1024,0/0
/spttest/ep3ag4l7nhs9,1ad884b8e359d4c9,1024,0/0
/spttest/8n0v7kfola5l,fc7faebf6d5daa9,1024,0/0
/spttest/uc21dqbo9x8z,376908a1528d1493,1024,0/0
/spttest/cufwe69gf6v7,1776c93f8cd28483,1024,0/0
/spttest/v6c90t6bi5n2,38f2659eb084800e,1024,0/0
/spttest/vf0qpjskdylb,396325e4a220e45f,1024,0/0
/spttest/kiyemkmzzxy8,257e8184516171a0,1024,0/0
/spttest/4x3go843m1qd,8fc5a533921a545,1024,0/0
/spttest/mo8xw2xmshll,296a7b6523fe6219,1024,0/0
/spttest/dsa19b366w5o,192e4e3fee1d8a4c,1024,0/0
/spttest/sf94un8tjm7h,33eb55657838442d,1024,0/0
/spttest/mkxds4tjsmlc,293f57fa287c2860,1024,0/0
/spttest/6rqnomferx41,c5e03ba497aaa61,1024,0/0
/spttest/tcf21lnm326c,359a1de056434fc4,1024,0/0
/spttest/93gs5fc335lx,109d8d1240e40225,1024,0/0
/spttest/gswryez893mh,1eb15a93eb0a4e99,1024,0/0
/spttest/y1hzhi5xtyda,3e2e5ccdf470a83e,1024,0/0
/spttest/i9xdkt1towjv,216200a96c966bcb,1024,0/0
/spttest/ppf94nmxuign,2ef4976c438601f7,1024,0/0
/spttest/66r2793qh0im,b4d6295ca6fb2de,1024,0/0
/spttest/vd0ov5mizh7y,394926a5cc7dbbee,1024,0/0
/spttest/rwovt9se6lu4,32fa38386c39420c,1024,0/0
/spttest/mbwp3rb0ivbi,28ca3159ba7ceb0e,1024,0/0
/spttest/wxsgrc2wxwae,3c2a928967f709b6,1024,0/0
/spttest/h144ysaza7p,dd385989147875,1024,0/0
/spttest/4ymdxcxg0ppd,9102b8834a9b621,1024,0/0
/spttest/3kb6xcgy5fu2,682aaaef8c2816a,1024,0/0
/spttest/k4mw3u5twl7p,24c4805a407a4465,1024,0/0
/spttest/marztnqpisjt,28bb81c1a4697209,1024,0/0
/spttest/deu9unvcipqs,187fc21192d1aad4,1024,0/0
/spttest/s0jn6addq9c,16be5970d667b30,1024,0/0
/spttest/ryajnvcbhqol,330f0667729bec55,1024,0/0
/spttest/12ht3ydrojva,1f404b49bbba996,1024,0/0
/spttest/gxpjbu7pdywi,1eefb025fd1cc6f2,1024,0/0
/spttest/zet31ma79usr,40aed790de85732b,1024,0/0
/spttest/jwbdh5w08flg,24586e72a87110f4,1024,0/0
/spttest/4zbn8kqpruam,91948a12fbb731e,1024,0/0
/spttest/que3qu6cc19l,3108bcc44ded5569,1024,0/0
/spttest/r4w0g6zlifpg,31911781aa2a2104,1024,0/0
/spttest/jrutxn2p09k4,241e8163448be164,1024,0/0
/spttest/5yhhadx1q835,ae2038f1892c071,1024,0/0
/spttest/szbfsnqwuwp1,34eff3597b033905,1024,0/0
/spttest/ptagft2milex,2f26d15d25a8eae9,1024,0/0
/spttest/ehdf5hda21mm,1a74426bc91662be,1024,0/0
/spttest/ltixekctvk0a,27db6aded74b240a,1024,0/0
/spttest/5lal85ispohd,a36aabf6cb9bc31,1024,0/0
/spttest/xumap6ajkjuo,3dd4fe402bf09c80,1024,0/0
/spttest/bqu6f6h2d42e,15745ddd2d1f9bd6,1024,0/0
/spttest/16799u9ccz0z,2242b275dc5ac53,1024,0/0
/spttest/ozoywfne72d9,2da6602fbf7c81bd,1024,0/0
/spttest/14c9w3sjnmlf,20c0011815fe523,1024,0/0
/spttest/26q3rdma694u,3fe953f76be65be,1024,0/0
/spttest/eqk3exgq77kw,1aeb923175c54c20,1024,0/0
/spttest/yy93qi1aycw0,3fd7cddde35c03c0,1024,0/0
/spttest/9a5ktdy1unfa,10f46effce424b16,1024,0/0
/spttest/xhs4lovkw01x,3d2e3c7ac939f845,1024,0/0
/spttest/mkatmtjg2igz,2937342e74595603,1024,0/0
/spttest/iepr22nssu6r,21a03295dac07fd3,1024,0/0
/spttest/y6enojot3jef,3e6e1bb2291c51f7,1024,0/0
/spttest/t8i4i9pieec0,356744460e95a610,1024,0/0
/spttest/i53wtvc1f28,eba67fe1f23a80,1024,0/0
/spttest/ktzq3nqdzeb2,260ddd268836382e,1024,0/0
/spttest/8b1x73v2u00e,f2c7d4ed788698e,1024,0/0
/spttest/trs924iwis9m,3661b7832402c79a,1024,0/0
/spttest/d34k2bwa0s5r,17e798dfe75b888f,1024,0/0
/spttest/rjverw6oul5y,3253b6be7b4976a6,1024,0/0
/spttest/11xmm234rp4c,1ecbcab9e6bc7ec,1024,0/0
/spttest/ixrczobgp6x6,2297931b99054b4a,1024,0/0
/spttest/gdtqw4hxlat8,1ded6be49ee40efc,1024,0/0
/spttest/sx4zd6v9lcsw,34d3a478b8f65910,1024,0/0
/spttest/44z2lfvzh06e,78f118b55622a26,1024,0/0
/spttest/cl0c59abbf5b,16fc44767f97446f,1024,0/0
/spttest/estazevtisfw,1b08df70f662197c,1024,0/0
/spttest/e40kksj1ba6e,19c6c3376bb29546,1024,0/0
/spttest/qnbupmoxllti,30ad000e191622b6,1024,0/0
/spttest/lnez6rneqexr,278c0e6ed645881f,1024,0/0
/spttest/7dhq5rwr8cjo,d788e6a651a5c84,1024,0/0
/spttest/x526iubqi600,3c8900c0cbaeb4e0,1024,0/0
/spttest/nzv99atputlu,2bd507ba7ff71e62,1024,0/0
/spttest/blzqfj69mbq1,15356cc32a6055d9,1024,0/0
/spttest/ccofw1hprkjk,16900f98ad4f4dc0,1024,0/0
/spttest/78w0ohba80i,5e21e588ff9612,1024,0/0
/spttest/7lp38p8c0h80,de3209c60fa9330,1024,0/0
/spttest/41lldqa6owbr,7633cd1a9bfc7a7,1024,0/0
/spttest/3j88r8qec89u,6749d04c0a56ae2,1024,0/0
/spttest/ukwgm0itycm1,37dbeccef448b959,1024,0/0
/spttest/6vo9gxgsr7pe,c911b8c7f294bc2,1024,0/0
/spttest/9gyi4kr2zmh6,114cce519a9c2a8a,1024,0/0
/spttest/neuxrz5hhhyo,2ac423e0fa8e4a30,1024,0/0
/spttest/wj55xmzgk205,3b6c50b2d3076325,1024,0/0
/spttest/wuusts1vtiq,1aaca4a6de40832,1024,0/0
/spttest/vg02opa9xhgl,396fe582b6c977a5,1024,0/0
/spttest/ell14mguw2ls,1aaaf66967ab5330,1024,0/0
/spttest/7uo507ol7hkg,e57b014701d59b0,1024,0/0
/spttest/ycilqcig27ux,3ebd77b4c01f6c49,1024,0/0
/spttest/4r82tfitmfvm,8b015137287eee2,1024,0/0
/spttest/3yflg9b7zgz3,73a1b05025e43af,1024,0/0
/spttest/gk4u92urjnx2,1e3f5c1acf9d92d6,1024,0/0
/spttest/5339v9dmni1f,94a386808e53513,1024,0/0
/spttest/zkjqpixodlbe,40f968240ac9492a,1024,0/0
/spttest/26gjgx095nln,3fb21df5762bfbb,1024,0/0
/spttest/2uaszuzljg46,530ce4447f71956,1024,0/0
/spttest/c65bwa5norc2,163b3ad03c81eb62,1024,0/0
/spttest/pc4k1tdsllwx,2e47df0e51de6231,1024,0/0
/spttest/1wexo3a5lgb5,378a9003e4602d1,1024,0/0
/spttest/b8r7u7giaiyh,14897dc660970079,1024,0/0
/spttest/ism830r1mgub,2254c6647773abc3,1024,0/0
/spttest/kz76oak6y1xp,26518088f8c5744d,1024,0/0
/spttest/uaesst57ozeh,3753a8e2eef23439,1024,0/0
/spttest/11c5p1oakuzd,1e4fd882e46d3d9,1024,0/0
/spttest/zm3rsgkeavul,410d9f898b2a5dbd,1024,0/0
/spttest/5mtow1esybm3,a4a8c669cae134b,1024,0/0
/spttest/9ae18m7p0a5t,10f77c154b31c871,1024,0/0
/spttest/3jyptfhn3udo,67e2a5dfc05478c,1024,0/0
/spttest/oascu5xhmg3y,2c62dda1d715a00e,1024,0/0
/spttest/gcgxarmr0tnw,1ddbce499834d92c,1024,0/0
/spttest/jmjwdd71ich6,23d99d4e494a3caa,1024,0/0
/spttest/nlmbi5f47uzf,2b1bf49519ca889b,1024,0/0
/spttest/iq3kszkla9eb,22341185c4448313,1024,0/0
/spttest/vwes89ag2vc1,3a45084fe3241321,1024,0/0
/spttest/4hc22t69wbw8,82fa0159640d538,1024,0/0
/spttest/er1umtxmaus7,1af1fa4aeddb0457,1024,0/0
/spttest/lpfh2ilfjcya,27a636d3d8a64b52,1024,0/0
/spttest/hjtv6nkqnwg1,200f03b078831e01,1024,0/0
/spttest/tkcpgm54kqmj,36012ee89452dbcb,1024,0/0
/spttest/dczxslq3n6a5,1867d2d4145a5a8d,1024,0/0
/spttest/ni4q4i6m5rvi,2aeea3b2b6c9ea5e,1024,0/0
/spttest/lchg502pjpq9,26fe10d67f8f4a01,1024,0/0
/spttest/g0m91yppfi2,d00d334541ebba,1024,0/0
/spttest/rt7nz2h7f4ut,32cd0a13b446f155,1024,0/0
/spttest/r02nn77plq35,31528af1d7dadc51,1024,0/0
/spttest/jvjrjenp9s64,244e7837cd950bdc,1024,0/0
/spttest/vcfo9bl501qk,3941915bbee991cc,1024,0/0
/spttest/5d19rst1fnn2,9cb63fd967cda6e,1024,0/0
/spttest/9sjx04a28n9e,11e36a0b824d11c2,1024,0/0
/spttest/d2gowuyorao7,17defc79d0e82ec7,1024,0/0
/spttest/cer045vhoxgo,16aaf6bdaa5f9c68,1024,0/0
/spttest/psfbwo2ymgq7,2f1b96523745282f,1024,0/0
/spttest/7i0l7t3xjdb3,db351c15019071f,1024,0/0
/spttest/n5hgtb63txf7,2a4a604200e8f973,1024,0/0
/spttest/1gsb9hl1kbbs,2ada88f8652db58,1024,0/0
/spttest/l3neizkg7ode,268b4f9a1cae0722,1024,0/0
/spttest/szytmse0mdc7,34f8635257d92507,1024,0/0
/spttest/4q767wbbo5lz,8a2c42dece7e967,1024,0/0
/spttest/ev9kucxbqgml,1b28b924eae425ad,1024,0/0
/spttest/wcd3ei8qb1pz,3b14405a2c64f777,1024,0/0
/spttest/t6hbyu7ocvtr,354d00888c62201f,1024,0/0
/spttest/hf5596kkdjvq,1fd2234b5a92a9e6,1024,0/0
/spttest/fz49p2t3o2vp,1d2e60f8e0ddfb95,1024,0/0
/spttest/i427g9vnl7al,2115cf3eb180fb2d,1024,0/0
/spttest/ajj46pyrr8o7,1341d60a1b8f37a7,1024,0/0
/spttest/7krwds9g2kna,dd726dc5826a906,1024,0/0
/spttest/5te6kbx9debt,a9fe0a7de0006c9,1024,0/0
/spttest/4aqa5h7rrg1f,7d9d528b5db50f3,1024,0/0
/spttest/qacffcr318qd,300458dddd369175,1024,0/0
/spttest/p6f6bjak0s24,2dfdc45686087a0c,1024,0/0
/spttest/mzyrtq5ntiqx,2a02af3b1a4f8f29,1024,0/0
/spttest/f1y70amig640,1b7f8a648af88cf0,1024,0/0
/spttest/mgbjqqr1jvlq,29038224fe5033be,1024,0/0
/spttest/5f0irws93mqu,9e5193c58e7eee6,1024,0/0
/spttest/ucpwyxgu3jnm,3771a62660b73442,1024,0/0
/spttest/ufrpds7ooydi,3799433061775806,1024,0/0
/spttest/3u2xc7su3fcd,70193b4f2daae6d,1024,0/0
/spttest/l5byzzhndt9d,26a12a3944dc2061,1024,0/0
/spttest/ua66vjk4fpkm,37508db0271c7336,1024,0/0
/spttest/n33fkv2p8eu7,2a2b556bd066ee1f,1024,0/0
/spttest/7imjdyiuexqf,dbb3d29ca5f6847,1024,0/0
/spttest/hvdu9tes55kf,20a51a89ad5d4f6f,1024,0/0
/spttest/l9o6b309sdtn,26d9866bc57acdfb,1024,0/0
/spttest/8q899w2zkv0t,ff19d5b3080650d,1024,0/0
/spttest/9w1axjpz9d0p,1210a7d021642129,1024,0/0
/spttest/lohzeqcdf1wz,279a215cac2db473,1024,0/0
/spttest/rxwurbkn1dki,330a15b7e0f7b1f2,1024,0/0
/spttest/khbi2ojupyva,256940a2d16186c6,1024,0/0
/spttest/imix5hc93swk,2205a5b2f7f95e14,1024,0/0
/spttest/p7wmc7omnu89,2e110cf4a72e9ec9,1024,0/0
/spttest/2y49ukueh0hv,56267f53503e2c3,1024,0/0
/spttest/35u22wixwe8i,5c6a26572acd912,1024,0/0
/spttest/hkk2g0o98rlv,201877e43a2246c3,1024,0/0
/spttest/bq73aui7acba,156c096364cbabd6,1024,0/0
/spttest/blwo5hwo6ycs,153451cf936fdb6c,1024,0/0
/spttest/h5w6r6mbs5h2,1f5a0084b3f92db6,1024,0/0
/spttest/73bo2yznqmxq,cf47a4eb735799e,1024,0/0
/spttest/cm62f45f2o82,170b52f949438a22,1024,0/0
/spttest/tjtao8749qd9,35fa2df7bb846dbd,1024,0/0
/spttest/wrh494kv87jm,3bd88adbc919a732,1024,0/0
/spttest/mfipk5zu8kcf,28f91a643694b2ff,1024,0/0
/spttest/jfwmg1oe10c1,238347d43a4ff5f1,1024,0/0
/spttest/awheh7m0jzjx,13ea140bc5c602bd,1024,0/0
/spttest/4413o9ln9gms,782cfca8ab83774,1024,0/0
/spttest/1dp1kp0r0fq4,28582d39b8eda9c,1024,0/0
/spttest/m47nzjc5grmb,28663c7b0defb4d3,1024,0/0
/spttest/m686keeg02m6,288066aa4a64f53e,1024,0/0
/spttest/i9fghc8joyk8,215b897bd3c0d7f8,1024,0/0
/spttest/atbth4heprvw,13c1188c02b58b6c,1024,0/0
/spttest/kzirgmbl8ahn,2655adeb98a7881b,1024,0/0
/spttest/mlzo73tt8beg,294d28b20296acb8,1024,0/0
/spttest/qcvbc2shfgp8,302523e14af8c34c,1024,0/0
/spttest/r2icxgngbv31,31722fdb99927e1d,1024,0/0
/spttest/xaaja2lbicwd,3cccf6b67b1e10cd,1024,0/0
/spttest/m2ebc74sxljz,284ea8179357875f,1024,0/0
/spttest/n77t4js5uo4z,2a60deade7b01ab3,1024,0/0
/spttest/15rx1sd25cqu,21ea2444c9265c6,1024,0/0
/spttest/4myfq0v8b2ab,878a57a9f184453,1024,0/0
/spttest/fdzarexl60cp,1c1bcf78d2f74049,1024,0/0
/spttest/q1ej4yj5v8dg,2f9033d09944ad24,1024,0/0
/spttest/lrjibrtw4crt,27c1a60a1a9d3da9,1024,0/0
/spttest/xcbzkgxzq051,3ce77763613faa35,1024,0/0
/spttest/7hyttfzhgo0c,db2af1640382a8c,1024,0/0
/spttest/dl13zjj66iy6,18d02923c920876e,1024,0/0
/spttest/5cmp6f63fid4,9c621feebd035b8,1024,0/0
/spttest/c03wn6smf647,15ecc7c51a26b2b7,1024,0/0
/spttest/vlj2fpcec4g5,39b7b226479b6f85,1024,0/0
/spttest/as7idk64xx90,13b28d56ed230294,1024,0/0
/spttest/q2g0n81jkqz6,2f9dba5c20609c92,1024,0/0
/spttest/kjadd8g7t0q3,2582d2b454990feb,1024,0/0
/spttest/za05x2d80nd,1ca3c16fd187a49,1024,0/0
/spttest/6jdsb92tcf7a,bf174c33d09acf6,1024,0/0
/spttest/ajkj3gi23cqg,134258a974f3ed38,1024,0/0
/spttest/gwe270kw3hky,1ede8ee0ffd92bc2,1024,0/0
/spttest/9e9l5vh74hly,1129d6639c2ead26,1024,0/0
/spttest/4xbxndcvyvdc,8ff68d4171b9250,1024,0/0
/spttest/td9rbd9m42uc,35a531c3aa161164,1024,0/0
/spttest/ptfs0fj162t8,2f28bce60a1210bc,1024,0/0
/spttest/qpe59kqlcc9k,30c7ce6269e22618,1024,0/0
/spttest/sjr7oel5ddb0,3425d04de244fd9c,1024,0/0
/spttest/fbtzfcwwf28q,1bffea08cef4d91a,1024,0/0
/spttest/6a84fblxzr3s,b7a8252779618f8,1024,0/0
/spttest/94zotwwi6vre,10b15cce8ab9f84a,1024,0/0
/spttest/h6erpihqt7qs,1f60b4e8bf8a6a74,1024,0/0
/spttest/dt8k64spqk3k,193ac34b29f35140,1024,0/0
/spttest/se8dp5yvogis,33de12790f7240a4,1024,0/0
/spttest/65jfd265ws1q,b3da426cc49b2fe,1024,0/0
/spttest/q7x72benvst8,2fe4df5fc426429c,1024,0/0
/spttest/f3gqn7f890w2,1b9338a920de40c2,1024,0/0
/spttest/7c0wvtdtnbfd,d6580264200ba99,1024,0/0
/spttest/uvdlkao618tu,38640057a186a8f2,1024,0/0
/spttest/ecyhr8a4dwhe,1a3aea8d523d11b2,1024,0/0
/spttest/nfh2irj8viq9,2acc20270dbad491,1024,0/0
/spttest/rxzqagpcrzvm,330b1f5bc056fe62,1024,0/0
/spttest/g5f0j5iuf94i,1d80310c859151f2,1024,0/0
/spttest/1l835wdkokqy,2e74eb28698a70a,1024,0/0
/spttest/gnuk5ag1a082,1e6f9b857554e0a2,1024,0/0
/spttest/wj3mlirs8h9r,3b6bc2b77eff516f,1024,0/0
/spttest/4mwxngj0crcs,8781abe6aad017c,1024,0/0
/spttest/dvt2jcz2j89d,195c244c7b9ede91,1024,0/0
/spttest/hpfbt2di8gx9,2057b45b1d100dad,1024,0/0
/spttest/de1pnnoez9ja,187573f160be7906,1024,0/0
/spttest/232npy4fou4x,3cf27da87e00d91,1024,0/0
/spttest/q2n420zvo4lm,2fa049b0a6ec984a,1024,0/0
/spttest/wfqhje1n3oia,3b400d2db9c559d2,1024,0/0
/spttest/q59fbn3yks3m,2fc25136b4e04942,1024,0/0
/spttest/kqwlihg8r39n,25e5c480d950214b,1024,0/0
/spttest/c0cr8i8i1psl,15eff935718fcad5,1024,0/0
/spttest/4151k03k8v0s,75d440ef938cf0c,1024,0/0
/spttest/9i3pzp810bci,115bad98711f4a72,1024,0/0
/spttest/u7padgiq52tg,373079e384b5bf84,1024,0/0
/spttest/zf1jyqsjsr5e,40b1e5ecdf787b72,1024,0/0
/spttest/q0z4jm0til72,2f8aa4d9474e98ce,1024,0/0
/spttest/t1xbopxts2p,179625136483861,1024,0/0
/spttest/qpdzvedbb5x,15ae1cafcc0e245,1024,0/0
/spttest/38mtvjcfk50x,5eafe89999b6571,1024,0/0
/spttest/k8nv94nzij1f,24f8cf8f1fda6fe3,1024,0/0
/spttest/viw2495dohth,39956a59b6766135,1024,0/0
/spttest/ci7bah4tgs7r,16d7d11395a34fd7,1024,0/0
/spttest/xi00zf4cwcu0,3d31162413a9d4f8,1024,0/0
/spttest/hxpab39hytyj,20c3363ec964312b,1024,0/0
/spttest/lmnnbsiy4kec,2782320f206faa44,1024,0/0
/spttest/fxudrzcrnv,5c05c2615b60b,1024,0/0
/spttest/5udrei0wd2a2,aacb70298a30cca,1024,0/0
/spttest/1sbir5uadvie,3437899f67372c6,1024,0/0
/spttest/cy53xcxn2owo,17a6d98d67708598,1024,0/0
/spttest/2omsd7p8msij,4e73187faadf5db,1024,0/0
/spttest/se2r7wo1m0f0,33dc0af452a16c9c,1024,0/0
/spttest/3b1a61tw4349,60a30021ace2cc9,1024,0/0
/spttest/g9xszhfmg1fx,1dbaedb5c8b1ad4d,1024,0/0
/spttest/i4ohgl9iyq5d,211dd906d0571ee1,1024,0/0
/spttest/mqgi5dc9ly5u,29873076c7330932,1024,0/0
/spttest/ewrqhseo41rh,1b3c4387336cf1ed,1024,0/0
/spttest/98mmcqkhklww,10e09ab0db17ccf0,1024,0/0
/spttest/mlbn14ixcb55,29447cdd91438c69,1024,0/0
/spttest/330l9bs122is,5a2060b144ffa44,1024,0/0
/spttest/hvtjiwd6cz44,20aac4da7516d6c4,1024,0/0
/spttest/t9lfei42lequ,357572971dd6afe6,1024,0/0
/spttest/gyixzbw6r85q,1efa4c6c33a3180e,1024,0/0
/spttest/dyfd7gkdf7cx,197e2a49fe3a9001,1024,0/0
/spttest/a6um6i3ktz7m,129d1febd4387782,1024,0/0
/spttest/9n7s2x9m53zy,119e16b6a1cccd7e,1024,0/0
/spttest/5nmpsprsj00l,a550568a642fed5,1024,0/0
/spttest/98dbfpalhhi9,10dd3f5d443e5fe1,1024,0/0
/spttest/ofps0ej8lebh,2ca2e1be17594fbd,1024,0/0
/spttest/wegsnukh8i1a,3b2f90c7e8662e4e,1024,0/0
/spttest/te8bhw1fijk4,35b1aa10a6d78684,1024,0/0
/spttest/5pemsiwui4zn,a6c1543ef7e67c3,1024,0/0
/spttest/gylvvk0x5fzi,1efb5c20781ba12e,1024,0/0
/spttest/7mvolzu55dlk,df27ee7f291a118,1024,0/0
/spttest/y1la9cqad72i,3e2f8d8d4b91570a,1024,0/0
/spttest/tn99p98r9zj2,3626e9232839071e,1024,0/0
/spttest/y1pmcv6yk8ri,3e311e108f4d935e,1024,0/0
/spttest/ttw0ryacb96m,367d0e3f52a6d73e,1024,0/0
/spttest/cnj6eqc4ng72,171d0b40e1e805be,1024,0/0
/spttest/ptnm883azeui,2f2b910159b5ebea,1024,0/0
/spttest/ivelq3w71v7,f523818bb5f133,1024,0/0
/spttest/w5skxhhlodec,3abeea0cbe1ac2d4,1024,0/0
/spttest/tpimjbkmr4yq,364443e5abfe67e2,1024,0/0
/spttest/eanldd6813vt,1a1d01434f1bb9e9,1024,0/0
/spttest/bmeib6q7k3tr,153ac17333277f5f,1024,0/0
/spttest/h8h0hus9j804,1f7b7eb491286844,1024,0/0
/spttest/bw9a7t04slj7,15bac368a8c17003,1024,0/0
/spttest/q35fzyr3gb10,2fa6e6f5f99daad4,1024,0/0
/spttest/7hkn5f7hu1wl,dad90d32303c225,1024,0/0
/spttest/mriem6csjrqo,2994dd644ff53f30,1024,0/0
/spttest/nn8arcpe0oxk,2b30e007d3c0d038,1024,0/0
/spttest/l9ro8higkl11,26dac98654de4f75,1024,0/0
/spttest/t6yxh69a3dvg,355359fb527816fc,1024,0/0
/spttest/b9o9dx75uc4t,149569e5d7b389ed,1024,0/0
/spttest/amfgoyfwbms1,13677c6d008e2411,1024,0/0
/spttest/qsgg0hqvflyc,30ef9a77a51a53e4,1024,0/0
/spttest/gqqsy4kmbf2l,1e9538666b35870d,1024,0/0
/spttest/ul1dx3jzvsmf,37ddb3be053641a7,1024,0/0
/spttest/s4b28r5ehl,a255cc38bd399,1024,0/0
/spttest/a8ukkhz7l9zh,12b7164cf84008cd,1024,0/0
/spttest/luhfif1au0ck,27e7ddd971d5bb44,1024,0/0
/spttest/7zfbxret6szd,e9574d5c504fd39,1024,0/0
/spttest/xbviomrrm9s9,3ce1862cb3328209,1024,0/0
/spttest/mh8llr2gsrps,290f6f12854ac350,1024,0/0
/spttest/o8pbnig12mau,2c47caf95dfb9e66,1024,0/0
/spttest/252gq2y4jxrb,3e9106a89371da7,1024,0/0
/spttest/enk6brf9kjca,1ac4a1e503fe53ea,1024,0/0
/spttest/z4isq8jh209r,40293cd8dd5e4adf,1024,0/0
/spttest/kzu58gedahgt,2659c94f5f599bed,1024,0/0
/spttest/69exndzsa73y,b6ffa41ec0dda7e,1024,0/0
/spttest/suobso3hx89d,34b3a79730dec511,1024,0/0
/spttest/evs4mz9yyui0,1b2f6a8ff58ca4e8,1024,0/0
/spttest/d8z5jnup932d,18339552834098c5,1024,0/0
/spttest/mxfffnr6cvur,29e1b9edc79d6e43,1024,0/0
/spttest/8s8vqxe6nr97,100bd187f91237bb,1024,0/0
/spttest/q4re8ttyd983,2fbbcfd1aca635f3,1024,0/0
/spttest/qq6bkkf8jou7,30d1f8df8ff7e87f,1024,0/0
/spttest/kbhjltv1xss5,251d7f3c4cb29cf5,1024,0/0
/spttest/b123ezo17aug,1425806c91bfe3a8,1024,0/0
/spttest/49ud3hjfrvfh,7ce50ee436e42dd,1024,0/0
/spttest/wjiden6tdnuu,3b7114a87fe7bf06,1024,0/0
/spttest/23r1hbr5t7o7,3d7f3ff7b992d17,1024,0/0
/spttest/z7gp32j589bo,404f728846e21234,1024,0/0
/spttest/2pj17ci0a7cw,4f2d3fd25ec4bc0,1024,0/0
/spttest/2v9bk45a9mpp,53d426a26e4993d,1024,0/0
/spttest/qcfu9ytxpo3i,301f8e96730efb3e,1024,0/0
/spttest/qdrvsi7c08rd,3030e4267e275459,1024,0/0
/spttest/lyud3sdmcwvz,28207d7d3e7cdb7f,1024,0/0
/spttest/r9ovm4qr57o2,31cf76ce85111912,1024,0/0
/spttest/9e3l5byv3h,3637da85100ed,1024,0/0
/spttest/dzjks0zuwrr3,198cac71f2bb9e7f,1024,0/0
/spttest/mofna68zqkpm,296ce6c0e684ee5a,1024,0/0
/spttest/am27tiop3t3l,1362b4df2a8e2f11,1024,0/0
/spttest/j82ao4eyh02,f9b4b74253e892,1024,0/0
/spttest/4wakjg2uoiyt,8f1ed9190335c05,1024,0/0
/spttest/2msy4eyfmxnp,4cf6ffeaa786ae5,1024,0/0
/spttest/cl3a43ke1za2,16fd545a7b7936da,1024,0/0
/spttest/4wm29auuccp7,8f613149109c14b,1024,0/0
/spttest/sdu51cr18842,33d8ef18188ec812,1024,0/0
/spttest/iy3f71jwtms6,229bed2ef2713496,1024,0/0
/spttest/71s36ptnfx4p,ce06c708a3e7079,1024,0/0
/spttest/8yaglib895w2,105a52ef5dbafa12,1024,0/0
/spttest/lnkrdcb2joyk,278e2495ac7f531c,1024,0/0
/spttest/dyhddzovpwal,197ee37db325bebd,1024,0/0
/spttest/edfaz9wbx3b8,1a40fb6ccf964a04,1024,0/0
/spttest/5mr02nb2nbjk,a4993fd9f3bd830,1024,0/0
/spttest/n6xqrj085n6o,2a5d3cefefcdfca0,1024,0/0
/spttest/rjun2jl7glee,32536fa941585b56,1024,0/0
/spttest/7cqru49z0kri,d6ed4c61afbf01e,1024,0/0
/spttest/qkp3k7xkbxtz,308acfc74c95a807,1024,0/0
/spttest/6vxgs2mqn1h5,c946d9e21e5f939,1024,0/0
/spttest/4ozw4sb2j93h,893267722d0c2cd,1024,0/0
/spttest/g098dhtsg6v4,1d3d28adc6a306c0,1024,0/0
/spttest/xlwawsa1gwtz,3d63b32a3a77d337,1024,0/0
/spttest/kkoe60a95i1v,2594df2ad1587ba3,1024,0/0
/spttest/se8z5bq67yjt,33de498190c408a9,1024,0/0
/spttest/xhebi6jdhh5l,3d294108dc01aa19,1024,0/0
/spttest/i00bzejzfz1e,20e12d1ba9272e22,1024,0/0
/spttest/1v8d9h6th6pf,3694d2d72b0a133,1024,0/0
/spttest/t676p18kc1yk,35495752bf7398ec,1024,0/0
/spttest/ppguqgurmh54,2ef52b3a2814b348,1024,0/0
/spttest/osu3btpjc5lf,2d4d4c9735f62e53,1024,0/0
/spttest/1tht5qcz82h5,352bac38d565189,1024,0/0
/spttest/cjwm5raa0ge0,16edef6d39cef4f8,1024,0/0
/spttest/7qtebrloobm6,e25a0cf42dd4cce,1024,0/0
/spttest/mm82hridsaki,2950305266abc982,1024,0/0
/spttest/aaz5csetl653,12d2b79e7a0d0757,1024,0/0
/spttest/bozynxao63ia,155c79a82edca742,1024,0/0
/spttest/8cctwijdlmr4,f3d6a29bfdadf70,1024,0/0
/spttest/ko9n8ig2ti6t,25c381f0ebeea355,1024,0/0
/spttest/d5z8e3tvu9fj,180ca4da7d9d4e3f,1024,0/0
/spttest/tsdd79bz3gxs,366955dfd714d780,1024,0/0
/spttest/3px2zz07hy67,6cb82fe13b81e3f,1024,0/0
/spttest/acie4dplugh4,12e6a65d7bccb7e8,1024,0/0
/spttest/6lw1zhpty1hd,c1206b962bd4d01,1024,0/0
/spttest/lekha74hgiz7,271923646552f513,1024,0/0
/spttest/784nujwz83v0,d32e569d5bbf88c,1024,0/0
/spttest/g94q5xzpq8cy,1db06fcb4b6a21d2,1024,0/0
/spttest/bh0epze775fx,14f4b8cd685ee64d,1024,0/0
/spttest/lhd8goft9lb5,273d7df45af72d21,1024,0/0
/spttest/1jqrtb1kk4tv,2d4120f33ff7d73,1024,0/0
/spttest/pcy9k7tmel33,2e529730e96a3c3f,1024,0/0
/spttest/5zpseht392ld,af200472ebf7c61,1024,0/0
/spttest/je0fkcq5n0lw,236aad228f05efd4,1024,0/0
/spttest/69g5tiqs231l,b706b96ccb51fe9,1024,0/0
/spttest/frdkd1ib5r29,1cc9d1992b5ddb41,1024,0/0
/spttest/pnaiu4owv6p7,2ed8e7f9d17b73ab,1024,0/0
/spttest/qdu8q6ozil7b,3031be13a3aa7ed7,1024,0/0
/spttest/mxso9wok9x1g,29e68165e8d14384,1024,0/0
/spttest/8a3iewd8el31,f2012db36593e3d,1024,0/0
/spttest/8uo28afm2asi,102b46334c6fb522,1024,0/0
/spttest/6grgfnwp7mdi,bcf6bac4266d606,1024,0/0
/spttest/jq61tjkpcivs,24089328c372e398,1024,0/0
/spttest/7v30aqnwsgnq,e5d0d865c5f3f56,1024,0/0
/spttest/c69l1nev2ptm,163cc3c2d493163a,1024,0/0
/spttest/tortfj59tmaa,363a97a51f1de312,1024,0/0
/spttest/bgsa9t5e403j,14f1ca70ca1deb7f,1024,0/0
/spttest/6d3sugpdtexm,b9feae8bb50a1da,1024,0/0
/spttest/xxz1hzk41a51,3e008f3426daad95,1024,0/0
/spttest/lsem9lv84hkg,27ccdf905394a5f0,1024,0/0
/spttest/87jqido2g03t,efef5c098c85689,1024,0/0
/spttest/ss1dw36mezsg,349165fb99148ab0,1024,0/0
/spttest/tft7vqbiv4p9,35c631c738e4e78d,1024,0/0
/spttest/hydpwifcgmuy,20cc0718b9131fba,1024,0/0
/spttest/iziogogg6s1f,22ae6bbe1b66a373,1024,0/0
/spttest/varhx5r103f,1968d31cb5035bb,1024,0/0
/spttest/21pkllqxd01q,3bd71cd851b3a7e,1024,0/0
/spttest/je6nbp8yhso5,236ceb410acd7d65,1024,0/0
/spttest/pz7nclhwuu87,2f73bd87fbe94887,1024,0/0
/spttest/843an962vrc,6963fba0b78748,1024,0/0
/spttest/kiyvs5uf6v1u,257ead889675d9b2,1024,0/0
/spttest/othc97t9jq0c,2d55aff766c2f76c,1024,0/0
/spttest/d1gk2r9q91x3,17d1f2cf7d97bff7,1024,0/0
/spttest/8z08fzoe87ps,10639f96fd48f710,1024,0/0
/spttest/tu5xo8pjqu5r,3680a1f7cd17922f,1024,0/0
/spttest/actgk11apc03,12eaa4a9a42d0703,1024,0/0
/spttest/g983tb9pvesj,1db1a7eb69dcc9a3,1024,0/0
/spttest/pd42qvbul5j5,2e54afea088c6941,1024,0/0
/spttest/35m7wiqwv472,5c3ce63e0250efe,1024,0/0
/spttest/91agdrvkfpae,10814a276afd8dc6,1024,0/0
/spttest/a83g4voazmt0,12ad4cfb53b0f834,1024,0/0
/spttest/8qamg9ymqbc8,ff277e72b09e9e8,1024,0/0
/spttest/xq1gk2dnirr1,3d998485712447fd,1024,0/0
/spttest/x5959lqhgcho,3c8b841b48098c3c,1024,0/0
/spttest/vx7rg8flr6ds,3a4f7cfe68c0aa10,1024,0/0
/spttest/o7046xwmx5,8bace7e281509,1024,0/0
/spttest/1ahjbox073j7,25bd5a7268171a3,1024,0/0
/spttest/izotid7gey1a,22b0a2e6b8a07fce,1024,0/0
/spttest/kvgvlrp0nt99,26210ac97a9be7dd,1024,0/0
/spttest/pcwz8sfmcj39,2e522059bb871da5,1024,0/0
/spttest/r27fhpq3zqmq,316e3e61d230cc92,1024,0/0
/spttest/lxvqwc6ikggd,2813fffda27e7a4d,1024,0/0
/spttest/8ythgsf181l1,106130293b7db705,1024,0/0
/spttest/znsthyxfrqty,4123a6624e22b396,1024,0/0
/spttest/e97bhdoiv9ao,1a0a24be18b002d0,1024,0/0
/spttest/8jbup6eg5alz,f97fca2829b6cf7,1024,0/0
/spttest/lr7iymvapazy,27bd533fff3a09ee,1024,0/0
/spttest/1gc6nnnxi8oh,2a7d6d984d7a971,1024,0/0
/spttest/ziv6rz1qekz8,40e38ee7ad914fb4,1024,0/0
/spttest/f5z3r8gsfcvx,1bb3d371e0ab0afd,1024,0/0
/spttest/ovse1fykin67,2d73a71baa15d1cf,1024,0/0
/spttest/penoed0uug23,2e68bfb92965dacb,1024,0/0
/spttest/6h026mgfipsr,bd2866bf8eae21b,1024,0/0
/spttest/9qkqenbasq4z,11c9baf98855b953,1024,0/0
/spttest/frekmg343sw6,1cca2ea309bfa506,1024,0/0
/spttest/6t3ljpagpv0,586f73d5c6a4ec,1024,0/0
/spttest/6lpjsc2uh66w,c0fadd20dad1f98,1024,0/0
/spttest/ot2mfq8iz8y2,2d50609091d6ea0a,1024,0/0
/spttest/q8u0kpdlx6hv,2ff0b6e04b49b823,1024,0/0
/spttest/ssjp4idivmod,3498016f5f6b4a8d,1024,0/0
/spttest/s94vvp83jkjb,339bdd5dbbc141b7,1024,0/0
/spttest/b31of1yzvak6,143f54749211e236,1024,0/0
/spttest/eq79y6zirybt,1ae6f22c7c698489,1024,0/0
/spttest/qjlagubqfi1b,307c72c4bfc04f0f,1024,0/0
/spttest/e20ra5a1bnii,19acd9e79f1124ca,1024,0/0
/spttest/oapykv5gmgmq,2c62004fdaf531b2,1024,0/0
/spttest/pon25q2swlg2,2eea6b3a4c56f892,1024,0/0
/spttest/vwu5g0snljfj,3a4a93be8767bc9f,1024,0/0
/spttest/pylkn3ylfc6i,2f6bc67b554bd86a,1024,0/0
/spttest/1jek2xabxi8p,2cfa9ccb815bd99,1024,0/0
/spttest/mzsa22018eei,2a00576e50843bea,1024,0/0
/spttest/hgusc6q15592,1fe860fbfb4b52d6,1024,0/0
/spttest/5f7ctoylm7qc,9e7908bb8028da4,1024,0/0
/spttest/oftms4z3mjld,2ca445cc28669bb1,1024,0/0
/spttest/v38pnyzn53ke,38ca27147d36644e,1024,0/0
/spttest/x1k2c57n4nj9,3c5b7f9d33539325,1024,0/0
/spttest/qdf51nyzezvc,302c4b1baecf2818,1024,0/0
/spttest/k93zi6ksd9o7,24fea05bfce5be37,1024,0/0
/spttest/m4qk7y21ts6u,286d0dd03f53fcf6,1024,0/0
/spttest/56pojsmirc25,97945f290cb5fcd,1024,0/0
/spttest/vylgcvp099vm,3a616af178928e42,1024,0/0
/spttest/mt5mic43c3lq,29aa3b5ee8ef503e,1024,0/0
/spttest/hvr9luuj72nq,20a9f2ab79ef5436,1024,0/0
/spttest/gddouzxey8q2,1de7a0ca0e5502aa,1024,0/0
/spttest/jaz02rq5wajs,23433141b07afa68,1024,0/0
/spttest/156soo1i489x,2170355e1ae78e5,1024,0/0
/spttest/n8pxa8onct43,2a74653bb3a1f563,1024,0/0
/spttest/743ysf50cpsn,cfeb017029d3197,1024,0/0
/spttest/8si4ix1z98un,100f275dd5afcc0f,1024,0/0
/spttest/zjkl3ur2ybcb,40ecb8e0f8ae9beb,1024,0/0
/spttest/ezl95rgnxv8z,1b60e49d077ac373,1024,0/0
/spttest/gvzhi2y8o5ym,1ed94ca176b3a42e,1024,0/0
/spttest/2lo5egzyubaz,4c0b792f82ee2bb,1024,0/0
/spttest/kk5y6udjahx0,258e378bc0f82034,1024,0/0
/spttest/iz4dn9661wgb,22a942d50c77488b,1024,0/0
/spttest/43i1t5ce6l2s,77bf002cc8cbe34,1024,0/0
/spttest/s28tjmjdzluu,33425c0cc367d266,1024,0/0
/spttest/m1kk7do6gnp7,2843ebcb206091fb,1024,0/0
/spttest/gue85kag1oug,1ec4a3a818ca2c08,1024,0/0
/spttest/eyq7bxi5alq9,1b55b08182a40981,1024,0/0
/spttest/vdd6fxjse0w,1977d8f6662bd00,1024,0/0
/spttest/3jw2xzlt0k8l,67d36f1484e8775,1024,0/0
/spttest/jvqh8qa904v,1023f3b919c1aef,1024,0/0
/spttest/86f3abtkw2vf,ef04b6f8dbf2e8b,1024,0/0
/spttest/xaaxu6qfbqq0,3ccd1c11436c5308,1024,0/0
/spttest/9i4v93q7dcqi,115c17767a4e00ba,1024,0/0
/spttest/3n335e0ko3vw,6a6b5d15d3addac,1024,0/0
/spttest/rpaj0fbm9dt9,329a1d6c2c9c802d,1024,0/0
/spttest/opr57binnvma,2d254486b6286ed2,1024,0/0
/spttest/i341wwkonxeb,21097c83e5b7f0d3,1024,0/0
/spttest/bksa7b7cmp5j,1525bf4a1841a0d7,1024,0/0
/spttest/ma9xcpqje40o,28b4fcc9ef7e36d8,1024,0/0
/spttest/d6kw6q35thno,181475a3a8922fa4,1024,0/0
/spttest/vs5kot3xzyd4,3a0dc09fcffa15b8,1024,0/0
/spttest/44aaqnou4d59,786213c7d72498d,1024,0/0
/spttest/htvf9c8alvtf,20917821c5e4fe53,1024,0/0
/spttest/oc2bb44wqnpg,2c7372a5d90daa84,1024,0/0
/spttest/6ejmjsly5ldm,bb29de71021517a,1024,0/0
/spttest/xr2rr64xe9ot,3da6fae04ec0998d,1024,0/0
/spttest/vjbdhjdyai8z,399af10b6502a0e3,1024,0/0
/spttest/l626c1pzph2w,26aa9e9e414539b8,1024,0/0
/spttest/er7lpd5zo229,1af40d9738806771,1024,0/0
/spttest/miq6hc77lmn6,2922c427f98248e2,1024,0/0
/spttest/pbkd2l4a8ae7,2e4095c916e6909f,1024,0/0
/spttest/gtie6i0bsdc4,1eb9275596b8bd84,1024,0/0
/spttest/tz4jevm53hts,36c1134b86ea2a00,1024,0/0
/spttest/57x30jcdb6wk,988eee56bda04b4,1024,0/0
/spttest/dzuqz3lzn1v3,1990b4650222d02f,1024,0/0
/spttest/vm67q6aa1rh4,39c00c31bcd7d358,1024,0/0
/spttest/zccrv1bxsya9,408efa77c2bb3991,1024,0/0
/spttest/cj3qhw14zoxp,16e383e01bf4d0fd,1024,0/0
/spttest/j0jazftyolud,22bba2c89f882a95,1024,0/0
/spttest/wc3mao159tam,3b10d525667bc58e,1024,0/0
/spttest/ye52ttkthuj8,3ed290ee1870d1d4,1024,0/0
/spttest/9vejnecuvpuy,120871b64fbcc2aa,1024,0/0
/spttest/legpx9vxitun,2717c817172bd49f,1024,0/0
/spttest/v5dj972bpzbm,38e5defca6226212,1024,0/0
/spttest/p3wwbf3kydx8,2ddd3187aeb7aafc,1024,0/0
/spttest/qgw94x1msyq6,30596fa2244628ce,1024,0/0
/spttest/ux3gi6otug3i,387a5231a9a329fe,1024,0/0
/spttest/jg11lbgr7d70,2384e02a1bf9698c,1024,0/0
/spttest/4x3dprqdpxv0,8fc52bce3b83cac,1024,0/0
/spttest/bf27sa0suyj9,14db653a7e684655,1024,0/0
/spttest/fnsg4t6krzy0,1c9b3b3ec8022ab8,1024,0/0
/spttest/qm7izi954y8p,309e733d69334f59,1024,0/0
/spttest/s4i6wy0yevml,335fb82e95e8199d,1024,0/0
/spttest/usxcdd8f6jv,1901d90b801faeb,1024,0/0
/spttest/jpywyju65c5f,2406001c07a77ac3,1024,0/0
/spttest/gib1r895aufh,1e279f0e074de18d,1024,0/0
/spttest/riwh5krr9dfm,32471bf65cff7342,1024,0/0
/spttest/1yb3w7cpvime,3914203ae874906,1024,0/0
/spttest/wsy0133aqdwr,3beb9f8a04866eeb,1024,0/0
/spttest/vqkdoqg8ikhb,39f91dab2f3f202f,1024,0/0
/spttest/gm6b7rorqz3n,1e59de82ea83ff33,1024,0/0
/spttest/pch1uzw9eyp8,2e4c612c4715802c,1024,0/0
/spttest/3nw1rdga5cup,6b128eea1c3ea51,1024,0/0
/spttest/9bsre5nu13t9,1109c999be84338d,1024,0/0
/spttest/10x1d10vtqha,1df88e37d5cfa4e,1024,0/0
/spttest/vddwl7w1s72n,394deb40ba7ae3cf,1024,0/0
/spttest/xu6aumgg2p91,3dcf38bf453f1c55,1024,0/0
/spttest/1qq6uxx01hn0,32ec91771aac38c,1024,0/0
/spttest/thr9w3y6iiea,35df78b6b79aeba2,1024,0/0
/spttest/apn3iq633nzj,13913557bc06772f,1024,0/0
/spttest/prdgh6n46t0c,2f0dec0da260b85c,1024,0/0
/spttest/1umst8hfmrvz,36184f89e4f49af,1024,0/0
/spttest/e059dxc5dujh,19947f51593100dd,1024,0/0
/spttest/uhx47uen7vp9,37b5319b6d77ab3d,1024,0/0
/spttest/44zppc8f54nk,78f4cd5cd8735d0,1024,0/0
/spttest/6w4yqxf2w4za,c97224c453f4f36,1024,0/0
/spttest/bg0sxf2grqn6,14e7dfff1e9747a2,1024,0/0
/spttest/dys2j5nij08w,1982bfafabcba600,1024,0/0
/spttest/nkd6lif9uzcb,2b0bab6c1210b36b,1024,0/0
/spttest/8fainc6ushuu,f638c51b38b7f66,1024,0/0
/spttest/q985opgnw75b,2ff5d1254e02332f,1024,0/0
/spttest/p8ehdqf9d0qs,2e177edd0db96a04,1024,0/0
/spttest/zsobdcrr1j9p,4162f8ae7ded5ecd,1024,0/0
/spttest/goktlwpoh58d,1e79155f435790bd,1024,0/0
/spttest/antbw7h7z2uw,13797a8699e1b438,1024,0/0
/spttest/u9tr64olnor2,374c10f89edb320e,1024,0/0
/spttest/9385thalhoib,109a70d3a3e38353,1024,0/0
/spttest/ec1rzm88vayx,1a2f1ca7d9c59149,1024,0/0
/spttest/iiq3wk5kblh7,21d4489311ce497b,1024,0/0
/spttest/4tseingpib80,8d164f9b550f250,1024,0/0
/spttest/c9cqstlutqd0,1664df66c8934cb4,1024,0/0
/spttest/8jvax95fpjyd,f9f0142740ba445,1024,0/0
/spttest/dpa7jvi7troz,190766a09c48d073,1024,0/0
/spttest/firvipqggkw4,1c5a1412332e95c4,1024,0/0
/spttest/xzvnn7g2fdj0,3e1951103dbca43c,1024,0/0
/spttest/ina2fl6ff104,220f7130ddb709d4,1024,0/0
/spttest/1ypyni1dxgpa,3969e16bbec83ce,1024,0/0
/spttest/nc35yzd02eua,2aa0241485b0bba2,1024,0/0
/spttest/e86zoqadydsr,19fd09386468af5b,1024,0/0
/spttest/29f7uf3fhrtb,4219f72828d720f,1024,0/0
/spttest/nnwqvubdpsxu,2b39b23dab9c37c2,1024,0/0
/spttest/p8aye7lxydhe,2e16390afa409dc2,1024,0/0
/spttest/6dyl24w65j84,bab06585b17f694,1024,0/0
/spttest/t7gul1ybx79c,3559d1307643a600,1024,0/0
/spttest/330oy81h6swj,5a20f83d8d82cd3,1024,0/0
/spttest/kvw591zn9oko,26268d0ff6bd17a8,1024,0/0
/spttest/c0s54sjreavh,15f5866382cc158d,1024,0/0
/spttest/1p12tkwwcwx,16053acc964961,1024,0/0
/spttest/o8sx4wuan5ht,2c4917334e5bfd91,1024,0/0
/spttest/l15t2qdxsjo8,266afbc9d5c18798,1024,0/0
/spttest/awfiz7tl517t,13e966db1f6c8e69,1024,0/0
/spttest/z3zfhw0vvim8,40223fe67e802f00,1024,0/0
/spttest/qipfzd1l8w1o,3070f52237c4bd3c,1024,0/0
/spttest/m9d5bfi38p1y,28a92912511a4bd6,1024,0/0
/spttest/dww194v5s2ib,196a335d9c1b7cb3,1024,0/0
/spttest/g5g40h6civ39,1d8096596524e1e5,1024,0/0
/spttest/zmkic6vioib,1cec4b5a8b8e393,1024,0/0
/spttest/h3cyvj3kakxm,1f3916cab4b1f87a,1024,0/0
/spttest/g8cpfeo538bg,1da653978e0371dc,1024,0/0
/spttest/jqoga6d2az59,240f36e4e00e466d,1024,0/0
/spttest/q7elf4qpdqfc,2fde2936387e2808,1024,0/0
/spttest/kmys9dwxb4ui,25b2998661723e4a,1024,0/0
/spttest/gaoor7pg58y,d3af2222436392,1024,0/0
/spttest/8xtsnkrk3tbp,10544f9c99779735,1024,0/0
/spttest/hopwqbj016y0,204e8877a6a73568,1024,0/0
/spttest/ldbvw6bhzv48,27090c4f022fa548,1024,0/0
/spttest/zb17x8e473wv,407dd20051da4b8f,1024,0/0
/spttest/w8dfjt2kgvc6,3ae06a7e16886ea6,1024,0/0
/spttest/3uov0pbd8jba,7097ddb237fdcc6,1024,0/0
/spttest/w08q7r9smxx6,3a76cdf65842253a,1024,0/0
/spttest/v6xj6vride3m,38fa13718e1596a2,1024,0/0
/spttest/qm7c129eyt9w,309e6163e933bab4,1024,0/0
/spttest/s7l1iadewzkm,3387b72eef14be16,1024,0/0
/spttest/5lx7xmypbexb,a3ed51cd81f414f,1024,0/0
/spttest/oq0wehbjdb62,2d28c9a0812d08ca,1024,0/0
/spttest/sga90vuf0xvl,33f8b9baa8744281,1024,0/0
/spttest/6yes2zl684d3,cb4a76493deb217,1024,0/0
/spttest/4xq346hsq49r,9048402c593781f,1024,0/0
/spttest/g9h49ffdgz1r,1db4e861e1630e6f,1024,0/0
/spttest/fo3rl8dwjhma,1c9f50b0a2d713f2,1024,0/0
/spttest/fc0bpuy4fruw,1c0233c81d5ea6c8,1024,0/0
/spttest/110atddqal8i,1e0b6400f374802,1024,0/0
/spttest/t2eprp1gysmz,351819d04717c97b,1024,0/0
/spttest/ko0fueq9cagd,25c02fa9487170ed,1024,0/0
/spttest/c5geyzy6xqp3,16323d7f91fd4367,1024,0/0
/spttest/iclqucegzzlf,2184c60c4cf6e6f3,1024,0/0
/spttest/h1zahap04yo7,1f272a27981c6c87,1024,0/0
/spttest/dwtjgcz9hv8u,19694cf5c4178d6e,1024,0/0
/spttest/2ugdwabm6bhu,532d1bc140901b2,1024,0/0
/spttest/e2ob5mzmds4x,19b5595e65efb1b1,1024,0/0
/spttest/bzprsnz62fz8,15e7ae2d0d885f64,1024,0/0
/spttest/o03ov2zsys8w,2bd812b6b4f6ab80,1024,0/0
/spttest/8y2wjl6zfrqs,105798e7a0df2534,1024,0/0
/spttest/7y573wvf6rou,e84cf816216dcae,1024,0/0
/spttest/vf3xnb9o0zjg,39644ccc8481ffec,1024,0/0
/spttest/b0nt5s8s8ymt,142058f4683f1d55,1024,0/0
/spttest/gaqagk0js01l,1dc534db1f9e2239,1024,0/0
/spttest/aikbybplo87a,13354914313aa886,1024,0/0
/spttest/o7ypwv0pi1s6,2c3e319e6e098286,1024,0/0
/spttest/na1fwpavxuwe,2a858a535b0091ae,1024,0/0
/spttest/h2w5kcq5h6xp,1f3305b211b7ca5d,1024,0/0
/spttest/y5h6pkqzuxdg,3e6207ffbca72f74,1024,0/0
/spttest/lgl5z11owivt,27335d4114b3b399,1024,0/0
/spttest/x0bbvorgu8zz,3c4b5b873069250f,1024,0/0
/spttest/uj6q8jxtqo45,37c5a6ad052b8d95,1024,0/0
/spttest/wqewv7y8xs6q,3bcac1e9e84a0cf2,1024,0/0
/spttest/ls4aespdikyf,27c925763a9bab97,1024,0/0
/spttest/e6np9d6dv1uv,19e91636ccfc3027,1024,0/0
/spttest/o7hr8bvhs0sh,2c3812bdec583001,1024,0/0
/spttest/wxa87mh2baga,3c23fdfa2c7f4faa,1024,0/0
/spttest/521f7731exzs,93c9017c2946098,1024,0/0
/spttest/3o6lu4b7lk05,6b4f82040dc8b85,1024,0/0
/spttest/mow4fd2bj64j,2972d8a2329a68c3,1024,0/0
/spttest/9l6wdzc2cyw2,1183cae2076c9da2,1024,0/0
/spttest/o92knnkk1e9g,2c4c92dd0b249274,1024,0/0
/spttest/519qhf5qe9v1,93292bbfecbe76d,1024,0/0
/spttest/1zqtx1elm8cb,3a3eb908c7950bb,1024,0/0
/spttest/mcij7xt0epyk,28d2125ae6dedeec,1024,0/0
/spttest/e11pnog2rp5o,19a034d964df7a1c,1024,0/0
/spttest/axiobtlakjvq,13f786f1d71fefa6,1024,0/0
/spttest/s4o36crm8qg0,3361d8cc861699e0,1024,0/0
/spttest/9d51qglrvmnr,111b35cf9c027377,1024,0/0
/spttest/uuumcx9fq8a5,385d2762d33cef6d,1024,0/0
/spttest/mvn9xbmkb63y,29ca9439b9238fae,1024,0/0
/spttest/l0m94ssb7w6v,2663ed9f980939b7,1024,0/0
/spttest/zo1afxzmq313,4126b4cdcaffa3d7,1024,0/0
/spttest/8jvxs8hn40c0,f9f3bea3ac9b5b0,1024,0/0
/spttest/g7kmq9z4jvq3,1d9c325bcab9275b,1024,0/0
/spttest/v1h3bmbhtz90,38b3328d9b5d34b4,1024,0/0
/spttest/3tihrpvpsk1r,6fa3464f0d1397f,1024,0/0
/spttest/gjpwqfsxk8ht,1e39f8f32dde8901,1024,0/0
/spttest/32a17bx8vktx,5987102d2a51735,1024,0/0
/spttest/uq0nrhh0ggi9,381e62ea5a686b91,1024,0/0
/spttest/o65uwnajnf7r,2c26ca7f29a677c7,1024,0/0
/spttest/qam1srey4drx,3007d1956ace28bd,1024,0/0
/spttest/956idhef58w2,10b3d2d199ec7342,1024,0/0
/spttest/lwi05rio0gcn,28020d57ae8ce2c7,1024,0/0
/spttest/g4be6zl415tz,1d71e55f88c57bc7,1024,0/0
/spttest/mps4ainapunw,297e641271190d7c,1024,0/0
/spttest/ib2kas4s68ev,2170dd01765cdc17,1024,0/0
/spttest/2flrik5ntsyu,471ebaae734a2e6,1024,0/0
/spttest/d90vevtfnr5m,1834340f740f5c3a,1024,0/0
/spttest/iqow1vvxyamp,223bc21d07c13751,1024,0/0
/spttest/ts5h1s5lkxva,36667ccd1bf75176,1024,0/0
/spttest/9ragoqnghi4y,11d3039c4b30e212,1024,0/0
/spttest/3eq5est3u9vm,63a20c775814482,1024,0/0
/spttest/6s2rhwvpwwb5,c6261ee78594091,1024,0/0
/spttest/nszvy7v7guhl,2b7bc6a0a8823159,1024,0/0
/spttest/57imyqjoutat,983b88f58b153d5,1024,0/0
/spttest/h60o11hfik8f,1f5b9e4fee27d9ef,1024,0/0
/spttest/t3h1yge1w47,179f14ec6ddc6d7,1024,0/0
/spttest/f2s73qsho2qv,1b8a5daf934824e7,1024,0/0
/spttest/ithpqperml56,2260231d4781178a,1024,0/0
/spttest/4i33dw061efm,8396161db150552,1024,0/0
/spttest/f29wkqe9sw8t,1b83c40b7078d33d,1024,0/0
/spttest/sknjc5ys9zfz,34317a014cd3cfaf,1024,0/0
/spttest/tc65pcqcm2e8,3596e7f3ccbde9a0,1024,0/0
/spttest/s3s7f6678ldl,335657e81cc07d39,1024,0/0
/spttest/nk6bkp26kyad,2b09319d80868895,1024,0/0
/spttest/nkwlxg5nug78,2b12adc19cd49884,1024,0/0
/spttest/fwfygmtegpki,1d0ba0cba1c4a772,1024,0/0
/spttest/ysqgth2qup5,1c400f2debe13e9,1024,0/0
/spttest/e0tti4ocgnb5,199d5bc5594c8601,1024,0/0
/spttest/ql1c6q3p1g57,308f3a53e0eeccfb,1024,0/0
/spttest/n4kwoleweno6,2a3ea0d28225d756,1024,0/0
/spttest/tu5y1rgwlmqz,3680a2ee8068b66b,1024,0/0
/spttest/if4ymckjfzn0,21a5af83b9b7652c,1024,0/0
/spttest/rxilbz8thd67,3304f0609921a9ef,1024,0/0
/spttest/r581mh9wfnwr,31956ef06ee99acb,1024,0/0
/spttest/m17sygro32b8,283f51768ad61274,1024,0/0
/spttest/c33e3dd4yxs3,16138ff18dd24783,1024,0/0
/spttest/kytjhh07eaea,264c943fab36e322,1024,0/0
/spttest/28lugbw6e1k2,4170668afa3f562,1024,0/0
/spttest/ctl7nuby8hls,176bb6bed5f91920,1024,0/0
/spttest/so456v2a0dlp,345e6fbc88e346dd,1024,0/0
/spttest/6lwvwuqtcnof,c12538279ffc7df,1024,0/0
/spttest/fdgafbkumg9,c7b16f076fdd29,1024,0/0
/spttest/dcmcznbcctx,ad6a2126a7a2f5,1024,0/0
/spttest/2kjymi2nru7k,4b23774ca2d30b0,1024,0/0
/spttest/3r1ys76fl16y,6da4345f6edb04a,1024,0/0
/spttest/tlj00w3q6hpo,3610717a4a8ce52c,1024,0/0
/spttest/r2jspzk0rzrk,3172b4bef0a42dd0,1024,0/0
/spttest/s8xy314kfbdl,33995c714695db59,1024,0/0
/spttest/k7b9cp1cvm9s,24e745b0b93d4280,1024,0/0
/spttest/5ii8acfud59,479fafd1a85d0d,1024,0/0
/spttest/8o669o15gwmv,fd6e26499be9237,1024,0/0
/spttest/wwq5ep1ktg5e,3c1cbf6b456d3f02,1024,0/0
/spttest/t77i7q55uro1,35567222c354a091,1024,0/0
/spttest/hm69ey7ozc3b,202d772249035bf7,1024,0/0
/spttest/vmzwbhp2ol5h,39cac1f8b0c79715,1024,0/0
/spttest/mm59er84uvlg,294f2cf6987ccf74,1024,0/0
/spttest/r66n1cnyurnb,31a1ea669f040577,1024,0/0
/spttest/awkmwc3g7cyt,13eb3ec14411f965,1024,0/0
/spttest/tog0w8i6x462,363656608c51615a,1024,0/0
/spttest/cdaedfsirrvn,1697fbce5c0c37e3,1024,0/0
/spttest/ji9t80sqhkvq,23a20484a903cdf6,1024,0/0
/spttest/xxcmarxgrw93,3df8781a03084007,1024,0/0
/spttest/nf1e19x31097,2ac677cdb8348e8b,1024,0/0
/spttest/f3yfrt6bz4o0,1b999b64bf6f5560,1024,0/0
/spttest/4bwnbvn7y4yp,7e91e6fc56720a1,1024,0/0
/spttest/mlmqdh589qeo,29487d7e675479f0,1024,0/0
/spttest/9ewgkx7mzh8y,1132171a2e35a412,1024,0/0
/spttest/nimxap2zfbmx,2af534ba6e7143a9,1024,0/0
/spttest/jyj5bhd62c0b,247536f9e183934b,1024,0/0
/spttest/7ppqkafi46yi,e17517a0e218a3a,1024,0/0
/spttest/slr48nwo9j8j,343fc1ff99fed1a3,1024,0/0
/spttest/3yhge73t0cfd,73ac6c7bc6c57e9,1024,0/0
/spttest/j7styrvaaw00,2319ff98f1ea1680,1024,0/0
/spttest/q0gw37nlcfx1,2f8410867abbfc95,1024,0/0
/spttest/sgwkmjdo9xdi,3400c798ef242d36,1024,0/0
/spttest/42hogh0d54or,76ed07edd80e3fb,1024,0/0
/spttest/vy28yyn4iveh,3a5a7cfe826d4f79,1024,0/0
/spttest/1jyi0nq10xp9,2d6dbdf19c3639d,1024,0/0
/spttest/btaa0eqcf5ph,1594277acee7dea5,1024,0/0
/spttest/b4cat4z4e45h,145026d873f87c85,1024,0/0
/spttest/w5jv16v625vz,3abbc4a85188cc4f,1024,0/0
/spttest/acystapzl0mh,12ec91f43371dd69,1024,0/0
/spttest/bmf5fr3y994g,153afcc9d9eb5470,1024,0/0
/spttest/5o5cq5tpet50,a5bbede3fdda804,1024,0/0
/spttest/ugwc2tnbb1zb,37a7ec268c73d5c7,1024,0/0
/spttest/vulv2gkg5sc4,3a2d9ba911d37eb4,1024,0/0
/spttest/z24xuuav0tro,400a4255da65ddb4,1024,0/0
/spttest/fnum2y6h7vnr,1c9c033e6873c507,1024,0/0
/spttest/r8cwa0glu081,31be26d5479851a1,1024,0/0
/spttest/dja30ghq9tbu,18b96b70a2723aba,1024,0/0
/spttest/flnhgeds3rvg,1c7f7648459e7fdc,1024,0/0
/spttest/wm3390iz8c27,3b9288d87ec5ba0f,1024,0/0
/spttest/wydsuijwjuqc,3c3245492f470e54,1024,0/0
/spttest/bsjibq8kaflp,158a7edec68f817d,1024,0/0
/spttest/mlmb7xcqtsma,2948569c88571022,1024,0/0
/spttest/cl760lq9m2la,16febb506c29579e,1024,0/0
/spttest/nsqfr5rwpgrc,2b785dc1feb89d18,1024,0/0
/spttest/5qpmcsg09jgf,a7d097387fbcabf,1024,0/0
/spttest/j72fwe7f0kny,231079eebc3d339e,1024,0/0
/spttest/5a1m1og9ekvp,9a48bb6c1fd0a35,1024,0/0
/spttest/79qv1lkkmhnd,d47e53bf186f6d9,1024,0/0
/spttest/kcn1r45leu4w,252c78e4f3d3f910,1024,0/0
/spttest/tav3tztfsdvd,3585edd81b64a839,1024,0/0
/spttest/f5cmwv7rpvgt,1babb8206641d28d,1024,0/0
/spttest/ec309smahsb6,1a2f8e468ab90b92,1024,0/0
/spttest/1ln0b63zmlcy,2ecb0e6373424a2,1024,0/0
/spttest/1vt6k83o2qnm,370cfb754587772,1024,0/0
/spttest/gj6t9a24nab8,1e33150870583ff4,1024,0/0
/spttest/ss5qyt299fcj,3492f9013759f6f3,1024,0/0
/spttest/9uqo1fgmz2ob,11ffd42330e73e4b,1024,0/0
/spttest/sgft8xju693x,33fabb75a78b8d9d,1024,0/0
/spttest/643fueh0bdyd,b2ae23d29c65f65,1024,0/0
/spttest/vn1r8n974whh,39cb6dad1b721875,1024,0/0
/spttest/50b8loguf2iw,926205560ae9888,1024,0/0
/spttest/wdzsev6xpkmw,3b296de16c223db8,1024,0/0
/spttest/4rn84dsuggxg,8b58c35881757b4,1024,0/0
/spttest/odtkw6dkvdzz,2c8a4670b92ba09f,1024,0/0
/spttest/sur5k2nw35yp,34b4acb020e73cf1,1024,0/0
/spttest/sqv7hs0ao59x,34822e1a1b7c7ab5,1024,0/0
/spttest/rlh4t1mjcvex,32688a86bd9e8509,1024,0/0
/spttest/44mkt6nf92j7,78a8f7e3d7f4013,1024,0/0
/spttest/ngrzbb0mr7dd,2add0d3b2278a411,1024,0/0
/spttest/b6fg4l4wa8es,146b441bce174914,1024,0/0
/spttest/e3vxcgfa3mhi,19c51622e6db7a96,1024,0/0
/spttest/2785zk90x973,4051997552c70cf,1024,0/0
/spttest/c7xhj1lr57d8,165260d50a09f38c,1024,0/0
/spttest/wzce7u8sc8rj,3c3ec0a32491135f,1024,0/0
/spttest/8w53e139gy69,103e68b131203601,1024,0/0
/spttest/kq154u7i4cmf,25da6b100cf0c6e7,1024,0/0
/spttest/vyueif7g4kdi,3a64a58556503c26,1024,0/0
/spttest/kw1sxui1rl4m,262897aeff56ecb6,1024,0/0
/spttest/ao9k7a4wvxwo,137f55bbb297cd68,1024,0/0
/spttest/f00xidakaiyo,1b668c9d4587ca80,1024,0/0
/spttest/2adghji6o1xo,42dfa244d7eddcc,1024,0/0
/spttest/4zraa5g72c03,91eed47514f2043,1024,0/0
/spttest/zqk0qho05eu1,4147716863f5ca59,1024,0/0
/spttest/bmyf2q37g4ml,1541f083ae69ee6d,1024,0/0
/spttest/bc5zhayrhawq,14b5c99f7499f47a,1024,0/0
/spttest/9ehvkadkdwi6,112cd4052b1b6dce,1024,0/0
/spttest/t3vgfxw8ghyl,352b216690b016ed,1024,0/0
/spttest/jte6dna9pwk,10166eebaa74164,1024,0/0
/spttest/uk9hbfg3z3lb,37d3a2267223cfef,1024,0/0
/spttest/9ozh8613tkro,11b5126e5665f564,1024,0/0
/spttest/j0jfwi1vjfz6,22bbaf6737351aa2,1024,0/0
/spttest/nu2ulh26tqnu,2b89d583d1558a3a,1024,0/0
/spttest/k57szuyv2gpo,24cc0c1ad3d4a81c,1024,0/0
/spttest/i3j05wi7xecj,210ee18c713ff5e3,1024,0/0
/spttest/dfty6c6u0em5,188ca15e3bb13ffd,1024,0/0
/spttest/4cy38uhuu4he,7f6a0e5e5fc1432,1024,0/0
/spttest/7u8b90fat22q,e51fa35b17fd5c2,1024,0/0
/spttest/vf75ruws90l1,396576c0fdee2735,1024,0/0
/spttest/50kn20eee7sr,92984bb8e8964fb,1024,0/0
/spttest/vt64ajwe0rtl,3a1af02e3f048ad9,1024,0/0
/spttest/xwzxr9le9j9u,3df3e4b6a1d25bd2,1024,0/0
/spttest/dvnnzm7n4zq5,195a3121219ca0dd,1024,0/0
/spttest/bpetkd745b5x,1561d6191b5a97c5,1024,0/0
/spttest/6h5gmltwknro,bd47952b4e13954,1024,0/0
/spttest/vkokxb3vi2xm,39acb22c3f473a5a,1024,0/0
/spttest/ku61y1tuu5ro,261025bfe9d77ab4,1024,0/0
/spttest/zsiydqmqzpot,416109833c58becd,1024,0/0
/spttest/hc8zumik6dtb,1fac8f21755e876f,1024,0/0
/spttest/10tn3m1de40x,1de4f311a22fce1,1024,0/0
/spttest/f969fam35cvh,1bdd60561f882b6d,1024,0/0
/spttest/j1zwvuygp4n,f7846470b46d37,1024,0/0
/spttest/5jfycgl22qq2,a1e9fbcd96ea9ca,1024,0/0
/spttest/pqdkfaat3rk2,2f00f8eca338b342,1024,0/0
/spttest/kqcok8p6kj5j,25de94f6067fe7f7,1024,0/0
/spttest/jw6mbzj4z47r,2456b7546cd3a017,1024,0/0
/spttest/60ha3rz965fa,afbeba4103ee5f6,1024,0/0
/spttest/jdyjr8nj6kxv,2369ff2709649e83,1024,0/0
/spttest/zklmvbwn9jyz,40fa17072152345b,1024,0/0
/spttest/wrqozmjnrpxg,3bdbff6086197f04,1024,0/0
/spttest/fgrj6vqdxm4d,1c3ff9ecc1d1333d,1024,0/0
/spttest/a9wwd3r0yp43,12c4ea8e649e6fa3,1024,0/0
/spttest/r9kb4ekyvdiz,31cdd0c13069683b,1024,0/0
/spttest/3s3oz0auyuca,6e7e0180d8ad41a,1024,0/0
/spttest/e3l1haiv04cy,19c128b18817fd12,1024,0/0
/spttest/88nvil80hno5,f0d71536ec98215,1024,0/0
/spttest/r6noylr6l3ex,31a81198c39ce689,1024,0/0
/spttest/mu2yhr1olx09,29b642453c444659,1024,0/0
/spttest/pce0suk3th4w,2e4b49596e218f00,1024,0/0
/spttest/9gwybv6gif0d,114c3f278558b47d,1024,0/0
/spttest/8n11xbdr4vcl,fc80c26ce42b6b5,1024,0/0
/spttest/vs4wuc9j21zf,3a0d837091886d8b,1024,0/0
/spttest/bzh6xea8anwk,15e495af8cd22784,1024,0/0
/spttest/fuxel2ka9btj,1cf7f1e931a71e17,1024,0/0
/spttest/xac981dcwtli,3ccd95a580af4dd6,1024,0/0
/spttest/8kdcqrkp0kdr,fa5848e9d6f202f,1024,0/0
/spttest/uabyquicbleq,3752a3095e5fb522,1024,0/0
/spttest/rc6s4mpnzh0t,31efe700fdd91bed,1024,0/0
/spttest/quinvmxhqmfb,310a61e5c1c9e907,1024,0/0
/spttest/49trpx2oonjp,7ce1a150a823d35,1024,0/0
/spttest/mo2ivjk5rin8,29682aa9169a7c24,1024,0/0
/spttest/2xcrszrp819k,5587bb7da5eed68,1024,0/0
/spttest/aqgtt423dx1r,139bef78ec72938f,1024,0/0
/spttest/sy4hcpqxnf2i,34e07382a227a50a,1024,0/0
/spttest/hxr6d05xhldi,20c3e4dae24abb76,1024,0/0
/spttest/8qnvkkrpjg6c,ff74016b4e31da4,1024,0/0
/spttest/1b87j0w7mg8n,2657554246da2b7,1024,0/0
/spttest/lcijwzzbavx7,26fe76e61e88471b,1024,0/0
/spttest/d7wrvwotrb0m,1825bc47e750cd86,1024,0/0
/spttest/i1a37rfhouar,20f1af8d01ca6c63,1024,0/0
/spttest/wow7ls41jt2t,3bb70536107a4af5,1024,0/0
/spttest/4lc0el49tvyy,86390d1a93a501a,1024,0/0
/spttest/u8q89wxt0e49,373dce212b38e879,1024,0/0
/spttest/xmo7lvv3mcea,3d6dc500623bd742,1024,0/0
/spttest/5bi8qts0bpwd,9b7891a23a997dd,1024,0/0
/spttest/uwfenx1yowtk,3871a4a216d69228,1024,0/0
/spttest/os04kk1h3lae,2d427cbb425f2386,1024,0/0
/spttest/dfkly3r0v7i5,188942ad787c33bd,1024,0/0
/spttest/gylmcf3jf7u0,1efb43abbd08a468,1024,0/0
/spttest/ohqr9ecjyf5d,2cbd36b315154431,1024,0/0
/spttest/bpmtikddgb6a,1564b8ea6985dd92,1024,0/0
/spttest/s7z8dsov7014,338cd5faa831dae8,1024,0/0
/spttest/zqd2p99oh6z4,4144efdfae04e990,1024,0/0
/spttest/9nnrm81uded4,11a3db6a3e7e0bf8,1024,0/0
/spttest/6cjarkpwrpz7,b9885277e35e043,1024,0/0
/spttest/c6mc1msx8qwg,16415d74770b8b30,1024,0/0
/spttest/skvvkhkzxh2o,34347c556735b7b0,1024,0/0
/spttest/bnyvl5dsww18,154f1823078cea2c,1024,0/0
/spttest/2390aztoficr,3d1725a42b866ab,1024,0/0
/spttest/ygrapcgndwq7,3ef48fc08d809def,1024,0/0
/spttest/bsa66j8sgtdn,158720657b8064bb,1024,0/0
/spttest/r4sy0ptv0q2p,318ffc2acada2701,1024,0/0
/spttest/3ff8pi4ls638,6432e72059032d4,1024,0/0
/spttest/rok0hgovlkiy,32908c500b6c7a2a,1024,0/0
/spttest/3jib04n9dlve,6783e77461454fa,1024,0/0
/spttest/zxb8mho4ltmd,419f3321c422fd35,1024,0/0
/spttest/xzzboyep5h16,3e1aa3df2456b67a,1024,0/0
/spttest/eamtfs5h6uwb,1a1cb997d93e46eb,1024,0/0
/spttest/cxkh38sj1ckg,179f6798099618e0,1024,0/0
/spttest/96c91rg3p891,10c2e25b85a70905,1024,0/0
/spttest/h713deb6c0su,1f68c2efb69a810e,1024,0/0
/spttest/mulfwa8nzfl5,29bced8d8e9d70a9,1024,0/0
/spttest/dm5uky57dwot,18dedc1b0371a1bd,1024,0/0
/spttest/hp9efbtnonlk,205590dd5dc10878,1024,0/0
/spttest/vtnkifksz5yh,3a213c0e10ade4e9,1024,0/0
/spttest/36opx2cqpk4v,5d1b29b35e99c2f,1024,0/0
/spttest/25wzczmzrvzw,3f41347be9c25bc,1024,0/0
/spttest/xtm62taakj96,3dc7f5231728a07a,1024,0/0
/spttest/k4ayvokkruos,24c0330cbc46781c,1024,0/0
/spttest/8uq5r2092q04,102c07f8c1a47924,1024,0/0
/spttest/fl02qbj0yodm,1c77040874ed0bea,1024,0/0
/spttest/4zofv5eqk4dr,91de67fd921b52f,1024,0/0
/spttest/bvnq8gahii2i,15b2fc67f93444fa,1024,0/0
/spttest/7fbyhof92tav,d907418208205d7,1024,0/0
/spttest/ku5p7toppx24,261005174fb81c9c,1024,0/0
/spttest/d99geqbgc24z,18374ce07bfad1d3,1024,0/0
/spttest/ssmxqtjmhq6a,34992ca7f92af0c2,1024,0/0
/spttest/uszl94u87tp8,3844f7e0bf3f521c,1024,0/0
/spttest/xbfpu4h92437,3cdbd2a27799ce33,1024,0/0
/spttest/gjmltyxpb75s,1e38c7df8da23600,1024,0/0
/spttest/2o1ql4axau9p,4df993ade5560bd,1024,0/0
/spttest/f70rvu9upb27,1bc16afa15db463f,1024,0/0
/spttest/6z6uttn2cjq5,cbec8bf7018fcdd,1024,0/0
/spttest/8ozftrlrnpon,fe17198b90340c7,1024,0/0
/spttest/6svc2flat1g7,c6cb1053e5ada97,1024,0/0
/spttest/h925w0z65h44,1f83204704e717e4,1024,0/0
/spttest/hajg7au9o38w,1f965a41713d6770,1024,0/0
/spttest/o82pygs984yl,2c3fa334c96ce41d,1024,0/0
/spttest/h2s8j1e8hy2g,1f319bd385e496b8,1024,0/0
/spttest/r04tqs21rakw,31535354ba879750,1024,0/0
/spttest/dej8dkydmoik,187bc63c1bf19a9c,1024,0/0
/spttest/hrjleq5sr8lp,207338fa6b66544d,1024,0/0
/spttest/rzz75bcxeah1,3324e8c148c78d85,1024,0/0
/spttest/iubncos5zn0t,226af007f19af44d,1024,0/0
/spttest/6hhwmsedzio6,bd8f6cebaeeae46,1024,0/0
/spttest/o7rp4cql20bf,2c3ba90265d30b1b,1024,0/0
/spttest/751stw95usuj,d0ae5521165168b,1024,0/0
/spttest/t02vxa41spo9,34f9daac8b1c81f9,1024,0/0
/spttest/tmt1ikznskse,36210e3e5808fb3e,1024,0/0
/spttest/959sukvgttvq,10b502ccc151e886,1024,0/0
/spttest/jpj8lhztsq20,24005813ac0f6be8,1024,0/0
/spttest/zo5mu46go693,4128461389dcdda7,1024,0/0
/spttest/42iv87byy556,76f3e3c26d72c8a,1024,0/0
/spttest/r6tzggprvv9b,31aa56bca8d0aeff,1024,0/0
/spttest/uwhej4q8jtx2,38725d074a7cce36,1024,0/0
/spttest/9eaok2hpt1kl,112a3b7765556a35,1024,0/0
/spttest/w21yd3s88y6q,3a8e56ce3229c712,1024,0/0
/spttest/m0k9mlsgnbys,2836d365f3f36c54,1024,0/0
/spttest/zip8zz8tb4g4,40e16a65cdb23844,1024,0/0
/spttest/i8zch51wtooj,2155b95080597633,1024,0/0
/spttest/6kozwpru31yd,c027d8f6fc5e6a5,1024,0/0
/spttest/tnk9zunxqcsg,362ae1f170d4e040,1024,0/0
/spttest/xb462djnrob1,3cd7a7db3d51a6cd,1024,0/0
/spttest/ukgte8wyumo,18d1036e2822f90,1024,0/0
/spttest/tj88ugtx7vur,35f2958c3a6c7203,1024,0/0
/spttest/qk3wqjrfgyny,30832a8935e87e7e,1024,0/0
/spttest/vvmhs2txx3e6,3a3ad330b6d0046e,1024,0/0
/spttest/8sbvf4n9z09a,100ce5cb8311510e,1024,0/0
/spttest/h5812alno2m0,1f514913e5322e38,1024,0/0
/spttest/ybv2j8fyvs9e,3eb4f9fac812ded2,1024,0/0
/spttest/h2u167r035qe,1f3241b034997bc6,1024,0/0
/spttest/227h9akw1ph7,3c3e7db407e073b,1024,0/0
/spttest/kgloogq0irhj,255ff002469503a7,1024,0/0
/spttest/qgf8ybv6fhrs,30534ce757bcd9b8,1024,0/0
/spttest/rpyxmwdxia4j,32a2ebc87aa998c3,1024,0/0
/spttest/7yip6zo97les,e89aeb22f812124,1024,0/0
/spttest/a09lmsipzudy,12479b3e30920596,1024,0/0
/spttest/oyo89j3e633d,2d991e9642c17f29,1024,0/0
/spttest/6ruopz4q0cwy,c5f77dce4589b62,1024,0/0
/spttest/rihhec53jnhx,3241b310261154b5,1024,0/0
/spttest/5mesvy1vfnku,a452d2238be281e,1024,0/0
/spttest/a0xmbjeccgqa,125045d8302653b2,1024,0/0
/spttest/pkz0numlr1b7,2ebac6c7b13f2c63,1024,0/0
/spttest/wydx3vnzhua8,3c32503767852290,1024,0/0
/spttest/nxuxza61922x,2bbaf04704024bc9,1024,0/0
/spttest/ldcdkdtloz8e,270939a6ffce615e,1024,0/0
/spttest/cl3l8tn2zvpk,16fd70e9edd95948,1024,0/0
/spttest/2002a30xnr7j,3a74055b84c5a7f,1024,0/0
/spttest/kw33h4olizgc,26290f15809498fc,1024,0/0
/spttest/qxt3gsb1stbo,31351d581f03f074,1024,0/0
/spttest/ve94mc1u8iq8,39592f462e97d2d0,1024,0/0
/spttest/3ize2n2s9pe8,6716b587f4abcd0,1024,0/0
/spttest/uh9zouzkddd5,37acd9857b1f64e9,1024,0/0
/spttest/t9mym10rx6g4,3576003eaa2e29e4,1024,0/0
/spttest/enyhqbi5zvju,1ac9cc4fa94a677a,1024,0/0
/spttest/dgmz1e1w4u0b,18971a429f5e54eb,1024,0/0
/spttest/g1c3bgplyrnq,1d4b2e110c4db986,1024,0/0
/spttest/muwcubtrbwwi,29c0ddc4516e3a52,1024,0/0
/spttest/uug73k1k6j66,3857f313858ede8e,1024,0/0
/spttest/478u05grl7ix,7ac91b25056a459,1024,0/0
/spttest/q1boq29c74v9,2f8f2d0b09ed0465,1024,0/0
/spttest/gl6m5znf48z4,1e4cfd59fc9ca170,1024,0/0
/spttest/g9wlf54369qf,1dba7dee78e1f9c7,1024,0/0
/spttest/7d6sw4qsp9d8,d749d5ffedc7fac,1024,0/0
/spttest/cnbuniatrb2r,171a66830a05f5d3,1024,0/0
/spttest/6flcnbi1gkr3,bc03a7d3aa2660f,1024,0/0
/spttest/r8kbdz53jsve,31c0d42e18a39fea,1024,0/0
/spttest/14rnrh12sswp,2118d2ecf263759,1024,0/0
/spttest/k34xpjzhxhi4,24b10894c0f363dc,1024,0/0
/spttest/hmxyq4i2e8jn,203776047c91acc3,1024,0/0
/spttest/adpxtccmay43,12f65cba85d25133,1024,0/0
/spttest/bdo708vubc2z,14c958d189724beb,1024,0/0
/spttest/gp6fcuyxdcg8,1e80e0e856e6e948,1024,0/0
/spttest/we1d4eolw10u,3b29ff6286ed422e,1024,0/0
/spttest/g1xar3in4aux,1d52d4dfd91bfef9,1024,0/0
/spttest/atyyoh2z9ogz,13c9725e87fd3f23,1024,0/0
/spttest/o9qw9m3w3l5a,2c55597d6f9a39ce,1024,0/0
/spttest/x3aj5y6okh7d,3c72099f3477e419,1024,0/0
/spttest/l2oe2uf04dd0,267ead901e8118a4,1024,0/0
/spttest/502qdyde1rob,9230ea7230dc45b,1024,0/0
/spttest/8agagrc3vyoq,f24af3ff018045a,1024,0/0
/spttest/xdsb3u66p14,1b19ee48e87b238,1024,0/0
/spttest/jj7x4oahc7wt,23ae531021764c0d,1024,0/0
/spttest/duizhnad5jva,194b838a45d338d6,1024,0/0
/spttest/1ql9tdy01qjs,32d02d63f8914a8,1024,0/0
/spttest/d19cht89vmw5,17cf58c78cd95ea5,1024,0/0
/spttest/v20i0njjomru,38ba3341450f184a,1024,0/0
/spttest/d4ih5b6k505a,17f99bcd4289ebfe,1024,0/0
/spttest/rvxx02b43ae8,32f07d53e6410760,1024,0/0
/spttest/8wvcqoetzlm6,1047e2428c598d2e,1024,0/0
/spttest/l3xna52cqubk,268f01bef4d0c000,1024,0/0
/spttest/2cdy2s6nmrlg,44821c99955c434,1024,0/0
/spttest/blwimfa75csm,1534439f602f0f06,1024,0/0
/spttest/67vxhjcpvsk9,b5c21964f747b59,1024,0/0
/spttest/g4j0bphzjhly,1d74a4bc09f516e6,1024,0/0
/spttest/kmh5544ue585,25ac3bf282d1fff5,1024,0/0
/spttest/f7c4b0gtsq9g,1bc582e5f816b0f4,1024,0/0
/spttest/2h5t2hmr69yk,486244680101aec,1024,0/0
/spttest/qq7tfb5bsmhe,30d2830d09e7efd2,1024,0/0
/spttest/42qwv25dth0k,77225602cb73c64,1024,0/0
/spttest/fcszuat47az8,1c0c8bfce0c56b54,1024,0/0
/spttest/dlljzo7xu3mm,18d789910440eade,1024,0/0
/spttest/v1r1o1a2ormp,38b6c9fd27c15be1,1024,0/0
/spttest/spe81cvutj6z,346f0ffb0a32c06b,1024,0/0
/spttest/vu8ask5ynkbz,3a28b6da1c039caf,1024,0/0
/spttest/4gpxc07d9sme,827a3cf36dea226,1024,0/0
/spttest/o4s65orkavsl,2c14dcf3dd4e5f75,1024,0/0
/spttest/mst5ze8bdkb2,29a5bc8c9f67530e,1024,0/0
/spttest/wh7xndzyrmle,3b53560873b80922,1024,0/0
/spttest/gbc476cnecdv,1dcd14e4e2897d33,1024,0/0
/spttest/mz7cfgt8dgwm,29f8c9c90609f2d6,1024,0/0
/spttest/g2d38xa6lv7s,1d588782b3fdcf48,1024,0/0
/spttest/xvkwtymqftfj,3de17b8f329d14bf,1024,0/0
/spttest/1c82mzun4wd1,272660a1d4adbd5,1024,0/0
/spttest/r94su341sdt2,31c8384fbbdd15e6,1024,0/0
/spttest/8nurzw27hzqp,fd2c5b978bd3e31,1024,0/0
/spttest/u6i9jzkmqxqq,3720f3f431aac352,1024,0/0
/spttest/o7a56ip8x9u1,2c35539680c05c09,1024,0/0
/spttest/7ezgafeb1gkm,d8bf0f9750c5d26,1024,0/0
/spttest/v66danb3ar9k,38f0465fea178788,1024,0/0
/spttest/wx6mohtduomr,3c22b1a0adeba933,1024,0/0
/spttest/cwfx7w064iqw,1790c5e12a0fbde8,1024,0/0
/spttest/rwdjy4nihgw7,32f621b9fca63dc7,1024,0/0
/spttest/99n43stsa2mi,10edc57ea5e9dbca,1024,0/0
/spttest/5zbkpgbcrx7m,aecdf609ea1b8e2,1024,0/0
/spttest/t43t7g0icvzs,352e2518a1243ef8,1024,0/0
/spttest/5oxicbmwvmv9,a65e7965d2b6d85,1024,0/0
/spttest/y8bn01w22jaw,3e86ff5be1aba038,1024,0/0
/spttest/qki6fag50a62,3088508bfa74f87a,1024,0/0
/spttest/seyg77cdq0cz,33e77a76e1a49153,1024,0/0
/spttest/8l1l0kc6rvr5,fae429e9ca38f81,1024,0/0
/spttest/iy6v4saod5yc,229d2b2e07309f64,1024,0/0
/spttest/p91tcefc7xm,147ff63c0351a2a,1024,0/0
/spttest/rnd97x26yb5f,32811ee3d6e94af3,1024,0/0
/spttest/ycqq2k4xylv6,3ec065c915fcb432,1024,0/0
/spttest/3dzgwtow7uon,630805848b1e717,1024,0/0
/spttest/i9p85u4gc8t1,215f0fd1eb647795,1024,0/0
/spttest/nthrjr7ou78e,2b8239f6472b841e,1024,0/0
/spttest/2ugm6m1luni,24f831c16f276e,1024,0/0
/spttest/ku41h5gi1qxg,260f6bcf09a76094,1024,0/0
/spttest/fzew4l1rs13k,1d323635018fe390,1024,0/0
/spttest/i16fwt54xse1,20f05ea7062795f9,1024,0/0
/spttest/5074gbq0rpml,924a4373f22127d,1024,0/0
/spttest/rhiqugv235mr,32352a6a95dddd43,1024,0/0
/spttest/t2yrumxn7ytz,351f568507bc2717,1024,0/0
/spttest/zzedcp7vg9mh,41ba4ee198a91fb9,1024,0/0
/spttest/1u45r2gbrahd,35acb2cdebb78d1,1024,0/0
/spttest/5x5wc65e26dl,ad0d87f4c76eec9,1024,0/0
/spttest/35pkogmoinwx,5c50446942d7991,1024,0/0
/spttest/bg71cqfuiuod,14ea1fd2e9ed85cd,1024,0/0
/spttest/els3d46taiy4,1aad82b9ec57136c,1024,0/0
/spttest/mte7z2khr9wp,29ad556410cbcbe9,1024,0/0
/spttest/lz5bt1kxv1o6,282472355653fb36,1024,0/0
/spttest/ukndtz14bwa9,37d8a65d359f1031,1024,0/0
/spttest/wn2hi4hd8nom,3b9f4e4def3dfae6,1024,0/0
/spttest/q9dm4cn0mqw8,2ff7c92789dcada8,1024,0/0
/spttest/1jqok4mqwbfm,2d409b53884b3e2,1024,0/0
/spttest/r3lu4x6gp4ti,31806e5e85e7dca6,1024,0/0
/spttest/g7jp5xxnavo2,1d9bdc3d07b1a9d2,1024,0/0
/spttest/vhz5dblgn9ur,39898a8ac5da05a3,1024,0/0
/spttest/ed6jqexean5y,1a3dd292495de5c6,1024,0/0
/spttest/qp57a68877sd,30c4943e8e5b2b2d,1024,0/0
/spttest/vm48dc5z3522,39bf551bd37e735a,1024,0/0
/spttest/tvusnn35tybk,3696978f1d0b9400,1024,0/0
/spttest/7pqcn6fhn3yp,e178a214349e0d1,1024,0/0
/spttest/c6dhx66t4ui6,163e2d37ad30286e,1024,0/0
/spttest/zb7gk3noos8,1caab2d46833678,1024,0/0
/spttest/irgr6wbjemf5,2245cff3d5f8e801,1024,0/0
/spttest/heeev4ve3un0,1fc87e022baf67dc,1024,0/0
/spttest/ljuipfgo1ltd,275db5027632acb1,1024,0/0
/spttest/9v4qp3f9eoj,8022e458821d93,1024,0/0
/spttest/5eajmh4eig7p,9dbb9d700031095,1024,0/0
/spttest/icokbnr9e5hl,2185ca6d27ab3849,1024,0/0
/spttest/8s6tqc9kst7c,100b139f0b011ad8,1024,0/0
/spttest/f2uff10uhh0f,1b8b2bc0bab91e5f,1024,0/0
/spttest/dgtuuukuhk37,1899961bce838df3,1024,0/0
/spttest/js4k6z94yxni,24220413f167d6de,1024,0/0
/spttest/x20a4yjuy9sd,3c6159852756900d,1024,0/0
/spttest/yp55lfx0k99l,3f6179daae73bfe9,1024,0/0
/spttest/3559pbgizf18,5bdb0bf8d87b8dc,1024,0/0
/spttest/tv1hp1ykfi4l,368c04c1d0adb585,1024,0/0
/spttest/28fzju6t4p3v,414e947476c0d1b,1024,0/0
/spttest/fqwnhb9m2zil,1cc3b7570754aa4d,1024,0/0
/spttest/n2sh51e0w3ff,2a27615fcbc3215b,1024,0/0
/spttest/fgqbrtquyocc,1c3f8a85e916c5bc,1024,0/0
/spttest/viwvi42yxohl,3995b5bef7906439,1024,0/0
/spttest/533wrefhzzxp,94a7324f3bc8dad,1024,0/0
/spttest/7h9l1yap9b3p,da993652d392175,1024,0/0
/spttest/mkr8cyrwa4an,293d1fdb95e9c03f,1024,0/0
/spttest/qb1bcdusbiul,300d53991332d82d,1024,0/0
/spttest/qc19wnsjstl1,301a4d2b1084d7c5,1024,0/0
/spttest/xeeu8fcqusal,3d027951adc9e4bd,1024,0/0
/spttest/iwot2td08pm8,2289aa05cf7ed7b0,1024,0/0
/spttest/zp2e8o2ex5ff,4134182c66b52fbb,1024,0/0
/spttest/8bn5e22nb5qi,f3426100d6150ca,1024,0/0
/spttest/xc3k4ci9w4n,1b10305bbf04ce7,1024,0/0
/spttest/gnns76ljivz1,1e6d299ad5f9f95d,1024,0/0
/spttest/q2l43vasfgva,2f9f9115b738b726,1024,0/0
/spttest/hnqxlaz98g3e,2041e9c9887bf87a,1024,0/0
/spttest/q515mu1dv2xg,2fbf556859b45194,1024,0/0
/spttest/b3zgtva45g2g,144b858151b0fc98,1024,0/0
/spttest/g5tm3o3riwf9,1d85758c4a0f9ba5,1024,0/0
/spttest/nkht6eb7jn9m,2b0d56d4b8cfcf8a,1024,0/0
/spttest/d06as930q6ht,17c14207d38b1f61,1024,0/0
/spttest/jzz9m89sx2al,24880527618be9dd,1024,0/0
/spttest/upen5zmujnwq,3816714836ae65ca,1024,0/0
/spttest/22mfg2srqwq,1aeccc510b64fa,1024,0/0
/spttest/crrdgbpj4mbz,1753f54ce5e6f10f,1024,0/0
/spttest/c0m22pwmbvy,9c17ad0aeea9ae,1024,0/0
/spttest/90pfg6zayg31,1079b4070d2e9bed,1024,0/0
/spttest/kc1w4av0kd3t,2524d6b4d3bbfb59,1024,0/0
/spttest/uh5l2szye6jk,37ab428e37d126a0,1024,0/0
/spttest/e0ygmnl7c9x,b632041ed58ae5,1024,0/0
/spttest/wqnx2uyvc1v,1a947290c4048c3,1024,0/0
/spttest/9z6x1gpru6qx,1239a6269b5bbca9,1024,0/0
/spttest/39mava9yjc99,5f7cb06c0374acd,1024,0/0
/spttest/uk7xk5zhgzg0,37d31316c6198470,1024,0/0
/spttest/34m8cbi5vxo4,5b6d24269371934,1024,0/0
/spttest/o2ncdshzth0g,2bf92491f871e260,1024,0/0
/spttest/klvpnfjvxobp,25a4807797db5465,1024,0/0
/spttest/hjlryo66o6fu,200c187a1ff7d49a,1024,0/0
/spttest/jvjowpcb78ra,244e7177e3435316,1024,0/0
/spttest/foycxom5jkpn,1caa5a81917bec9b,1024,0/0
/spttest/v9r3m5sxjb18,391eb90a6bf93f9c,1024,0/0
/spttest/hyjuz5xa1u7r,20ce3e52f2b8cd37,1024,0/0
/spttest/103iagv0lmny,1d4e146f8a6c1fe,1024,0/0
/spttest/2hebmgo908kj,48936d438c3b463,1024,0/0
/spttest/yg5p2tru9qyv,3eecc48859456ac7,1024,0/0
/spttest/8o6opvhc1rw3,fd711bb70c0e373,1024,0/0
/spttest/62cvl8zgqi15,b144f709c3419c9,1024,0/0
/spttest/4sn9awdnawzd,8c28c7efc051079,1024,0/0
/spttest/518ttiyxog1q,9323eed2052503e,1024,0/0
/spttest/ho8w1lxotsza,2048647231f603f6,1024,0/0
/spttest/77fjfi13m9wg,d29d4df148b42a0,1024,0/0
/spttest/m2mj41siac4r,28519efbca81adeb,1024,0/0
/spttest/30gqcs9w156y,580e13d888f748a,1024,0/0
/spttest/nbqv5bmdyts,12efde2c51de390,1024,0/0
/spttest/uzikqxn2ydwu,3899c11e25b008ee,1024,0/0
/spttest/intxjpj98blg,22169c0540f311b4,1024,0/0
/spttest/t1godk55z2nk,350bd1b8557cd130,1024,0/0
/spttest/8lh3szxpcvtv,fb3dc5a945e3923,1024,0/0
/spttest/synbe3dbwl1k,34e73f35de972188,1024,0/0
/spttest/4m4egku4rf1q,86dcf3157e880ee,1024,0/0
/spttest/5l3dg0dioft6,a34103429e60c0a,1024,0/0
/spttest/uurq9pmmn9rg,385c1c50c5cd4f2c,1024,0/0
/spttest/adqtsc38xc02,12f6aec30d4d6f02,1024,0/0
/spttest/lzybsozcsaql,282ee8dcc8a79d5d,1024,0/0
/spttest/4t31oqtbjxi0,8c83ed932674f58,1024,0/0
/spttest/ioyqeguui23j,222554c8d0a7711f,1024,0/0
/spttest/4tbecli2tei3,8cb4248a62908ab,1024,0/0
/spttest/eg9fqz6op352,1a65d5392b5d7c26,1024,0/0
/spttest/ln75c69b5ar8,27893b445a63d4b4,1024,0/0
/spttest/zi7f060g8vbx,40dafb2d6ac5c09d,1024,0/0
/spttest/e35ortp4voz5,19bb9e90b928a831,1024,0/0
/spttest/qftlwnj1zg9r,304b7e09c0787a1f,1024,0/0
/spttest/wexxtxrtq8dq,3b35c04dccfc85ee,1024,0/0
/spttest/q2zwivlplbo1,2fa4e726e0aecb51,1024,0/0
/spttest/ee3a42nfgcp1,1a49a20a01bdef45,1024,0/0
/spttest/b6qbuzhcyxbx,146f31363a4efd3d,1024,0/0
/spttest/d8p4aqjlppuo,182ff6702004d020,1024,0/0
/spttest/5aeroynxctsj,9a94afd4c24bed3,1024,0/0
/spttest/tl74l40a9wji,360c28c354ced6fe,1024,0/0
/spttest/ummocliuv8j7,37f25f7e9d1df2f3,1024,0/0
/spttest/dek2pt9qmdi3,187c14147ee51bdb,1024,0/0
/spttest/tgicv76sc659,35cf43c67b6d4e1d,1024,0/0
/spttest/i6xkimrn7l0w,213b1ab277460930,1024,0/0
/spttest/lel60adn6aeh,271962d49c3ce529,1024,0/0
/spttest/3apnjxv4gpq,2ad546a523c09e,1024,0/0
/spttest/dqnis4s6i4qo,1919317bc289de80,1024,0/0
/spttest/81vj2f5926fc,eb547886f1ada08,1024,0/0
/spttest/1mcmrus343di,2f5efbde5f45d16,1024,0/0
/spttest/2ar50qgjaape,432e9e02f3127b2,1024,0/0
/spttest/fjcsujym3rgw,1c61a0f35eb5fbd0,1024,0/0
/spttest/izexxfvlexzd,22ad128e6bbfe489,1024,0/0
/spttest/1zrabg19bqzb,3a415a4dacd6a57,1024,0/0
/spttest/weuc3ga8uzwq,3b34736e159d414a,1024,0/0
/spttest/vjazau3v362a,399acca5563a0c72,1024,0/0
/spttest/x30zx794ry7i,3c6e98ef2f1cddee,1024,0/0
/spttest/vc2gc35gwio0,393ccc3df8369a80,1024,0/0
/spttest/bho4gdwe2gi5,14fd474c6088de0d,1024,0/0
/spttest/n7h1dpu056lz,2a64332c56e9b8b7,1024,0/0
/spttest/78yyf7n4zmq4,d3dd397484dcdcc,1024,0/0
/spttest/wngndh980wrr,3ba46a8601bdc1e7,1024,0/0
/spttest/j37rqrzw1vi8,22de7122ccda11c0,1024,0/0
/spttest/or4t17x00fv0,2d372fb6d3a4244c,1024,0/0
/spttest/jey0n40nxqx6,2376cb5d73c17d8a,1024,0/0
/spttest/w4dhybapywkc,3aac7ba18dc32a5c,1024,0/0
/spttest/ckzag8m5dg2k,16fbe3bee8664f9c,1024,0/0
/spttest/r417xr3dvuj6,3185fb4d8aebb552,1024,0/0
/spttest/jzgfz09qtdff,24813a766e80c73b,1024,0/0
/spttest/r3e9quueucx6,317db37931c302ea,1024,0/0
/spttest/1aea1cjf1jon,25aa8b80b30b4e7,1024,0/0
/spttest/zj54bh9yfo5u,40e72447c2c71e12,1024,0/0
/spttest/4gn1sxm0t5nq,8269a2ca0cbe9e6,1024,0/0
/spttest/lp71wvuf37as,27a32cfe5099deb4,1024,0/0
/spttest/yh8hk9w9f1cc,3efac39c805b6d8c,1024,0/0
/spttest/ivarfmkgx0su,22779b645fea824e,1024,0/0
/spttest/fvug1qypow6w,1d03ddd13e5a19f8,1024,0/0
/spttest/atulxn4p62vw,13c7e031cb9d4d1c,1024,0/0
/spttest/nbnj9l9wd6k6,2a9a804cb1a8d676,1024,0/0
/spttest/4k9687neenq7,8558d65df8b699f,1024,0/0
/spttest/c0u6trkccj5u,15f6437888633802,1024,0/0
/spttest/nrsvadlvp6hb,2b6c41180f7d300f,1024,0/0
/spttest/q0nyqocd0eqw,2f869de8286727a8,1024,0/0
/spttest/3nioc31mnf34,6ac55b33b575620,1024,0/0
/spttest/1x8nbz4nqnzb,3836186e2bdf2e7,1024,0/0
/spttest/abu8nuc4pwz3,12ddef850c84472f,1024,0/0
/spttest/yvrf4iuzpmt,1c5187fa152d285,1024,0/0
/spttest/vwd4xom9mspe,3a44702d5868bbd2,1024,0/0
/spttest/yfqlc2fb0dsr,3ee75167877fecdb,1024,0/0
/spttest/s5h676kguft4,336c573bfb8cab88,1024,0/0
/spttest/ktdltms8nn9x,2605e2124a596d95,1024,0/0
/spttest/mi928fn6tyer,291c96ff8e1dc573,1024,0/0
/spttest/ht09tf25p21e,20863ac0b37f7392,1024,0/0
/spttest/7w5kuhqahnzt,e6af83dd30515b9,1024,0/0
/spttest/ymm9tys4qjjz,3f40af36fe31b97f,1024,0/0
/spttest/z9i7ocm0r06n,4069f91d64c711af,1024,0/0
/spttest/mnt8y1nsklx2,2964d1ddea1093f6,1024,0/0
/spttest/gbo130hyhdhs,1dd16151a7a46490,1024,0/0
/spttest/4d9aesd34jvf,7faab5525d5b49b,1024,0/0
/spttest/30b1favcmmg9,57ed36f1406e329,1024,0/0
/spttest/gs2y67xfre4x,1ea6977b409c0351,1024,0/0
/spttest/abh4rbb2mxg2,12d934b7832710d2,1024,0/0
/spttest/ckeso1vnuynz,16f47ec0ec066dff,1024,0/0
/spttest/hrrmjsnjh80u,20761ed9e98e71de,1024,0/0
/spttest/vclhs5721wh4,3943aaf2e83e68a8,1024,0/0
/spttest/7s7n33ogp8n0,e37c1b23e5657fc,1024,0/0
/spttest/zcdk5cbmupul,408f430b54a2c05d,1024,0/0
/spttest/yvups97pwdl3,3fb8a266e8d9d1c7,1024,0/0
/spttest/1wod2q814ffw,37c0fd85a03082c,1024,0/0
/spttest/98zp0cyfhp5i,10e5524b0b109096,1024,0/0
/spttest/y2avvhyuqqwj,3e38ca37c31e80b3,1024,0/0
/spttest/xj9rrxqjx3sb,3d4197746753fc6b,1024,0/0
/spttest/64xnaj9y1wu9,b35c86583f03281,1024,0/0
/spttest/y051e31h1125,3e1cb3a60028c09d,1024,0/0
/spttest/dmvk1d2mkjdi,18e822a04819cd16,1024,0/0
/spttest/wgjww21m5i17,3b4aab3f47e4848b,1024,0/0
/spttest/lqp70e2an0wy,27b6b5f512e3d662,1024,0/0
/spttest/4kmq7hrpmp9f,85a71731595fe63,1024,0/0
/spttest/ei0n8yfu2jcf,1a7ca3aa1cdb686f,1024,0/0
/spttest/25tohmcgzc1m,3f2e2482d1c87ba,1024,0/0
/spttest/wbwnnzz83xuz,3b0e52159912322b,1024,0/0
/spttest/ib3g33ruwws9,21712e904deb87f9,1024,0/0
/spttest/g726opza3b9r,1d958a9118e3a1cf,1024,0/0
/spttest/54lv0p35pfx9,95dea8f775dbddd,1024,0/0
/spttest/ocsl2w6406na,2c7ced4b46a9fda6,1024,0/0
/spttest/nwf5mv973mjc,2ba840c531832fd8,1024,0/0
/spttest/qtc7csng83ii,30fb1009319c4fca,1024,0/0
/spttest/253m4xnjtu6k,3e97aac02ccfd0c,1024,0/0
/spttest/o4c7wn0jcjdm,2c0f1b8c2099501a,1024,0/0
/spttest/v7kjf8zv6ln6,390260827014de12,1024,0/0
/spttest/dttwvd365kv,b39fc45e5788bf,1024,0/0
/spttest/vqpcyowa87t5,39fae9a75cb8a389,1024,0/0
/spttest/81j29kqj21nc,eb0c80173988fd8,1024,0/0
/spttest/jp01cp4xnn81,23f96a7e106db651,1024,0/0
/spttest/dfpbkp9ugtt2,188af5e7e2012ce6,1024,0/0
/spttest/ft8tnh3rw6ki,1ce2161b314fa042,1024,0/0
/spttest/9mv28zer3n41,1199800416babac1,1024,0/0
/spttest/4sovb46hzux,3e4f25e17895c9,1024,0/0
/spttest/ls0fiy2abgwf,27c7c11d0d0d5c4f,1024,0/0
/spttest/dem6ii2ln6j,ae22678724d29b,1024,0/0
/spttest/t2whwrs5lvzd,351e844707995a29,1024,0/0
/spttest/srka5tcorcvw,348b3a271dc051fc,1024,0/0
/spttest/hpd2yttg2npg,2056e4f0246fd884,1024,0/0
/spttest/e2hf4vzt33zp,19b2dd00307ccff5,1024,0/0
/spttest/j5c3e7w0vs1y,22f9fb04474f0fc6,1024,0/0
/spttest/jhz0uehna5a2,239e2005ead3f43a,1024,0/0
/spttest/9cngscvmnhut,1114ddcdf68e2c25,1024,0/0
/spttest/imx762w2aaxw,220acc8e148db7e4,1024,0/0
/spttest/pp3fz0muazd9,2ef0549005c0878d,1024,0/0
/spttest/ri1rsgoyojpp,323c07d5fb173bcd,1024,0/0
/spttest/uvgh8w0tc839,38650a5ef3c4f0f5,1024,0/0
/spttest/zpufqeg6x4fk,413e365059b7fab0,1024,0/0
/spttest/zfaqje7thyhn,40b5361b21d221db,1024,0/0
/spttest/3fyus9cs0u4d,64a4215f12a747d,1024,0/0
/spttest/t5fkyqqbnm3q,353f61a0168b82a6,1024,0/0
/spttest/6ei4dsfbw6wm,bb212ec175b71f6,1024,0/0
/spttest/acin9ltukcqk,12e6bdd464af7f7c,1024,0/0
/spttest/pm1ivllxy763,2ec8ab827c019dcb,1024,0/0
/spttest/aej3licumd44,1300e23e7ac9d9e4,1024,0/0
/spttest/d90fj8owcog4,18340b5181d2c6c4,1024,0/0
/spttest/3zizyhocvp1v,7485299f9590c93,1024,0/0
/spttest/91kshg70hnsl,108504e345364eb5,1024,0/0
/spttest/91ciionxj3k,7563c9c1b455f0,1024,0/0
/spttest/a2rd4d30bju0,1267fe8b86bdf528,1024,0/0
/spttest/b0nzhqa18zgm,1420693367334e86,1024,0/0
/spttest/7g3645q257gy,d9a459979d1ef12,1024,0/0
/spttest/cbscflv9yj0d,16847af1aa1729bd,1024,0/0
/spttest/x1ozofdsfru9,3c5d46a2214e1ab1,1024,0/0
/spttest/lsgbizv292fh,27cd7cbeebbe428d,1024,0/0
/spttest/ywjltovituh,1c560d166fa5699,1024,0/0
/spttest/77oqttl4u625,d2d272ab127822d,1024,0/0
/spttest/p7ao8nro5jqu,2e0921bb9006c736,1024,0/0
/spttest/pza89sez0mkm,2f74abf2f38c6d46,1024,0/0
/spttest/dkoibtx62vxy,18cb9d26422e8836,1024,0/0
/spttest/w0nri2rjuqp4,3a7c3ac98481c1a8,1024,0/0
/spttest/bwymwwovfs7q,15c3e931826d1b96,1024,0/0
/spttest/701qrl2athdw,cc9edbd9be59f44,1024,0/0
/spttest/70sahffy1aut,cd381e824a61b35,1024,0/0
/spttest/ofz71hsif6hc,2ca6479f07f36090,1024,0/0
/spttest/vjuxxl4kose3,39a20080275859bb,1024,0/0
/spttest/nmxz8a6te6ha,2b2d26c3efa0cd4e,1024,0/0
/spttest/5q4wm8ykkvbq,a75900cd93b3796,1024,0/0
/spttest/3laqg9besfty,68f7dab77cda926,1024,0/0
/spttest/51p4zvoc90z9,938217e9c170935,1024,0/0
/spttest/qf95s61cafbf,30441d4d0c97fc0b,1024,0/0
/spttest/48jmu14fb965,7bd749b727f922d,1024,0/0
/spttest/kvcgaetfl1og,261f72048ee55ec0,1024,0/0
/spttest/7vn038rqr5fp,e64445af97c3a45,1024,0/0
/spttest/mou8cowmtixu,297229f84931db22,1024,0/0
/spttest/qarnjn9epr3u,3009d738f355177a,1024,0/0
/spttest/o3ewi63l3laa,2c031623f44f8f82,1024,0/0
/spttest/d1fayjgbcyav,17d17f0cb57613a7,1024,0/0
/spttest/p4az99hy6vp4,2de2463aa803fbf8,1024,0/0
/spttest/2tvbvf7kts,105608e042030,1024,0/0
/spttest/nqfngf86jgi4,2b5a7ef464e5b04c,1024,0/0
/spttest/bs4l9gho5qyk,15851ce1d0d653bc,1024,0/0
/spttest/vbuto2yhvwjj,393a0b8196ad4f7f,1024,0/0
/spttest/a0v6ip4dxbe1,124f6490d07a84e9,1024,0/0
/spttest/l2djgi2rrdnq,267ac3508956e0e6,1024,0/0
/spttest/s56djac70eah,33687201c15dbf59,1024,0/0
/spttest/2i78qmll1zfj,493a61b846cf29f,1024,0/0
/spttest/2f67qzqumaxt,46c4f6de68616e1,1024,0/0
/spttest/ryxfobib5w0k,331748a47d5c5454,1024,0/0
/spttest/ficzlux8iyht,1c54b508e0dbcb21,1024,0/0
/spttest/lwcsts21o9pb,28002cafc57f301f,1024,0/0
/spttest/hw46cq63hz4m,20ae9b1be2222716,1024,0/0
/spttest/xix73aei1gdp,3d3d0df6a01fb32d,1024,0/0
/spttest/f33m1z9or0j,c3f539951443c3,1024,0/0
/spttest/lerxecucwbdn,271bd3519ed3059b,1024,0/0
/spttest/gqqzgztsd30z,1e954923b989b093,1024,0/0
/spttest/mpa61zqnyanz,2977e9f7b715f97f,1024,0/0
/spttest/p2vbpks2q7au,2dcfa30859585976,1024,0/0
/spttest/xrwwvnpm2bje,3db1db1280f3b0ea,1024,0/0
/spttest/fgsgrypq57mi,1c4050192c48f3da,1024,0/0
/spttest/cgyok7f8h21y,16c7b68de55f38a6,1024,0/0
/spttest/7d2ky0ozzdxh,d731782a08a1445,1024,0/0
/spttest/px15ejlgde8d,2f576ac34f61bd4d,1024,0/0
/spttest/5jokg2rshx4m,a21bb637d6fc9f6,1024,0/0
/spttest/2ndnzma8078j,4d6e9ba6a40b4a3,1024,0/0
/spttest/1gxepkc706t1,2af7f3eb906b975,1024,0/0
/spttest/65qod9c64e0o,b4041d5e36d65f8,1024,0/0
/spttest/pbfr3focvbbb,2e3eebecff7ce707,1024,0/0
/spttest/lv1mc1j8dbfd,27ef26b86a64bf19,1024,0/0
/spttest/di9fozh79q6n,18ac325a3f6767cf,1024,0/0
/spttest/o9mhd538fok,13b37291d282864,1024,0/0
/spttest/nuvaozxjevex,2b941921225bdd89,1024,0/0
/spttest/csdnptdv1c3i,175bffbc6ab9d67e,1024,0/0
/spttest/66j5h8fuqty6,b4a880c45af541e,1024,0/0
/spttest/9zz8yz1udh82,1243df12d0acca72,1024,0/0
/spttest/7xcxzncmj0fh,e7a9dcc71ef3eed,1024,0/0
/spttest/r2soee3ivfnq,3175e8f86e35ff06,1024,0/0
/spttest/u903gac91f2w,37415d6fee54fb98,1024,0/0
/spttest/tknv86nexcya,360535c0c76aa9d2,1024,0/0
/spttest/p6ge99vhtby8,2dfe351241783ec0,1024,0/0
/spttest/rystmax722si,33159e941f6125a2,1024,0/0
/spttest/3v35n43qr8ss,70ea64439d2ab4c,1024,0/0
/spttest/u58ac5uiikvi,37105d05d39a142e,1024,0/0
/spttest/adsaf1a0him2,12f735ccf1a5b07a,1024,0/0
/spttest/geq317xqu29x,1df916d453019505,1024,0/0
/spttest/7nfwl9jemdvb,df9cabebf4fb9b7,1024,0/0
/spttest/3xyezndleyma,733e82e53b25fc2,1024,0/0
/spttest/oub82555erqm,2d60783f117bacee,1024,0/0
/spttest/wmerlwyi4dxl,3b96bf6507aa7989,1024,0/0
/spttest/9he7b5ikawbi,11527874ac3eee1e,1024,0/0
/spttest/e6sy3oxogjqs,19eafabe345843f4,1024,0/0
/spttest/fhdppjqa6eg5,1c47fac05398f0a5,1024,0/0
/spttest/i7lawbna7euj,2143aada5755fceb,1024,0/0
/spttest/bh6aj29qagu,95143ab4a5587e,1024,0/0
/spttest/276eennld9as,4047674edb05154,1024,0/0
/spttest/kgtev6896auh,2562b9c66dc66569,1024,0/0
/spttest/sojdmwtdspd9,3463eeee215ab06d,1024,0/0
/spttest/rfe33p5ymanu,321981824c2ac57a,1024,0/0
/spttest/v02gsqgl1jjs,38a0ee5909942e38,1024,0/0
/spttest/litbpvpju50x,27504974d12c9bf1,1024,0/0
/spttest/mcg9hsp0h9oj,28d140a9d1974f43,1024,0/0
/spttest/fofte51is4zp,1ca3a9bc2517ce45,1024,0/0
/spttest/k784ii7mh4ar,24e6242bb91e2203,1024,0/0
/spttest/351qfqfbkyjm,5bc6a35e573d2e2,1024,0/0
/spttest/qzg29gzuw5az,314a63fbc36f6cdb,1024,0/0
/spttest/9ecoesufl853,112af3d3d1a40377,1024,0/0
/spttest/cdfh839541ts,1699d0f6a65efb40,1024,0/0
/spttest/ieycwn6450hf,21a34d976f305db3,1024,0/0
/spttest/qi8l115k3qzj,306adfd24bbac35f,1024,0/0
/spttest/r64q49t8nudn,31a13991e4dd258b,1024,0/0
/spttest/vwlmymxtwq3h,3a47816009278d1d,1024,0/0
/spttest/kzmgkf5ucdri,26570370c7f5d2ae,1024,0/0
/spttest/s3a9i0l8497d,334fde9cd7010399,1024,0/0
/spttest/f1r64g5ovean,1b7d018b990ea61f,1024,0/0
/spttest/i0uu1ipcr8s1,20ec2e7d7e045531,1024,0/0
/spttest/a42yflcitkk2,12792a88c47e1f52,1024,0/0
/spttest/sbfxyd0uelvv,33b9d5406270944b,1024,0/0
/spttest/68q5pehv105s,b6709b8a4743a10,1024,0/0
/spttest/pis8q9gzun68,2e9e5a6318e323d0,1024,0/0
/spttest/s3fg6qx7fjqk,3351bd9c79a6bcac,1024,0/0
/spttest/qubfb0it83sb,3107c552df144a2b,1024,0/0
/spttest/2kp0xwu734vt,4b40b3e01a11a79,1024,0/0
/spttest/a3tc5nmyqtyy,1275b2108b16443a,1024,0/0
/spttest/b65pk379kxm9,1467c09f82f73c31,1024,0/0
/spttest/xhmxton71tsu,3d2c5d3f6579301e,1024,0/0
/spttest/u09f6tfylrbh,36cfd38e2bf3cb8d,1024,0/0
/spttest/ugbm8x17y8zn,37a07282799b7d03,1024,0/0
/spttest/dqtk56yug5pa,191b5f30856fc6de,1024,0/0
/spttest/8ljwc5v6leyf,fb4de4c55a530f7,1024,0/0
/spttest/dcsg58t4xpti,18651ef7b352d8f6,1024,0/0
/spttest/xlo7pxo4c2nu,3d60c8088efacc7a,1024,0/0
/spttest/2j4erw8flzzk,49f9dbe9a85f870,1024,0/0
/spttest/7zqxralbenxp,e99a4df3db42fad,1024,0/0
/spttest/tyve17fxvju8,36bdc62d72d58330,1024,0/0
/spttest/xuo5wqaw5ffx,3dd5aab25e37056d,1024,0/0
/spttest/oxay4aawlv8p,2d875682ef57b969,1024,0/0
/spttest/hrernhmwz2qf,20717b2801020097,1024,0/0
/spttest/derid6bfc74d,187ec2cf426fca0d,1024,0/0
/spttest/a2ivbck9ewd6,1264ede9af8e945a,1024,0/0
/spttest/9hubbseqnrd2,115848a7f5e5bc46,1024,0/0
/spttest/gfuad5krb62s,1e07985ec3874e84,1024,0/0
/spttest/3hl3zhrziunm,65f470d29778ab2,1024,0/0
/spttest/cpy0at8qp2zf,173c5f9dd32ca55b,1024,0/0
/spttest/kqj6fyqi1yub,25e0ed0cbfbb40a3,1024,0/0
/spttest/m7h5c94668ze,2890a016f5c458fa,1024,0/0
/spttest/q19bcxnxk39j,2f8e52040bebda87,1024,0/0
/spttest/xdpbes7wu8kh,3cf943d0f1f062e1,1024,0/0
/spttest/o1uxj4i6fsbd,2beee4271ba88b19,1024,0/0
/spttest/hwvj9tm85tk7,20b87a331dff54e7,1024,0/0
/spttest/gk6qbbkvpxqw,1e400abce6b63618,1024,0/0
/spttest/ggo83fowpyhb,1e126597dafaaacf,1024,0/0
/spttest/68rp99lln3bw,b6798415186e99c,1024,0/0
/spttest/uflsn9izf2bj,3797215a449a947f,1024,0/0
/spttest/pnhif43fn0o2,2edb6d7bb908be22,1024,0/0
/spttest/j2ik7ptfsm8x,22d5589c6451b2a1,1024,0/0
/spttest/k4o6r3j6e94k,24c4f80953f207b4,1024,0/0
/spttest/vcok51s2fmb1,3944c61adc32a0ad,1024,0/0
/spttest/ebl9qbpolq04,1a2927eadac5c2e4,1024,0/0
/spttest/p4rt530gtonm,2de858cbeeeca212,1024,0/0
/spttest/wvewrd4csv8p,3c0bb3ec28df3929,1024,0/0
/spttest/cxrspw91bzqg,17a20c0278202ea8,1024,0/0
/spttest/qgiw22l9xzq6,30549d49c610f01e,1024,0/0
/spttest/cgk54ag2yac8,16c27783bdfa8ad8,1024,0/0
/spttest/8kouhzvx57zo,fa9aa2ab92ac4b4,1024,0/0
/spttest/eqefrqqj12py,1ae987afb65bbf06,1024,0/0
/spttest/hrla1rp2bl4i,2073d4914bc875b2,1024,0/0
/spttest/gxdxzvcjgqx9,1eeb815cfcfd3f4d,1024,0/0
/spttest/kyvwpafw5zov,264d6ee5c70edfef,1024,0/0
/spttest/o9m32p4sswty,2c539d1dc91cd136,1024,0/0
/spttest/awkzwqqg7bm0,13eb60239db68e88,1024,0/0
/spttest/q03hh6jmpo5i,2f7f3a3f3b39e886,1024,0/0
/spttest/gwoudma9wzwa,1ee272dfb7bb2eba,1024,0/0
/spttest/b5bjj4sta3tp,145cde1cedc25edd,1024,0/0
/spttest/a2o9hq9iqaah,1266e02139c2ac99,1024,0/0
/spttest/qlvwwegx73l3,309a42854983eee7,1024,0/0
/spttest/910xp1xpki89,107ddae4cfa2c649,1024,0/0
/spttest/wmfsecn48ghu,3b971dca20058582,1024,0/0
/spttest/i7hdrawnqz3s,214240b82e3d8b38,1024,0/0
/spttest/7uxl0c7dcqo3,e5b18749d1e7b03,1024,0/0
/spttest/6pnsbond24ac,c4300042b11ab34,1024,0/0
/spttest/yp0cxsbkr4j2,3f5fbeda7360efae,1024,0/0
/spttest/dsh7dp089ai2,1930e488e6f0756a,1024,0/0
/spttest/5zj27xir6ba2,aef92e3f1ead19a,1024,0/0
/spttest/ysd5fhg2ehml,3f8b54254ff6a2bd,1024,0/0
/spttest/4xzt21dya7df,90805e1fc1d89d3,1024,0/0
/spttest/e29sm1wxy3jr,19b01ca222931777,1024,0/0
/spttest/99p75wmelhzz,10ee86142014745f,1024,0/0
/spttest/65i76qcig3jo,b3d32ce55d497f4,1024,0/0
/spttest/wqkypru68kr3,3bccf0ddd0ac090f,1024,0/0
/spttest/lej8j8tq7k6c,2718b093a16f8fe4,1024,0/0
/spttest/ijvedsp50yq0,21e32e8f0e63d8c8,1024,0/0
/spttest/8nvyb7ojdloq,fd3324b60a4320a,1024,0/0
/spttest/osu2d7qnmdb7,2d4d4a1fba0ebbe3,1024,0/0
/spttest/va3fitb3afnq,39232c02aed9acc6,1024,0/0
/spttest/p8k31d35fpk0,2e19844532405020,1024,0/0
/spttest/et8vel2yj83k,1b0e7d5ca7cd29c0,1024,0/0
/spttest/rrz48xj6gkav,32bcf742f412ccc7,1024,0/0
/spttest/rxdayyb5ktno,330307f32c46a424,1024,0/0
/spttest/2rea9dyk7xw1,50b17e60ac61351,1024,0/0
/spttest/jj37tqux8kbp,23aca0aaa12af1e5,1024,0/0
/spttest/dmscln3gusos,18e6fa70bc8198bc,1024,0/0
/spttest/cyqze31dsq97,17aebe044d0bf4eb,1024,0/0
/spttest/iu69hfnate3c,2268fe9b6b6f2298,1024,0/0
/spttest/vp8enkde13n8,39e7ce79bc24eab4,1024,0/0
/spttest/grtzg95k1g8p,1ea35b72bd496079,1024,0/0
/spttest/xxg454019t76,3df9bafc9a081d12,1024,0/0
/spttest/1nd9i8qc4hbx,3032753935164bd,1024,0/0
/spttest/dgtex9t9vgl6,18996d3a90c172ba,1024,0/0
/spttest/y13bpfqriqg,1ba07a0f6f9dd98,1024,0/0
/spttest/x73letbwtoaa,3ca37dd5a32b9c32,1024,0/0
/spttest/7ufhzucx82x1,e5492182f66d1c5,1024,0/0
/spttest/ks9876zq5l4j,25f75063265ce033,1024,0/0
/spttest/7fl33h71pvg4,d93bf39a9185874,1024,0/0
/spttest/zhb8nixmvefm,40cf5f19160434d2,1024,0/0
/spttest/i34220asaklr,21097ce1035e0acf,1024,0/0
/spttest/p5ufloxjxguz,2df6486bbba9aa9b,1024,0/0
/spttest/m7nh6msm8180,2892e8b021415e30,1024,0/0
/spttest/lwqrntqchc6l,280536da16541bed,1024,0/0
/spttest/v324ctp2shkq,38c7c631d3ad5dfa,1024,0/0
/spttest/9e0g5s2oqm8p,11268a3d401c5319,1024,0/0
/spttest/6i0kshbg32gx,bdfb36ba0f45b41,1024,0/0
/spttest/y5se09qosjbz,3e6612c5b735a0df,1024,0/0
/spttest/6lugrrml00tp,c1173ec8413c12d,1024,0/0
/spttest/ltmr3b26zwtr,27dccc2576bc0eef,1024,0/0
/spttest/my32ep7n4set,29ea4157d2e96bd5,1024,0/0
/spttest/resw3o182tiy,3211dbd02a9dedfa,1024,0/0
/spttest/twvsp7gz8x2x,36a3f14baed74c79,1024,0/0
/spttest/g1csfik7p0kj,1d4b6e7ffd2ae623,1024,0/0
/spttest/3atwq0zih5mx,60786eeed2474c9,1024,0/0
/spttest/k3ifrbr0lr6d,24b5e7adb78c38d5,1024,0/0
/spttest/zxjxnzw0zwvr,41a256546d620137,1024,0/0
/spttest/ydr5u475q6ls,3ecd8b7e383604f0,1024,0/0
/spttest/vnfeyijn3zfp,39d05b51f4981925,1024,0/0
/spttest/noequj4gd9sv,2b4030c69d19c2df,1024,0/0
/spttest/5u83la4knh5s,aaaac12c830baa0,1024,0/0
/spttest/49fqpyyinheo,7c90a5d5fc231e0,1024,0/0
/spttest/sfm8ir0yywdp,33f00f9950576a6d,1024,0/0
/spttest/bemhxwnoiaji,14d5b96547ea19de,1024,0/0
/spttest/sy9klk21fra9,34e249add4faa0e1,1024,0/0
/spttest/rnpw0j4xw9hp,3285adcba4d1790d,1024,0/0
/spttest/z81k7dcu1qme,4056f9be36815b06,1024,0/0
/spttest/7z7nyt5ft7ck,e92b0c0d386bd74,1024,0/0
/spttest/wzn6erc1spp2,3c42a4a7a1adf216,1024,0/0
/spttest/jn07sv0dqq1x,23df808691c92365,1024,0/0
/spttest/23m0gs13bzup,3d6238d4b81d141,1024,0/0
/spttest/atvryq0q02tj,13c84c08d20d8847,1024,0/0
/spttest/z2czn089jua8,400d29dabc34a910,1024,0/0
/spttest/qux8mjyp29av,310fa4497b5fcc97,1024,0/0
/spttest/vuhz6lzkyp2p,3a2c34bf15068371,1024,0/0
/spttest/e59etsp4b9dz,19d6f108d33d8c47,1024,0/0
/spttest/py4riu3rwcho,2f65b5e0a66a4e3c,1024,0/0
/spttest/5le04uka02uo,a37e61a8e7a0870,1024,0/0
/spttest/g0odtcbhpsdn,1d42a0292b3a18eb,1024,0/0
/spttest/51f8s3v0vhs7,9348f8574d077c7,1024,0/0
/spttest/hlb0r31xt7dm,2022317dbec71f9a,1024,0/0
/spttest/gol466xaz85y,1e793079c2306216,1024,0/0
/spttest/2x62qdzu9p3s,556112daf5c8158,1024,0/0
/spttest/pnjz8x22stmn,2edc5165844f1eff,1024,0/0
/spttest/k1xdhyuza6n3,24a150e3e5cadb1f,1024,0/0
/spttest/51vjkeouduu0,93a71168cd8fb58,1024,0/0
/spttest/me8ym4zggnsn,28e898af56021877,1024,0/0
/spttest/abe8qs3l8qpi,12d829d654989a36,1024,0/0
/spttest/bi8yva1o84fm,1504ccb2bc09e472,1024,0/0
/spttest/4agi3ezwhki5,7d64ddb1ee4ae0d,1024,0/0
/spttest/tniyton16oh0,362a68e964f3de64,1024,0/0
/spttest/j2fk8fkprd4a,22d4438ea2dcf42a,1024,0/0
/spttest/i79poc9y6ht4,213f7c5a113385a8,1024,0/0
/spttest/7h7woqmww6d9,da8f881a6bec03d,1024,0/0
/spttest/wn7l1o77mukq,3ba1253c7786e74a,1024,0/0
/spttest/fwt9zzgvl6dy,1d106f2f7872c296,1024,0/0
/spttest/t61nwxmlwvnc,3547594b8e7fc538,1024,0/0
/spttest/k23jp40d7wh9,24a38b00e4624d2d,1024,0/0
/spttest/huzq11m0eaya,20a0027e7a9796f2,1024,0/0
/spttest/8dqtmkmt3bes,f4f73dddc0f7184,1024,0/0
/spttest/278aiev683jl,4052532a206c5f1,1024,0/0
/spttest/wp9i5e1cnjs2,3bbbd10dc30f13e2,1024,0/0
/spttest/u391ezf87a0k,36f6a7fc905d8274,1024,0/0
/spttest/g3vvgjkd1q99,1d6c4bc7d7e0682d,1024,0/0
/spttest/xe1vcpmdg590,3cfdcb6731d95394,1024,0/0
/spttest/8p3bgr33eoul,fe2d7e0fbf8f44d,1024,0/0
/spttest/sdtwe04avclq,33d8d8e751acab8e,1024,0/0
/spttest/4u3y2nyu9k3o,8d58f33d2666404,1024,0/0
/spttest/jnc1urkegbfk,23e3c5af82da6be0,1024,0/0
/spttest/2dasnudjzr9n,453fc0bbc0a5bcb,1024,0/0
/spttest/m8dm13q6c0x9,289c56b276dc6dad,1024,0/0
/spttest/axqjzmhgjjca,13fa5ec216c5fcaa,1024,0/0
/spttest/pf4d2kgyrsc5,2e6ec4eb54dc2a35,1024,0/0
/spttest/ob9tej8r0spy,2c692a658b305c66,1024,0/0
/spttest/waii89met7zc,3afc39b8d92943a8,1024,0/0
/spttest/wbzj9q5zwzcn,3b0f5be8a24491f7,1024,0/0
/spttest/nvcucsi1v3a3,2b9a6dd5d45e0b5b,1024,0/0
/spttest/lpqd5hv5py54,27aa24d3d218ca18,1024,0/0
/spttest/h0i5taqlkyk1,1f13feaa0b8ea8f1,1024,0/0
/spttest/p12t5cmb8zjy,2db85bd6e1ab68fe,1024,0/0
/spttest/i51flb4xiwu1,21228504bcf9b7b9,1024,0/0
/spttest/jcnwczk406i9,23592a2f39e1a4f1,1024,0/0
/spttest/omp04t2qv5mu,2cfd8702f5e7a046,1024,0/0
/spttest/7bk6wyvhskr6,d5f77a11a700512,1024,0/0
/spttest/3ldkxbu63we0,6908498af8fb4b8,1024,0/0
/spttest/rgyi1d5yykzf,322ddc73763144bb,1024,0/0
/spttest/txuzbjlela7k,36b0a32bba4b58f0,1024,0/0
/spttest/p5wygxm5c7js,2df731916c09fe38,1024,0/0
/spttest/g6i1fr3a32f7,1d8e45bbd827d503,1024,0/0
/spttest/de9zf27ce7y3,18786fef194307bb,1024,0/0
/spttest/32yoe2smfusb,5a15557bc8eaf9b,1024,0/0
/spttest/14jl9od3afiu,20ea3d643696416,1024,0/0
/spttest/67ekr8psca7b,b55dea9da559ea7,1024,0/0
/spttest/uy4wu92h0qck,3887d5bb42fc8e64,1024,0/0
/spttest/pwuku8vczbjl,2f550bca86968d31,1024,0/0
/spttest/tr23vuvkpoaa,365848a98d155732,1024,0/0
/spttest/c0x1873snn82,15f74a359cbecd52,1024,0/0
/spttest/keoalgmgyuqn,2546e67714f3381f,1024,0/0
/spttest/8txz02jrztfx,1021dc57cb1cc6cd,1024,0/0
/spttest/uadp6pyiyjqs,3753433f1f9ac274,1024,0/0
/spttest/dss5kfw8yr9h,1934d7ef4afe3685,1024,0/0
/spttest/bm97rzolixs0,1538d89534620080,1024,0/0
/spttest/e7xgrh1xsm48,19f9995a0ac193f8,1024,0/0
/spttest/x8r65wck2oca,3cb8fcce8c8d6bba,1024,0/0
/spttest/6kiu69cfc616,c0044a2e69bd88a,1024,0/0
/spttest/g737zniro76p,1d95ea47a9d4ed61,1024,0/0
/spttest/1vl0lp39z9p6,36ddd7afad780da,1024,0/0
/spttest/otq78uea3s0r,2d58e26cd40cd29b,1024,0/0
/spttest/nm3ri5u3ked1,2b223fe55b3d70b5,1024,0/0
/spttest/dd4kow9avn3v,18697f0cdaf294bb,1024,0/0
/spttest/pmqadr2tm4pz,2ed19aeadc6e3667,1024,0/0
/spttest/8a65aedg4ps4,f210648fd561f84,1024,0/0
/spttest/kaaur8iogtjk,250e18029761d990,1024,0/0
/spttest/55hdfe1qzzj6,969493510083ca2,1024,0/0
/spttest/od1ob6fm7jfg,2c8034e5655bf01c,1024,0/0
/spttest/67lu221od141,b587d1aa1c7a2e1,1024,0/0
/spttest/mbqwuf0x1x98,28c81b0066848f9c,1024,0/0
/spttest/wk0b4zu3r0tu,3b778d77a22287f2,1024,0/0
/spttest/jzv9rpa2nvqk,2486941225fcfa6c,1024,0/0
/spttest/riek0jwpreq2,3240a4ac5c02ec4a,1024,0/0
/spttest/1vdqswt5ehjf,36b3dc24fde094b,1024,0/0
/spttest/t2z0h2ytr3ub,351f6ca54910b133,1024,0/0
/spttest/4yi66scjlmpn,90ea6346c7f493b,1024,0/0
/spttest/uhnfyafoo0e8,37b1b4087c1dec00,1024,0/0
/spttest/iym6z08v9ze2,22a2b314b9977a6a,1024,0/0
/spttest/wwu80owdybp,1ab818b50cd6f05,1024,0/0
/spttest/xb5eo60669ld,3cd81a4dd1209c11,1024,0/0
/spttest/cnxrn4e4t7ns,17224ee368d34808,1024,0/0
/spttest/javaywylnr7e,2341dbbb8761667a,1024,0/0
/spttest/xxbba0isjj0p,3df7ff749a108b09,1024,0/0
/spttest/eohai5sbss97,1ad094c40b62290b,1024,0/0
/spttest/ck0t3kyz9gt1,16ef72b480368855,1024,0/0
/spttest/35sj6a1jk4ll,5c61584ca0f0b49,1024,0/0
/spttest/q90153nlwfpl,2ff2e28a0ffb7889,1024,0/0
/spttest/h5kwcde1aoa3,1f55edc11235026b,1024,0/0
/spttest/maqxk3adc1i3,28bb1f931d23579b,1024,0/0
/spttest/tbpiy7mpj1d0,3590e7adc39c4ea4,1024,0/0
/spttest/xlgyfape5vq8,3d5e299b017361e0,1024,0/0
/spttest/9xc2hx9gpipu,1221877b08014f02,1024,0/0
/spttest/mlnzz15dzqeg,2948f27d897ca168,1024,0/0
/spttest/552rd7tiq64l,9640373229a3785,1024,0/0
/spttest/clpfxw2uyeur,170553683379e5b3,1024,0/0
/spttest/kp5kkm1p3p07,25cf06e3d03e5e57,1024,0/0
/spttest/i52nznksbxaq,2122f6ef7a671952,1024,0/0
/spttest/qbpn670dijab,30161ac8b4544f23,1024,0/0
/spttest/3t807qpe35gl,6f66bab73ae7065,1024,0/0
/spttest/4kfk7gj7b6m1,857db7985aa4939,1024,0/0
/spttest/9cea25c88yz3,11118d3a480ceb0f,1024,0/0
/spttest/o6um4h5cxiol,2c2fb92b32a7acd5,1024,0/0
/spttest/hqkvxc1ohw1e,2066b312e3387872,1024,0/0
/spttest/hfedzy2npw4h,1fd5790ad5cd0de1,1024,0/0
/spttest/mquf4uezpydo,298c35e2720c554c,1024,0/0
/spttest/tmbphdjusfn3,361acd1ba58a582f,1024,0/0
/spttest/x3ma1nav22vf,3c7646a46141120b,1024,0/0
/spttest/c87l5d7fwtmf,165605cd8bae58f7,1024,0/0
/spttest/ihisqg1l71hc,21c4a814a6715c40,1024,0/0
/spttest/kl3r7twc5njf,259a6a2d0ddba26b,1024,0/0
/spttest/8niggmvzaohz,fce53b5aa99d987,1024,0/0
/spttest/9f4fmhxos74a,1134f7983fc2df0a,1024,0/0
/spttest/yhc1jtzqiqsu,3efc0c001170ae2e,1024,0/0
/spttest/8ejs2qtwtgh8,f59e6911499ccac,1024,0/0
/spttest/5swd8g9fo4v,4b5fa48f3dd0ef,1024,0/0
/spttest/5wsz89u0111l,acc2f2131dc8389,1024,0/0
/spttest/2ml950tsevh0,4cca950d6d106d4,1024,0/0
/spttest/l5wka1mqxwd7,26a8982fde8e241b,1024,0/0
/spttest/x0komqx1w352,3c4ebb8f6ec8bce6,1024,0/0
/spttest/kxxqy7ow2lb3,26411b9e5dc1485f,1024,0/0
/spttest/c9kyzscw38sm,1667d75ec1c09f46,1024,0/0
/spttest/76py14wv3c1l,d2098c29591deb9,1024,0/0
/spttest/ayoslizegee,8e68b460e62586,1024,0/0
/spttest/soh1e0ehgfig,346316c51b80db88,1024,0/0
/spttest/hxx4v3ojmzxf,20c60b390695a263,1024,0/0
/spttest/vi3we4utc8s2,398b4159629eec72,1024,0/0
/spttest/v466n42gdgci,38d63aca062aec02,1024,0/0
/spttest/u874sqyg0tf4,3736ea364edb0cf0,1024,0/0
/spttest/o8virp9gzb7e,2c4a07714faa477a,1024,0/0
/spttest/f4oz0wtfmxar,1ba32e5dcd3a5513,1024,0/0
/spttest/pcla1ccqgesf,2e4de79fdf36b8df,1024,0/0
/spttest/3qqdy7vg1k0m,6d615c52967f796,1024,0/0
/spttest/cv1ff7on27xd,177e8dce29f09ba1,1024,0/0
/spttest/1rxl1iu1dzzu,33e7150e779307a,1024,0/0
/spttest/lxc2rz5t1a97,280ce71abdff4b2b,1024,0/0
/spttest/xhnyed4wjuxx,3d2cbb16fdb62365,1024,0/0
/spttest/g4y1wdbllrrl,1d7a124bea9390d1,1024,0/0
/spttest/1r08yu494ah8,3326a2ee234a70c,1024,0/0
/spttest/b71m57xq13g6,147343a65904f5b6,1024,0/0
/spttest/mpm205fymlkx,297c33fdfdec64c1,1024,0/0
/spttest/wag91eqvgum7,3afb69679e5545ff,1024,0/0
/spttest/svnyez96qrxi,34c08284333149e6,1024,0/0
/spttest/ctozuzdcuhof,176d1433766144ff,1024,0/0
/spttest/hlt047hmopqb,2028ae7d34e0c243,1024,0/0
/spttest/xe6p9ptjxl1g,3cff89a2dd4d3fc4,1024,0/0
/spttest/whk76xaw2mws,3b57c2efb5bdf87c,1024,0/0
/spttest/6yiv04brycom,cb6205bd874bbb6,1024,0/0
/spttest/velhpwf0pfvj,395da54d699cf89f,1024,0/0
/spttest/gkhflxi56m0b,1e43e75230b3b1eb,1024,0/0
/spttest/5eupcf3yw1c1,9e2ffe1f89c0cc1,1024,0/0
/spttest/piwf15henk63,2e9fdc07e70507db,1024,0/0
/spttest/c63x945f5x7n,163ab8df80835a63,1024,0/0
/spttest/3l8ypiulnb27,68eda1eb23f64bf,1024,0/0
/spttest/97g3hj3hgtn5,10d142d0fa330711,1024,0/0
/spttest/e4uuq7ybrjt5,19d1b04efa194009,1024,0/0
/spttest/98pumroul4j9,10e1c5096ab17835,1024,0/0
/spttest/9fdjyejumv27,113842054659b0bf,1024,0/0
/spttest/3qq4ey5zxjih,6d5fd4e0231b809,1024,0/0
/spttest/fmm29es8mayu,1c8bf02f98c3f906,1024,0/0
/spttest/pvsxcz4qim9g,2f4775ec151d5b34,1024,0/0
/spttest/zt0bn9ggu18k,41674dce826401c4,1024,0/0
/spttest/rdt6dlnifzgd,3204f8ec19dcff3d,1024,0/0
/spttest/lwnj2ikldx25,28040bb3bcb38d9d,1024,0/0
/spttest/2pl99cd0oo0b,4f3a164d5fde38b,1024,0/0
/spttest/8cxogwkkgmnk,f44eff466633ab0,1024,0/0
/spttest/a8r9q1u50cny,12b5e55e34062d1e,1024,0/0
/spttest/56x0hk3nugg8,97beb27bc2691c8,1024,0/0
/spttest/4wefowqsxine,8f3529a1d1920aa,1024,0/0
/spttest/h3wcug0vmpbn,1f4015a1ce2328b3,1024,0/0
/spttest/pbx906xlgccd,2e453c238e6c5b7d,1024,0/0
/spttest/ftgcouk7l9h7,1ce4cd881fed3a3b,1024,0/0
/spttest/r9w59etx2cbi,31d21622bd2c1fde,1024,0/0
/spttest/8yoe21gc3fg6,105f59924169ccf6,1024,0/0
/spttest/1uj9espb3z9v,3603e1665590453,1024,0/0
/spttest/k1dq0pfa507v,249a39a6783a065b,1024,0/0
/spttest/biejx4xl5g53,1506d08da45ab9f7,1024,0/0
/spttest/7ko4b690cl70,dd5c9ba57e3da4c,1024,0/0
/spttest/nfvw7a7sj2oc,2ad1797694cc0c4c,1024,0/0
/spttest/1cy7007mjuya,27bd2cde00b7572,1024,0/0
/spttest/dabo0vzvkknu,18451668e9f4809a,1024,0/0
/spttest/xlv0e6sg8sh7,3d633bd03d18222b,1024,0/0
/spttest/3r9uhh8yubb7,6dd1b312a1666c3,1024,0/0
/spttest/qx6u8pzv07q9,312d159379dfa221,1024,0/0
/spttest/p1bype6h9vss,2dbba96937ffb23c,1024,0/0
/spttest/52xt1qchr5lr,9483f6876ad961f,1024,0/0
/spttest/ggx4k7fl82rg,1e159bd6e96e00fc,1024,0/0
/spttest/6qklfqaghdg8,c4ed67f02633658,1024,0/0
/spttest/m1kcaa68bvtq,2843d7795d0675de,1024,0/0
/spttest/3oh4t1h6sjf9,6b8c47b3f874b55,1024,0/0
/spttest/b1lgs4075bqv,142c7db605d671b7,1024,0/0
/spttest/wydbnem5nzwl,3c3219292d04f285,1024,0/0
/spttest/rfobbvazsnxk,321d324ccd2a8328,1024,0/0
/spttest/s2wdk62paxmj,334adbdfb18229bb,1024,0/0
/spttest/tgp91b8bdjzx,35d1c0868819a17d,1024,0/0
/spttest/mgndl3c69asr,2907c6c4186184eb,1024,0/0
/spttest/x5f52el51hh4,3c8dadcd8f5107b8,1024,0/0
/spttest/c5v9zybz1t7f,16379a42d7df391b,1024,0/0
/spttest/30kydnchfnz5,582674d16a43821,1024,0/0
/spttest/6gltvo74q4o2,bcd63f5a557da22,1024,0/0
/spttest/p9y3bolz1ioo,2e2b8f6aff02cbd8,1024,0/0
/spttest/8fgtw7v5ky24,f65d36296d75a6c,1024,0/0
/spttest/j3qx3ll2s5yr,22e559e01436d333,1024,0/0
/spttest/7y6zcxko9yfh,e85745bc32a0e8d,1024,0/0
/spttest/kpjch5quu7xu,25d3ff45de9099b2,1024,0/0
/spttest/fa7xox3g8viw,1beaf839e6a45d98,1024,0/0
/spttest/dam5vclqe1wr,1848dfe1b16f4f2b,1024,0/0
/spttest/pcdhq6jeuz2q,2e4b1868ca28e712,1024,0/0
/spttest/cashbdi1j7uk,16778a36ec28677c,1024,0/0
/spttest/elo35qv0f2uu,1aac10ba5e767836,1024,0/0
/spttest/ph7xmemtvb96,2e8a09445b80ffba,1024,0/0
/spttest/ob0fagzb0lfs,2c65c6df365d4388,1024,0/0
/spttest/jw1cgl0zhldt,2454d0288b0dd981,1024,0/0
/spttest/ia1cjd8s1yl4,21636f776826b158,1024,0/0
/spttest/gqoswskb1yhk,1e947f918bf9dfd8,1024,0/0
/spttest/t2ww37mw1ncz,351ea8a84f539483,1024,0/0
/spttest/uc1fz43wf10s,3768d1b4f7a0beec,1024,0/0
/spttest/lbsfisy9t8v1,26f50a0cbbba831d,1024,0/0
/spttest/9geozq68qdp2,1145a8919b9a07d6,1024,0/0
/spttest/siycsyqbadm4,341b66c77279166c,1024,0/0
/spttest/jiply6h18lzk,23a7b7bf841c8650,1024,0/0
/spttest/ooubgjb8bo1n,2d196c6d010f927b,1024,0/0
/spttest/afpujqfp5znc,13104edc210cf8b8,1024,0/0
/spttest/c7adv2jdvh65,164a0af4e26aa1ad,1024,0/0
/spttest/19ps5sxe7v4,107eb8fdf92050,1024,0/0
/spttest/vx2yx7sqfi2f,3a4dc252cc290337,1024,0/0
/spttest/q18n1jl1vvih,2f8e13a007733649,1024,0/0
/spttest/fo2j0q01wpb3,1c9ede5568f3891f,1024,0/0
/spttest/50xf0o0sfgwl,92e20e5d2751f55,1024,0/0
/spttest/62246fbbhbgt,b106d6cbb1ebb4d,1024,0/0
/spttest/quccopb21nt2,31081af85f740cc6,1024,0/0
/spttest/qa3nxmuc7ehz,30012f61b1cca927,1024,0/0
/spttest/h4e2ia9fj59l,1f4679bc640ef469,1024,0/0
/spttest/9drepik24i35,1123473339d8a691,1024,0/0
/spttest/e5dfshpvhakr,19d864faefb2e2cb,1024,0/0
/spttest/wfa45cy7bdff,3b3a24ee7aed47bb,1024,0/0
/spttest/u3d1zfqj3fgp,36f81aead2f7bc09,1024,0/0
/spttest/bxbaogd3utsz,15c87a96b0ea2963,1024,0/0
/spttest/trfdrruf3jvh,365d12d0f3929e5d,1024,0/0
/spttest/pfzfd34f9lg6,2e79fa374b6343d6,1024,0/0
/spttest/gn42d61et1kj,1e660c53085bbf33,1024,0/0
/spttest/d4blmhzt5wia,17f720b65c3a6cd2,1024,0/0
/spttest/ntz9m7khnrrt,2b888a94c8f15d59,1024,0/0
/spttest/adr9yv5ee3gd,12f6d847a3827afd,1024,0/0
/spttest/28i96w9e05vo,415bac015bf2fc4,1024,0/0
/spttest/wwf8dd0s2uta,3c18cef87bf0b47e,1024,0/0
/spttest/oy7zf2rr4ur1,2d9341ff92899bad,1024,0/0
/spttest/sph4i14etsdw,34701c02b33e22f4,1024,0/0
/spttest/hz5ed126u5y8,20d603cb919ed7a0,1024,0/0
/spttest/5c0rou8f1wok,9be3856b76bcab4,1024,0/0
/spttest/ti82fda1h5vl,35e587d1f9ebd101,1024,0/0
/spttest/upzo7l4jlrqd,381e07b1dd3512a5,1024,0/0
/spttest/rm4r25rszcpg,32711017c338e314,1024,0/0
/spttest/od08kvhqsz5j,2c7fb02a954bcef7,1024,0/0
/spttest/u67ax0b3g9x,187eaa660eaf025,1024,0/0
/spttest/12j8h1z1b9tm,1f4887e80db637a,1024,0/0
/spttest/bkh2r69hvb70,1521b420ce0adf6c,1024,0/0
/spttest/wkk9g5jv340d,3b7ec07ef38f320d,1024,0/0
/spttest/18g3rvxx58mr,24156df78974ff3,1024,0/0
/spttest/xchqwegbhd5q,3ce98b5b1e0967de,1024,0/0
/spttest/apqb1rv156y0,13925dc3f45f1f68,1024,0/0
/spttest/ptwxf4v0jjww,2f2eed091cbac790,1024,0/0
/spttest/oosh9i25xugq,2d18c29527cde57a,1024,0/0
/spttest/vm1ic880tngx,39be59952e23bc11,1024,0/0
/spttest/1z3u2n97m16r,39b9f7ea393ca83,1024,0/0
/spttest/m9zjgqwo4aab,28b13d7909d94513,1024,0/0
/spttest/sauc5kjyvnb,16f9cb5f000e7b7,1024,0/0
/spttest/bm5xrfbhxp1a,1537a9c7aa4869fe,1024,0/0
/spttest/7pdzcq8b5ht5,e13139c6ccc9469,1024,0/0
/spttest/34mdy19slsaf,5b6e0a2d4f57277,1024,0/0
/spttest/e4384y6gjhp4,19c7b8671354e858,1024,0/0
/spttest/8azigpyyg1qu,f2b9ec51aa726d6,1024,0/0
/spttest/8c1xdss6q05q,f397b0aab0a394e,1024,0/0
/spttest/tbneyf1yohop,359024b19f83e589,1024,0/0
/spttest/k1rrprzg1m28,249f4b28875191f0,1024,0/0
/spttest/cz4dvkttvh0j,17b393f8c66638e3,1024,0/0
/spttest/gcw7zm0u5324,1de1533d59d99cbc,1024,0/0
/spttest/i3uo504v8adv,2113171d2fe23593,1024,0/0
/spttest/c4n09wnd7mvc,1627a11c27659888,1024,0/0
/spttest/p3bim43djpwt,2dd57aa35ccee2ed,1024,0/0
/spttest/47x3uobaxoys,7b553cd488952a4,1024,0/0
/spttest/g917qyt2m1y6,1daf2b701435295e,1024,0/0
/spttest/gn2g1p0mur2g,1e6576b0ef988a88,1024,0/0
/spttest/7ripmlqlc0e4,e2ec302fdee39fc,1024,0/0
/spttest/ujtb998suwg3,37cdccb571cf8bc3,1024,0/0
/spttest/sxf5t1yomz6k,34d750ade95e8b9c,1024,0/0
/spttest/3rlct3p32u5h,6e1424159435c25,1024,0/0
/spttest/f8890b5f0wps,1bd11abf8764f8a0,1024,0/0
/spttest/q9ygr4y21vj0,2fff4f1dea135fdc,1024,0/0
/spttest/4la16q4qmdsi,862da1689aaf952,1024,0/0
/spttest/go3nscaer0fp,1e72e42cfe8b30f5,1024,0/0
/spttest/ke0oqd0u1318,253e61e5c63ff39c,1024,0/0
/spttest/ygw3j7qvhcm9,3ef64b322756b121,1024,0/0
/spttest/x0r9mq0gpyz5,3c511ba64082ad51,1024,0/0
/spttest/ob4iew2f03zn,2c67405b71914b33,1024,0/0
/spttest/byu0galti3e5,15dc389a411632ad,1024,0/0
/spttest/p83sbpmy19c6,2e13a2e4712faf86,1024,0/0
/spttest/dyv4amo1fhus,1983d950937de924,1024,0/0
/spttest/5rrw0bhl1vu1,a8ad836a9722069,1024,0/0
/spttest/trlx42rlv4tl,365f6ea707bbcb29,1024,0/0
/spttest/tykvtorosa8e,36b9fbc66df046ce,1024,0/0
/spttest/bixvu8413px5,150dca21bcedd6f9,1024,0/0
/spttest/ttxuk6mz6j1j,367db70915f920e7,1024,0/0
/spttest/yxsm0jc574oz,3fd1da818c091883,1024,0/0
/spttest/f3383lz36ofy,1b8e584af221203e,1024,0/0
/spttest/h0oz9wqpk8a,dd117516435caa,1024,0/0
/spttest/o9y9dymqi9o9,2c5801bb963bd379,1024,0/0
/spttest/bc9yflx3ui4v,14b73868c169ce4f,1024,0/0
/spttest/w8b9t2dqgxu3,3adfa3056e811d4b,1024,0/0
/spttest/1gk8kmdt55wh,2aabeb5f9a59e21,1024,0/0
/spttest/mevhd0in9p5b,28f0b8e2c78a268f,1024,0/0
/spttest/x2q8kaimw2rv,3c6ab70e3e0dd40b,1024,0/0
/spttest/43d06l18ps7h,77a1dfee95fd70d,1024,0/0
/spttest/rtrw3ch0axp9,32d45645e1582d1d,1024,0/0
/spttest/evmyc2st3ug5,1b2d8c8ca5e709e5,1024,0/0
/spttest/i5mr9lycustk,212a36b50912d168,1024,0/0
/spttest/pqko6vq37om3,2f03892a8a27735b,1024,0/0
/spttest/82oqock1io19,ebfd1bc3e207b2d,1024,0/0
/spttest/aoo3mwm7qv9x,138494c0882f1fd5,1024,0/0
/spttest/rt67d02oqfvl,32cc83155c2772e1,1024,0/0
/spttest/b4qq8ddjdi4e,14555b92c9b2b3fe,1024,0/0
/spttest/3putdg9jfajq,6cab18f1180da26,1024,0/0
/spttest/249566vmqh5g,3de7c1888f96b54,1024,0/0
/spttest/rds2lldi873i,320492dc4a970bee,1024,0/0
/spttest/81c06dc0d9qf,eae3c1163f27287,1024,0/0
/spttest/1kzqdpzp6i30,2e44af429a1960c,1024,0/0
/spttest/jl56jgwet7xo,23c7509e4589db6c,1024,0/0
/spttest/qsn1k9ss1peg,30f1fbf7ce8a52d8,1024,0/0
/spttest/8lfs2oahui69,fb361e2c601d081,1024,0/0
/spttest/7ai4ule4x7a2,d51bc55d596ef1a,1024,0/0
/spttest/3mvuut6k2n45,6a419f5bb6c9d85,1024,0/0
/spttest/2siqvfa3d013,519b1405ede3c67,1024,0/0
/spttest/22rsvejwourd,3cb3d0551a49db9,1024,0/0
/spttest/mc2lhuxgms3p,28cc524d429c8bc5,1024,0/0
/spttest/t83isi1tq9lq,3561ff667610b41e,1024,0/0
/spttest/vmjri31gtyo,19acdc51fb068b0,1024,0/0
/spttest/ncvydsrj0mzd,2aaa8749f7e3b359,1024,0/0
/spttest/2ty310fzqvc2,52c3738305d0022,1024,0/0
/spttest/yqq5m61t1f1b,3f760ae55223c35f,1024,0/0
/spttest/fii2m0g5l1zg,1c568a958d3ce24c,1024,0/0
/spttest/g8h258k8b54z,1da7e5b2039f86c3,1024,0/0
/spttest/bu46ut0d10aj,159ef26e26b434bb,1024,0/0
/spttest/imoafjprgblm,2207959ce8d78dba,1024,0/0
/spttest/tl522a3d0yc9,360b698d8716e6d9,1024,0/0
/spttest/35nymgl17jun,5c46f514bc6f53f,1024,0/0
/spttest/vw3yyrpwops3,3a41218bafd8ec83,1024,0/0
/spttest/9fp4r848tycu,113c6f70ec6e2b2e,1024,0/0
/spttest/w5bt0uqh7co8,3ab8dc8e540a74e8,1024,0/0
/spttest/fikqynw8ipn4,1c5781cd1a27ca50,1024,0/0
/spttest/v6njyd10esuu,38f679b83c0c7d96,1024,0/0
/spttest/88z65t81hxf4,f1184b083e99470,1024,0/0
/spttest/794e7d7ys0s8,d3fc9ecf2eb60f8,1024,0/0
/spttest/4zprux00x3cw,91e61a3f2531f40,1024,0/0
/spttest/baaexrycnw3s,149d683e3df14648,1024,0/0
/spttest/lbzunv8i6lgq,26f7b7799f3bd42a,1024,0/0
/spttest/at6kf7wqhu2y,13bf337a5676bc8a,1024,0/0
/spttest/5sgix3tq4u29,a93bbd5dcd7cf31,1024,0/0
/spttest/qrvmfpg3wcic,30e817369ade7a54,1024,0/0
/spttest/4r3cf8y2stxh,8ae5fe1bbf7d085,1024,0/0
/spttest/nm0n1ygopx6,132b2a63574413a,1024,0/0
/spttest/dk7m6l8j1a8z,18c584c766b0cd23,1024,0/0
/spttest/5v34vw1v8gnj,ab5decf9026e94f,1024,0/0
/spttest/wkrkr299l98o,3b8164131f746f08,1024,0/0
/spttest/ls71eazhyl0r,27ca23707dcbdbeb,1024,0/0
/spttest/n7fujnf75i46,2a63c5446f5a1df6,1024,0/0
/spttest/ydk267hbw8dx,3ecafb839386b175,1024,0/0
/spttest/9yj66x5sef8q,123114cb4145a4aa,1024,0/0
/spttest/dprile4s03kh,190da53823145e11,1024,0/0
/spttest/r00bcse7jg9b,3151b2ad3f11f80f,1024,0/0
/spttest/nut82z321p71,2b9359b1149c13cd,1024,0/0
/spttest/fs4qpjslpx1z,1cd39fd3b8a30897,1024,0/0
/spttest/ttdqsg4ip13d,367675ff1807b3c9,1024,0/0
/spttest/vdqum78sglol,395296fa79d77dc5,1024,0/0
/spttest/n8gkrsf5rtx4,2a7105d0848e1138,1024,0/0
/spttest/96a7hly4w7vs,10c2259e7144cbe8,1024,0/0
/spttest/lrsy6t7hu31i,27c50e0d755fe7e6,1024,0/0
/spttest/epsg8mgmefpu,1ae198c9c755bd12,1024,0/0
/spttest/xmj1ucgwyq7c,3d6be85e5e845928,1024,0/0
/spttest/y3ylgmk3dg99,3e4e55983387a68d,1024,0/0
/spttest/d5nax2hgfoyo,180856eaea648020,1024,0/0
/spttest/pazqv5fh7srl,2e39257184d3ea61,1024,0/0
/spttest/io2v3wlu05a5,2219d513a8542cbd,1024,0/0
/spttest/ug1bx0rc7801,379cbc524e9d3c41,1024,0/0
/spttest/8ar8tylh9rns,f28a31c196b7948,1024,0/0
/spttest/xrficgf0wtq8,3dab9385c720fa80,1024,0/0
/spttest/d89wxp1s91cq,182a7a063ce17f1a,1024,0/0
/spttest/gu5e8d8ss30v,1ec173efe07e8a4f,1024,0/0
/spttest/mvsjradpzxld,29cc7b4b608f01d1,1024,0/0
/spttest/4v9qk9msol38,8e4a365980bc4c4,1024,0/0
/spttest/i5vwmzmwliif,212d83cdcc1238f7,1024,0/0
/spttest/p9z1edk1jpzu,2e2be6d8b814cb5a,1024,0/0
/spttest/cr39qcrtwdfy,174b42ea0c39d50e,1024,0/0
/spttest/borg4j6e86j0,1559672510cfa90c,1024,0/0
/spttest/9ouwnlk6yo22,11b36c2d2783544a,1024,0/0
/spttest/naz0ocm2mj32,2a91a7c387a4241e,1024,0/0
/spttest/1o0nx89qa57u,30b98c9024716ea,1024,0/0
/spttest/33eka5dxix9d,5a710b1069b5de1,1024,0/0
/spttest/o2v8uh6fphkq,2bfbfe713471fc3a,1024,0/0
/spttest/3e7lc06iadx9,6336ea2c7d08efd,1024,0/0
/spttest/649nnkjivajp,b2d207cde1dc525,1024,0/0
/spttest/7po6ybjbva8d,e16c2caf79a8c8d,1024,0/0
/spttest/zw0a6ire5zev,418e41d160a8fc87,1024,0/0
/spttest/y78l04f5wirm,3e78e7def3082802,1024,0/0
/spttest/jlftvll146zi,23cb282da1eb215e,1024,0/0
/spttest/gnssdat0gzav,1e6ef7e1cacc8ab7,1024,0/0
/spttest/v3wfrqynm97b,38d2b68779fe7717,1024,0/0
/spttest/k95a28ohp09x,24ff17d0a4c7dea5,1024,0/0
/spttest/qgfrxt3ywaio,30537d9dd0105b40,1024,0/0
/spttest/d438erk84jxs,17f41bdc272745f0,1024,0/0
/spttest/eqcwrbl5coe,bf5c4af045c06e,1024,0/0
/spttest/n2gcio1m1n8e,2a2301190685a5de,1024,0/0
/spttest/a9g20esprd6y,12bed6c940c3048a,1024,0/0
/spttest/tjrane0mlddc,35f9752be573acf0,1024,0/0
/spttest/qy169qyiqrov,3138077c66ec08af,1024,0/0
/spttest/kh0z7m3e6ml1,2565748e1fad91d5,1024,0/0
/spttest/fi6yy1pvwo3y,1c528920cee9550e,1024,0/0
/spttest/5pblmqdzlwxo,a6afd2e999d10fc,1024,0/0
/spttest/a2dmjcowxc71,1263098ccc48bbfd,1024,0/0
/spttest/omclqyuf0xt,13fce9a34dc3881,1024,0/0
/spttest/nihpzlbi0by,1316d00f5f2a12e,1024,0/0
/spttest/855nuli04cip,edfe741c3757061,1024,0/0
/spttest/5imggwyqgem6,a13fb312a7dcffe,1024,0/0
/spttest/bt54oyzzwgnp,15924bfe943aab55,1024,0/0
/spttest/tcs133bci3qc,359ecc3433ee6b64,1024,0/0
/spttest/wnwp3ol6kvmd,3baa34d945255715,1024,0/0
/spttest/r7kp0zm2nnls,31b3f9eb31066140,1024,0/0
/spttest/y7599qgsoz4s,3e77b4a96eae83dc,1024,0/0
/spttest/gyoy38d5darn,1efc76e9041930c3,1024,0/0
/spttest/11wiw2nwvx9i,1ec56c0bbd7b626,1024,0/0
/spttest/2hags5q8p5sw,487d29745a5e9a0,1024,0/0
/spttest/qlsgz2pv44l1,3099048dcde85335,1024,0/0
/spttest/628kex751417,b12c14ad557fbab,1024,0/0
/spttest/ldbqsw4jdamp,2708ff3ee6c1fa11,1024,0/0
/spttest/rlk8f1rr4owv,3269a8e58cb36e1f,1024,0/0
/spttest/3q68p8y1213h,6ced0efe3919b0d,1024,0/0
/spttest/c4gmqztfbc96,162554328ad4c5ca,1024,0/0
/spttest/x75ghq6qz2s2,3ca429f31df10ad2,1024,0/0
/spttest/plahv1mm9go8,2ebeeaf639767aa8,1024,0/0
/spttest/tmzl79rtesin,36236af664ed60df,1024,0/0
/spttest/e75fyzfrh6ks,19ef7d02ace6828c,1024,0/0
/spttest/inpfsfsg602e,2214fcfc4f4c35d6,1024,0/0
/spttest/iwq5fudktzhl,228a261be0c6e0e9,1024,0/0
/spttest/rvs16kull27,16a2d4603a5abdf,1024,0/0
/spttest/rycmmy8adwc1,330fc6c5ba7eeef1,1024,0/0
/spttest/7wdxlie6b376,e6dfbe70ab602f2,1024,0/0
/spttest/4ld2m9kodqf6,863f2ddb9fcbf02,1024,0/0
/spttest/n579p043arcc,2a46b24ed4c85bec,1024,0/0
/spttest/df73ilu557hy,1884629a0fdee236,1024,0/0
/spttest/dh1yi0e3jgsk,189c8267158636c4,1024,0/0
/spttest/aqk1o14iz5ow,139d18bdbf16f990,1024,0/0
/spttest/ojnf7wxp56aj,2cd5fd368ea44c1b,1024,0/0
/spttest/kt8f5jb3wsvb,2604031e3d4db927,1024,0/0
/spttest/7zhyho3sh38f,e9667700b4b729f,1024,0/0
/spttest/2lv5ycf6v4m4,4c33f9173a9cb1c,1024,0/0
/spttest/e7vt2w9fod3m,19f9003800490b52,1024,0/0
/spttest/c3fv3yry3xb8,16181005f0df5964,1024,0/0
/spttest/wb5pa7fyv53d,3b04984a55321989,1024,0/0
/spttest/cez21ertn9vs,16adde9f47e63ac8,1024,0/0
/spttest/opvjsjfugoct,2d26db6ebc58894d,1024,0/0
/spttest/7qjz8vcwt9wi,e223acd628c9762,1024,0/0
/spttest/pydiqmt69hg9,2f68dea7c7e8fa99,1024,0/0
/spttest/wpeo1u9621i0,3bbdae0964ed1e18,1024,0/0
/spttest/rcopgdmsewek,31f65ec5acf31f8c,1024,0/0
/spttest/g0fc894h91q,cffb774f15100e,1024,0/0
/spttest/awxq955kfwiu,13eff826f95aaa66,1024,0/0
/spttest/9ptjvmwj79h9,11bfec48524cbebd,1024,0/0
/spttest/ivmbqwgcpu2w,227bc78fdfb7b088,1024,0/0
/spttest/b7s6d6gltkq1,147cd91b67432329,1024,0/0
/spttest/2d2mpp8vz5gm,45109d66b937566,1024,0/0
/spttest/m8zjatmas0sf,28a43fcb3770a4ff,1024,0/0
/spttest/reoav84u1r3w,321033db67d8ed7c,1024,0/0
/spttest/i8iqm5jzje8s,214fbb5529ffcddc,1024,0/0
/spttest/5vnfkqrf7iuf,abd319ad4d4b627,1024,0/0
/spttest/cdyry5i8sbfe,16a0c779b77388da,1024,0/0
/spttest/h2v0ogs6kvgr,1f329ccaa215924b,1024,0/0
/spttest/hht50lpxtmws,1ff4c608bfd22e3c,1024,0/0
/spttest/9czrgtql96h,79977d55b2cfb9,1024,0/0
/spttest/qq3joy12ayg5,30d0f89b5b6ad2e5,1024,0/0
/spttest/d57x1wd8qqod,1802c9d13867a58d,1024,0/0
/spttest/ac3age8yyogd,12e1336f49e2124d,1024,0/0
/spttest/pkipwkfcsp94,2eb4e549296dd6d8,1024,0/0
/spttest/rrbklagd7z9z,32b4785b6bbefb57,1024,0/0
/spttest/sjgdg5iv42i,172b832349eec5a,1024,0/0
/spttest/u0w4hoejue9t,36d8049348214ec1,1024,0/0
/spttest/6mfc4d091a6h,c18fbb9c41c62c9,1024,0/0
/spttest/e7hq4xcyyb6x,19f3eb82bec78f29,1024,0/0
/spttest/8ynatwwsa0cq,105ef4ed321e7c4a,1024,0/0
/spttest/950i99sdw28e,10b1a84f23f7c04e,1024,0/0
/spttest/emftci0r2j04,1ab611dcc2e8e7b4,1024,0/0
/spttest/rhioxkbzgbfs,3235258166352ce8,1024,0/0
/spttest/scq56xtzvt9o,33ca80c3349fccec,1024,0/0
/spttest/oj8xjp9t2uv9,2cd0c2b6b43159c5,1024,0/0
/spttest/kldjreqgjv0q,259df2ba41377bca,1024,0/0
/spttest/gatqyn9f6lhc,1dc6744d73f1d540,1024,0/0
/spttest/ooohzeg65amq,2d1752f4a14e6b12,1024,0/0
/spttest/s0j4wscvb969,332c1a6168bff231,1024,0/0
/spttest/5g250jbjwf1h,9f2abec399e4325,1024,0/0
/spttest/ptoz9xylt6qm,2f2c0ed9e87d145e,1024,0/0
/spttest/5222qgaysgin,93ccc7a70338c9f,1024,0/0
/spttest/grp2g3vqs6v6,1ea1954b3d3f77c2,1024,0/0
/spttest/snucl2sqotu2,345ae7071403570a,1024,0/0
/spttest/gyy8r12ayq21,1effd1940c6e1a69,1024,0/0
/spttest/b5wf917tqwj1,146466dcf723302d,1024,0/0
/spttest/qgdh3qvdgul6,3052a9145cba67da,1024,0/0
/spttest/ynegypkeswe9,3f4adbd2ffb54101,1024,0/0
/spttest/b3pngo1fv1vy,1447fad7a449ae4e,1024,0/0
/spttest/djajer9tgx66,18b99582fd5c3cee,1024,0/0
/spttest/l38bi59e2ocu,2685de522d8f49ce,1024,0/0
/spttest/hxym6twhq0tl,20c6940b94a307a9,1024,0/0
/spttest/1st8ayu7t5wc,349dc6af012021c,1024,0/0
/spttest/ozttcixtjia1,2da81fc7a65f6449,1024,0/0
/spttest/xrhiieads1ys,3dac4caeb664edf4,1024,0/0
/spttest/q6ib4h5tb2ky,2fd28302c35062d2,1024,0/0
/spttest/3vwzfgatp2rh,719695f800d3f3d,1024,0/0
/spttest/g5eqyt3jhqm6,1d801881bececffe,1024,0/0
/spttest/mk2esawasi9n,29342b23b4c4b57b,1024,0/0
/spttest/k5utpa8xemub,24d45a62ec3d2c23,1024,0/0
/spttest/hh4sz7ntk8np,1febfe4ece7291d5,1024,0/0
/spttest/50tft6njmibu,92cb1750fa6554a,1024,0/0
/spttest/g768u0xb50rx,1d97018ca268222d,1024,0/0
/spttest/atwancgmkbyc,13c87bf939330f84,1024,0/0
/spttest/fek976qwlos9,1c235f32983f58b9,1024,0/0
/spttest/f5yt9lliv0ci,1bb3b887b4446982,1024,0/0
/spttest/zjcijoqumhjh,40e9cf5d2c5fc84d,1024,0/0
/spttest/h9ftzo7vbc5l,1f880ee739f24d49,1024,0/0
/spttest/l9i7saazxfp4,26d76000dd87d8b8,1024,0/0
/spttest/5orllgl9x17o,a63c5b9fcbae164,1024,0/0
/spttest/4ikrwm4x580n,83fc28e4aba68d7,1024,0/0
/spttest/veslodz2elpd,3960360912d0e361,1024,0/0
/spttest/w3m0cv4lx2oj,3aa2908a9d7240d3,1024,0/0
/spttest/8iv527kfigeh,f91f4f61c595289,1024,0/0
/spttest/mn27k1xcxxl1,295b105c7a55e845,1024,0/0
/spttest/vmtb1mmkdx9q,39c8612d749d35ae,1024,0/0
/spttest/ks5ztilzi0vl,25f625c81030abf1,1024,0/0
/spttest/9ttwcrf5ae5m,11f40151c46cd72a,1024,0/0
/spttest/u8eoahm2qk59,3739a2cddbfed27d,1024,0/0
/spttest/ueyteu3r7xe9,378ed6d91d99ebd1,1024,0/0
/spttest/l2eucrhv1kn1,267b3ba3d8e831bd,1024,0/0
/spttest/2hpbvbdtt338,48d2f82b8d4b5e4,1024,0/0
/spttest/2lymfff3ibbu,4c47ef168cf38da,1024,0/0
/spttest/rrz57eqavzjs,32bcf9b804f357b8,1024,0/0
/spttest/qeya2nnui1vd,30403042d48b63f9,1024,0/0
/spttest/fq05twdorrdu,1cb7fe44e6096f62,1024,0/0
/spttest/lpcdsgj485tt,27a5194f02f37f81,1024,0/0
/spttest/wsb4stxsfmd3,3be35f4f680baef7,1024,0/0
/spttest/c09hdnqg2rbf,15eecad03d595ecb,1024,0/0
/spttest/j5l8d64o06wu,22fd4715c6a16afe,1024,0/0
/spttest/6z5rydyospxo,cbe6501ed7ca24c,1024,0/0
/spttest/75rr3c06rets,d14426f99f3c9d0,1024,0/0
/spttest/70ermxtwwaya,ccea0c3341d4372,1024,0/0
/spttest/fjudvc8ld6gf,1c67f925f34c36ef,1024,0/0
/spttest/2jfz9tsopw33,4a3ca63938786af,1024,0/0
/spttest/vv8wplill3gz,3a35ec58475951d3,1024,0/0
/spttest/4x61kxqdm7jp,8fd48b56c38b4b5,1024,0/0
/spttest/eybogs59ssnn,1b5072f2440e1d13,1024,0/0
/spttest/ljblfgcr2n2g,2756e0ffd93d4c48,1024,0/0
/spttest/3bgn8m07xbtg,60fbb11cdaf8114,1024,0/0
/spttest/6gii9vocxx1a,bcc3113f958417e,1024,0/0
/spttest/b9uqkcjltlph,1497c02f021d3425,1024,0/0
/spttest/6f7af8cyynmb,bbb27a035b3fe13,1024,0/0
/spttest/vfejazfh1m7m,3968200cc50d23b2,1024,0/0
/spttest/2ekp7lwrl38o,4648c216a608ea8,1024,0/0
/spttest/3fl29r0z2tc9,64548232d9ff409,1024,0/0
/spttest/hmb9tqgfnln6,202f460763455c52,1024,0/0
/spttest/afk3hvwjjabt,130e3b9c5b315e09,1024,0/0
/spttest/ldqrbdb6h9vz,270e6a16151eae4f,1024,0/0
/spttest/v7evrylgqhon,390055fed4344007,1024,0/0
/spttest/b8ndx0cx6f47,14881be57b014307,1024,0/0
/spttest/n1u77uimyddw,2a1b036575727644,1024,0/0
/spttest/bvdapjbgnxb6,15af38e387409462,1024,0/0
/spttest/p5bmo8ikbrw1,2def7f90e768fdf1,1024,0/0
/spttest/hya49nypimxs,20caba7b69de75a0,1024,0/0
/spttest/m3lmf9cmppfu,285e485e4c7d230a,1024,0/0
/spttest/eqkia93jrc11,1aebb858bdb264a5,1024,0/0
/spttest/7slzqwyg649j,e3cef5699f3b317,1024,0/0
/spttest/b1hoiq9s54hp,142b20187f9525fd,1024,0/0
/spttest/o59qzvv8jrg,139a504d709210c,1024,0/0
/spttest/jiq0cws0fx1m,23a7dcb80eca450a,1024,0/0
/spttest/1g9hbefqx5a0,2a6dd1855962ef8,1024,0/0
/spttest/1jooo6lywlvx,2d35142aa666ccd,1024,0/0
/spttest/whfn1xmc5744,3b561dcabf03a744,1024,0/0
/spttest/fea6mq59fc59,1c1fbcece305e83d,1024,0/0
/spttest/jzcgcrkilsu1,247fc9f861335739,1024,0/0
/spttest/9tl0gooty7wl,11f0cc8c4c507985,1024,0/0
/spttest/tqh3qsknsdtn,3650b4917bf5bbfb,1024,0/0
/spttest/f5vjiz6m5ohs,1bb28a6f94d66940,1024,0/0
/spttest/flfj5xsnqiep,1c7c97b8ee4196b1,1024,0/0
/spttest/riftyamniiok,32411a89d7f8de14,1024,0/0
/spttest/mijgd88inon3,292056f180510e7f,1024,0/0
/spttest/aeqp3eterfeu,13039ffaa76d88c6,1024,0/0
/spttest/uqs6p728vsy3,38285171da9ca44b,1024,0/0
/spttest/t80xh1wsjsyv,35610ff761d28567,1024,0/0
/spttest/r5r57i57szqb,319c5321af711ee3,1024,0/0
/spttest/8bidjo8le9o3,f326d25e3e6bd73,1024,0/0
/spttest/an0g6huetfvh,136f0ed7d7808b9d,1024,0/0
/spttest/888ok6jbjml1,f07f5f48b317015,1024,0/0
/spttest/vstsc8t6co69,3a167d17c93adf61,1024,0/0
/spttest/bmo2lo4samb6,153e34d3b9667b72,1024,0/0
/spttest/c3nzmldf6v8o,161afe8f567476a8,1024,0/0
/spttest/2wakkubycy54,54ab32efbd285d8,1024,0/0
/spttest/lwwficfpll6v,280741e19fc3f387,1024,0/0
/spttest/n0d7equltin1,2a07e45f0138909d,1024,0/0
/spttest/bwfit18rm5f8,15bd03a856f32ff4,1024,0/0
/spttest/z91qzatqw0gc,40640862931d184c,1024,0/0
/spttest/pouc5a2n6tfw,2eed0b6e7c59798c,1024,0/0
/spttest/pvvjk1w68xj8,2f48679c3d6fb1c4,1024,0/0
/spttest/8vangwcsn40p,10336ccbf912c019,1024,0/0
/spttest/g62gyo8h1fgb,1d88a7ad5aafd57b,1024,0/0
/spttest/m3brs8eg5069,285aba7083711821,1024,0/0
/spttest/1l8t61x1pdzv,2e7916b321c681b,1024,0/0
/spttest/m3yqg3mc80qx,2863037a83b689c9,1024,0/0
/spttest/sh609x3xan5o,34042f10957e90bc,1024,0/0
/spttest/3ozcb4mjufj0,6bf565c0307b51c,1024,0/0
/spttest/guzmfarjnm8p,1ecc5c012b256f59,1024,0/0
/spttest/pksxyw7j5fgs,2eb895a90d5ccc8c,1024,0/0
/spttest/imxdnwsrc8a2,220add3875515fea,1024,0/0
/spttest/neb2yw1ge3qw,2abcf9d5ec533e78,1024,0/0
/spttest/8t1vvvrbzcha,10164890346210ee,1024,0/0
/spttest/j7zvflor075g,231c89f0b7e08f34,1024,0/0
/spttest/rjsyf4hngkjc,3252d40b812226f8,1024,0/0
/spttest/xhwtryo3ry1r,3d2fee8b52de081f,1024,0/0
/spttest/lypwpb4p5ryu,281ee1ee87dd55d6,1024,0/0
/spttest/42eeaifl0s5a,76da14ee4edff7e,1024,0/0
/spttest/vy9cav6ux0yo,3a5d0c1e1eb9a920,1024,0/0
/spttest/zxownsgfaxt1,41a421972b5ff8a5,1024,0/0
/spttest/hrk4cy5py42d,20736999f52d5615,1024,0/0
/spttest/31x7ffsfjbe0,593d03247eacf68,1024,0/0
/spttest/y6385pt6yx79,3e69fbd1038b0695,1024,0/0
/spttest/lnsua5zsmtgj,27910f006baa16a3,1024,0/0
/spttest/gzqy67pj3myb,1f0a2d1daeec7df3,1024,0/0
/spttest/g3m06op6rxv,d121ac43814bf3,1024,0/0
/spttest/tabiu4afqwhd,357edcf995a3bdf1,1024,0/0
/spttest/7ym0co1f2cio,e8ae06dd2693ee0,1024,0/0
/spttest/qeig4td0ixuh,303a79eaeefd9fd9,1024,0/0
/spttest/k6xasd4g3t1q,24e23c37ac9825ce,1024,0/0
/spttest/4s0hq97ws4mo,8ba55a5b0ddb270,1024,0/0
/spttest/w75eddm32zx4,3ad087440e482d58,1024,0/0
/spttest/wbb6k3ubeaoi,3b0692749b9f8092,1024,0/0
/spttest/oivo5719z2wy,2ccbf9ccf1bef682,1024,0/0
/spttest/z21ymawf7yv4,40092f301610bb40,1024,0/0
/spttest/vd54o8slxaak,394ac0ae3832575c,1024,0/0
/spttest/f5jwihh4fd6o,1bae57564be2e880,1024,0/0
/spttest/z4dz0libs7cv,40277f239670d73f,1024,0/0
/spttest/grm6oxw0v4el,1ea08b14f72fb80d,1024,0/0
/spttest/dn1t5xovjndb,18ea6440e6d12c0f,1024,0/0
/spttest/gxu6leahd46g,1ef15d50cb438f68,1024,0/0
/spttest/31zdm4aq9050,59498cdc2c9eaf4,1024,0/0
/spttest/miwv4u4ga5nu,29252d9e81e7bb2a,1024,0/0
/spttest/i4s1aoifgdxy,211f21069cf4a196,1024,0/0
/spttest/fw3w99mrhgdg,1d0746b84ede5024,1024,0/0
/spttest/td6j8z91qmif,35a407f688688977,1024,0/0
/spttest/cqrhstjdw9gb,17470332858f20db,1024,0/0
/spttest/gsdtar4iq8b5,1eaa8306bb10be91,1024,0/0
/spttest/vyrb6robxz17,3a6387e36084aa9b,1024,0/0
/spttest/k1cykxt0h4sd,2499f34015f0d67d,1024,0/0
/spttest/x5ii58xuhln1,3c8ee4772cf649cd,1024,0/0
/spttest/mniut326a406,296111e8ec56b0c6,1024,0/0
/spttest/v8hk2db2a05m,390e4a4f2f07bd4a,1024,0/0
/spttest/9tr8s382q10x,11f30c18b68b19b1,1024,0/0
/spttest/u0goqc079j6,185d88461727c02,1024,0/0
/spttest/vawo1slv817,1969a75d2276f6b,1024,0/0
/spttest/m7tx23onznzw,28953ba08944eb3c,1024,0/0
/spttest/74ud0eaujm0,5cac2bc27240c8,1024,0/0
/spttest/mpciejqzlzpx,2978c2636eed0315,1024,0/0
/spttest/sm5ccfxy348t,3444e3f30e15ae3d,1024,0/0
/spttest/gormrf6ony08,1e7b8a61db9cabe8,1024,0/0
/spttest/cvtsybd44muz,1788cad5301e54bb,1024,0/0
/spttest/ulw2ofxprmzd,37e8c651355d7a19,1024,0/0
/spttest/zrp1avd77ymy,41563df55199d61a,1024,0/0
/spttest/srpzw8en8hiu,348d4a05809ff9b6,1024,0/0
/spttest/i5ijt3u8jtty,2128b218f58fcdc6,1024,0/0
/spttest/4oqn0yp9ptf,3ce2375f432bf3,1024,0/0
/spttest/hajwxtulb4b2,1f968532ea38678e,1024,0/0
/spttest/nwdkzrt6ubs9,2ba7af70b6656129,1024,0/0
/spttest/kig1rartp93t,2577e1dec0d0e359,1024,0/0
/spttest/nu2v0a8yjnh5,2b89d6920c881f99,1024,0/0
/spttest/jgfm27tfraor,238a21d7088061db,1024,0/0
/spttest/iqf7ygix0x73,223844f9e5a6710f,1024,0/0
/spttest/6eblfm7g69jj,bafb817d58b21cf,1024,0/0
/spttest/8t2ualphran3,1016a0d961f1f39f,1024,0/0
/spttest/33nxstej9b4d,5aa72b0fae35b8d,1024,0/0
/spttest/pef9mi0sa8m8,2e65b6dee2e28620,1024,0/0
/spttest/lfj5qow4pet2,2725a6aab16a1b36,1024,0/0
/spttest/vr9ha8yw6axs,3a022c1b006e64e0,1024,0/0
/spttest/ndoec8vhjv2d,2ab4ca8aa85d3105,1024,0/0
/spttest/pv8wmp65jud6,2f403caf3f602d7a,1024,0/0
/spttest/986odvgehehr,10dada02f039a19f,1024,0/0
/spttest/9okyqk022rgn,11afd5d614e6f987,1024,0/0
/spttest/g9utdgxfltc6,1db9d99a27de5ac6,1024,0/0
/spttest/ye0nqcsoq65w,3ed0f8b92921e9b4,1024,0/0
/spttest/cltxds17yht5,1706f1a1745a99a9,1024,0/0
/spttest/45hqw0s5u658,795ce816b958f9c,1024,0/0
/spttest/9vjxvkdcqq12,120a640e7234e646,1024,0/0
/spttest/5f8rjl63neij,9e812ae3953743b,1024,0/0
/spttest/822mqzdlolnw,eb7d78efeb5bcac,1024,0/0
/spttest/h6g339kuu12l,1f612e7b30205eed,1024,0/0
/spttest/q0ykx7avsnsd,2f8a72807074fe6d,1024,0/0
/spttest/ttnygxukdmuq,367a25628e9c90f2,1024,0/0
/spttest/uz4am9h1ix2k,389499f8ba070cec,1024,0/0
/spttest/xxmvo1pucs3j,3dfc2bd26f000b3f,1024,0/0
/spttest/aw998cvcww8j,13e723a3dcf89333,1024,0/0
/spttest/x7v8g64zwhzp,3cad76e301751615,1024,0/0
/spttest/glznl0kynoqd,1e5777aad0db4ef5,1024,0/0
/spttest/eadxbbappnst,1a19843941b4d5bd,1024,0/0
/spttest/6sjo9ho5z5vd,c687be4dd9cdd79,1024,0/0
/spttest/xyy2k59xcpw6,3e0d32cfd588e316,1024,0/0
/spttest/hy2jge9ly96r,20c7fe80ab743c03,1024,0/0
/spttest/dg2l0fmowc6k,188fbee800d725ac,1024,0/0
/spttest/13rb557hm28d,2046f8b9a1771cd,1024,0/0
/spttest/gx1toj793hyd,1ee721df86b8d2a5,1024,0/0
/spttest/wu1wbm9201hr,3bfa04c19fbf2d8f,1024,0/0
/spttest/rq8twbub75pp,32a67ddfdc18ebad,1024,0/0
/spttest/fluq1shhaiw5,1c8212e931a61325,1024,0/0
/spttest/eb7eumeelfxc,1a2427e5ad1be9e0,1024,0/0
/spttest/pkgh76pjgat9,2eb41636cdabb1bd,1024,0/0
/spttest/jkyxn2r1g0uq,23c50f92e5133552,1024,0/0
/spttest/om2p3dnvx30l,2cf57a95b6665885,1024,0/0
/spttest/vxbj3akki5uq,3a50d904a762b222,1024,0/0
/spttest/unevy8qqi66s,37fc8d4efc9ff1d4,1024,0/0
/spttest/480dxu6qtrso,7b682ca372683f8,1024,0/0
/spttest/6q18z83axsad,c47db88a28f8375,1024,0/0
/spttest/8ju2admoqob1,f9e8ebc14107d8d,1024,0/0
/spttest/by3nbcpdzsyu,15d2b55223252e66,1024,0/0
/spttest/d723k26dcrzf,181aaacf748c3dab,1024,0/0
/spttest/fuqhl9px7qhu,1cf5730b73f916e2,1024,0/0
/spttest/e9tbdmfq7lk9,1a1214937e52fee9,1024,0/0
/spttest/2uzfvk36i9co,539b1cf9868b1d8,1024,0/0
/spttest/8jylpf54easw,fa0320795a91630,1024,0/0
/spttest/mo5cqqeoq0f9,2969300718a8b4a5,1024,0/0
/spttest/75v0bvvp3x55,d156f3e04590f89,1024,0/0
/spttest/3623kg2y404q,5c98928891883aa,1024,0/0
/spttest/224rtbaulxt8,3c2edd62088d46c,1024,0/0
/spttest/ot784y7fql31,2d5209b77c7af83d,1024,0/0
/spttest/gc6bkchfh2cg,1dd7fad72c863920,1024,0/0
/spttest/sig1gu2cu6v6,3414cb1006673242,1024,0/0
/spttest/uah1qs54udto,375478920abe997c,1024,0/0
/spttest/rnq2kcpg06ok,3285be9a575ff5d4,1024,0/0
/spttest/1inqp1lv6s5k,2c5fcd410781708,1024,0/0
/spttest/fg7nxir59dn6,1c38ceb8c57e7e52,1024,0/0
/spttest/ubp1y7sdr35o,3764594d92fd55bc,1024,0/0
/spttest/6q61z99xn1k0,c49976ab3213ca0,1024,0/0
/spttest/qdd0em9tx5i7,302b867745257b1f,1024,0/0
/spttest/8a159ifyov53,f1f386174d111a7,1024,0/0
/spttest/adb8scppenes,12f10f5ba8cceb04,1024,0/0
/spttest/hixl2gaqm1p8,20035df2bfbaf41c,1024,0/0
/spttest/vegmhrr2tgbd,395be3b5eff675d9,1024,0/0
/spttest/6yirxg44qhgq,cb618788f7e2eea,1024,0/0
/spttest/3g5hdv39g9n5,64ca6483bf359d1,1024,0/0
/spttest/vo24abu3g6vh,39d88c6876e7d1cd,1024,0/0
/spttest/wtrqh4zyxdad,3bf65a129b980f85,1024,0/0
/spttest/fch66t0jkp49,1c0847dadb39ff29,1024,0/0
/spttest/o0gj1hmwvc7v,2bdcb4901135d79b,1024,0/0
/spttest/wamnkujefucn,3afdb8ebae3c2167,1024,0/0
/spttest/g1ibcfh7algq,1d4d6cdf03ffc62a,1024,0/0
/spttest/jtsmo2h8ppa6,2437b085a38e583e,1024,0/0
/spttest/aom4nt4kmpn6,1383dea54f33df52,1024,0/0
/spttest/4rjfnn4cubs7,8b42e11ba00e327,1024,0/0
/spttest/i1eyta9orlae,20f37218dbb86086,1024,0/0
/spttest/f4xdygjogbj8,1ba6379fd6536264,1024,0/0
/spttest/qpxgqgjokbl0,30cec6ced8373ba4,1024,0/0
/spttest/a0hvxrgwo2bc,124a98a0ed7f71b8,1024,0/0
/spttest/nzk5ik57gj96,2bd106131957207a,1024,0/0
/spttest/tupdnns850hd,3687a5f9c7cdb9b1,1024,0/0
/spttest/i9xshjpkp2rl,216226ea90ece241,1024,0/0
/spttest/yllv2uick1cv,3f338c1ab3e4b7df,1024,0/0
/spttest/aqndy5cad0ma,139e4d5b3d320e62,1024,0/0
/spttest/uwzehulm79da,3878db90c608952e,1024,0/0
/spttest/ubxdtjfvwys1,37675ab480be0311,1024,0/0
/spttest/iqowyxa7huu,f3701fc5fce426,1024,0/0
/spttest/sb8p08wkj7hy,33b737b7548440b6,1024,0/0
/spttest/x9eqip6nuqmn,3cc17d8123ae414f,1024,0/0
/spttest/p0wfg8mm898f,2db60e7c2aef4ebf,1024,0/0
/spttest/yh57p8ysu4tf,3ef995340a2497e3,1024,0/0
/spttest/hhvz15t2qkkn,1ff5cbc8b1f350a7,1024,0/0
/spttest/4unp3gohe1b7,8dcaf88353dcf23,1024,0/0
/spttest/j0af9kax2h6d,22b86e74470e6c75,1024,0/0
/spttest/punc1r48fm3m,2f38742496afa5a2,1024,0/0
/spttest/9b3ofyg6xq1k,1100bcd34e35e818,1024,0/0
/spttest/xxuc3dty8o3p,3dfedc8b99d4b205,1024,0/0
/spttest/ixaaq2ncff6u,22916b0821b5e2a6,1024,0/0
/spttest/v79k43gffevk,38fe6a3acc73d810,1024,0/0
/spttest/r3sivcam790v,3182d80a5e93e76f,1024,0/0
/spttest/x1f0itdma2b5,3c59ad1de3c6a431,1024,0/0
/spttest/uvebib77re20,386442e9450a92e8,1024,0/0
/spttest/hhxpq6anecjs,1ff66ca536bbf608,1024,0/0
/spttest/y4xrnwoc60xv,3e5b06658bcff643,1024,0/0
/spttest/jjjfbz7ibeq8,23b279d17d26dd50,1024,0/0
/spttest/xxrhmdl88nq7,3dfdd59f89bcf61f,1024,0/0
/spttest/omxna9hhpinj,2d00a55c014bcfaf,1024,0/0
/spttest/9k9d7gyzzfc5,1177b1845c39c365,1024,0/0
/spttest/r1hy08c77p97,31650c4fc9c7129b,1024,0/0
/spttest/y2t3x9e4p18y,3e3f5d7f7ec21e92,1024,0/0
/spttest/r12juhwk32su,315f7e7556fdd4ee,1024,0/0
/spttest/dj2a9q8m0tj,afbd3298f56da7,1024,0/0
/spttest/tzrloeomizqk,36c965934b9a9b6c,1024,0/0
/spttest/r0zuppye28ek,315e853ca198fd0c,1024,0/0
/spttest/32pwxcrr3p2w,59e2bedc124e8b8,1024,0/0
/spttest/34scn8rgar4a,5b90782b4dd43ca,1024,0/0
/spttest/ahi6d55bq535,132784bf3dd44b41,1024,0/0
/spttest/u8llog5ckow9,373c22adec577b09,1024,0/0
/spttest/4udnh5p1wyz5,8d90fb1b253ae11,1024,0/0
/spttest/8tf8f3vdh4xl,101b1982954a2c39,1024,0/0
/spttest/n7m505uoj4xv,2a660a4fbbdc3fc3,1024,0/0
/spttest/dk4a29zttysa,18c45093d22f0e5a,1024,0/0
/spttest/k5qch41jkjsh,24d2bcb67052b831,1024,0/0
/spttest/fsz8o1n3oax8,1cdea0f3834bfc4c,1024,0/0
/spttest/m1g47tjokjal,2842514ca37c72ad,1024,0/0
/spttest/fpu5e0tastgl,1cb5d2ed988de225,1024,0/0
/spttest/hemoiose4pyx,1fcb79b9a42e1a79,1024,0/0
/spttest/ngd4w96eckr9,2ad7b20783272a15,1024,0/0
/spttest/8kml7bb2mawv,fa8d993b3de9ebf,1024,0/0
/spttest/cq1k2kifkg2y,173da7730ff0456a,1024,0/0
/spttest/ugp08lnyqa3r,37a54731ff0123a7,1024,0/0
/spttest/ujx39w8e85pn,37cf29b3730afceb,1024,0/0
/spttest/f64i486dqpw6,1bb5c6220bb38a96,1024,0/0
/spttest/hxfkroy9phek,20bfb5676a5cd55c,1024,0/0
/spttest/48cpbhz39upf,7baf467f43e22b3,1024,0/0
/spttest/yhw3z94a5x2v,3f034998805c60b7,1024,0/0
/spttest/ru3qm3boym3f,32d89ca21b21785b,1024,0/0
/spttest/qqwwau40nbx2,30db8fa2b24d8c16,1024,0/0
/spttest/rbwm7pmfrnfw,31ec3c257520866c,1024,0/0
/spttest/gqpw9uusu8ty,1e94e490b17a7c36,1024,0/0
/spttest/1lm2892eytul,2ec59746388719d,1024,0/0
/spttest/btzntp8l6hce,159d5020f01cc24e,1024,0/0
/spttest/5bf45agq56sp,9b6683305262ba9,1024,0/0
/spttest/79lkjbbl0ou1,d45fc6e91cc2eb9,1024,0/0
/spttest/sn6gdgf2wjp8,345247e8e5ec49bc,1024,0/0
/spttest/f9bga3ohplgw,1bdf3fc49e1cf9f0,1024,0/0
/spttest/m5y4o7qyu81h,287cc61f84dcfe35,1024,0/0
/spttest/9lgx9c3as1qt,118768ccceda2dd5,1024,0/0
/spttest/smewymewcboc,34485828fc19be1c,1024,0/0
/spttest/jsruh2fwz2bz,242a6aeca287128f,1024,0/0
/spttest/g81t5t1keaxe,1da2651ec6a276d2,1024,0/0
/spttest/d678b7n6vla0,180f8797d8ff2f78,1024,0/0
/spttest/26g7a14ts9au,3fb02979fba7b16,1024,0/0
/spttest/zvhzptrn0lfh,4187a85782ed3f7d,1024,0/0
/spttest/2660ba5b7x1p,3f75509d9e0220d,1024,0/0
/spttest/qdxhek0bclck,3032e971d17ca214,1024,0/0
/spttest/t7ckcydzem0,17b57436c19e9b8,1024,0/0
/spttest/tyjg129q7qkn,36b976e144880047,1024,0/0
/spttest/s2uvoln4fsed,334a51a3290fcd85,1024,0/0
/spttest/zj0vke4g4jv,1cd7d3b6199f70b,1024,0/0
/spttest/sikcnehccpda,3416593a2ce81b6e,1024,0/0
/spttest/l1iep0wjklmh,266f87ad77645d79,1024,0/0
/spttest/8ufemrn3cab7,102826b51e048e33,1024,0/0
/spttest/8rzbqgtgguih,10085ede53152279,1024,0/0
/spttest/845t8yi6vf9e,ed2f7da4632cd02,1024,0/0
/spttest/9v48josaha7i,1204b98aaa26c7ee,1024,0/0
/spttest/tmprdo182jdi,361fdf21709b3a96,1024,0/0
/spttest/c7lsgnisb3t0,164e28776b437c04,1024,0/0
/spttest/2b95a8ljrt6c,439692e730a3374,1024,0/0
/spttest/nwanuyrq7kw9,2ba6a1b0b959ab89,1024,0/0
/spttest/ve2p2b23sp13,3956dd2688c9c8b7,1024,0/0
/spttest/y8d6y7vljlrd,3e878ee982f9f5e9,1024,0/0
/spttest/lgq96x2duy3h,2735335ae6a00d1d,1024,0/0
/spttest/s2js2w6et17u,334650579aa1d16a,1024,0/0
/spttest/eyycfwk9bpt5,1b58a090615f9069,1024,0/0
/spttest/iooiyl08fkq3,2221a60266faeeab,1024,0/0
/spttest/wg4etghijxj4,3b45135aad5ca680,1024,0/0
/spttest/8ehjckbq9udl,f59177021b5a809,1024,0/0
/spttest/69h3nowc197j,b70c26908a130df,1024,0/0
/spttest/jbpcijnfaz5i,234cb2bea33bab76,1024,0/0
/spttest/xfvo8t6ubgan,3d158977f5e3ad3f,1024,0/0
/spttest/otouf6plmm3z,2d5865275792726f,1024,0/0
/spttest/a6r69h039rxe,129be1f9bf0628a2,1024,0/0
/spttest/sevzj6ogvigx,33e696f6a847ff41,1024,0/0
/spttest/xyqks0sz4nsw,3e0a7e9c81d94480,1024,0/0
/spttest/4p21ix3agzsb,893ed09be36df2b,1024,0/0
/spttest/slmkx61pqfrq,343e1ef4cacacf56,1024,0/0
/spttest/hh69pvwwr28t,1fec85a134e4141d,1024,0/0
/spttest/zhlynlf6cj2r,40d33d7ee8bc5d93,1024,0/0
/spttest/ctkqnggb1pyh,176b8b1981e824a9,1024,0/0
/spttest/rb11l1pfhtxm,31e0d7ccbe7674ca,1024,0/0
/spttest/79h8mou89cui,d446c68fcb1e94a,1024,0/0
/spttest/uukjg7hcqx34,3859843d84ac0a00,1024,0/0
/spttest/zuapk5djcr47,41780a71e643ab47,1024,0/0
/spttest/2pux14jae2yx,4f71db38407fc89,1024,0/0
/spttest/jap1p2y0w3q8,233f99baeaf802e0,1024,0/0
/spttest/925p9dgputdz,108c90591231f947,1024,0/0
/spttest/fv3nlognend1,1cfa33417b19e4c5,1024,0/0
/spttest/vh9nk4ywu63u,398057a33f17a26a,1024,0/0
/spttest/aqjflret6yf4,139ce021d55e18c0,1024,0/0
/spttest/o38p5pz2a930,2c00d9155407ca7c,1024,0/0
/spttest/famhqnqwvvsf,1bf038d240856aaf,1024,0/0
/spttest/ecxurgpemhsw,1a3aaf8e407495a0,1024,0/0
/spttest/ag786j4na0tv,1316941998a6d9b3,1024,0/0
/spttest/ny9wn32e8grp,2bc0565dae1b0ce5,1024,0/0
/spttest/dl9lhsjhqdum,18d339013a11a59e,1024,0/0
/spttest/3kvt2br7sxag,68a1ad9bcc27a88,1024,0/0
/spttest/nku4gbjbqurc,2b11c82e42fce538,1024,0/0
/spttest/ybqi6azob0bp,3eb35444fba97a65,1024,0/0
/spttest/ukm6jr6bzo92,37d8374e9dd69886,1024,0/0
/spttest/x981m0see66q,3cbf13631da554d2,1024,0/0
/spttest/eynl1qg9fezf,1b54be987112c29b,1024,0/0
/spttest/dw03cuq3zak0,195eacfa7dec8b30,1024,0/0
/spttest/6oagnqdvsisz,c31340aabe08133,1024,0/0
/spttest/dopm2hhquv5f,18fff824463bc733,1024,0/0
/spttest/bb0a1ivnpyti,14a6bd4171612f86,1024,0/0
/spttest/rib5jupp7s3u,323f6a751433e70a,1024,0/0
/spttest/k8uihyx15608,24fb35696178d2a8,1024,0/0
/spttest/4wyx4f34m0ud,8fab6b0ca1a0dc5,1024,0/0
/spttest/qqzypcljrwln,30dcaae7ff0144cb,1024,0/0
/spttest/8u9eujej0m6m,1025fd0d49480b4e,1024,0/0
/spttest/bhlfh3fmdfpd,14fc4e77c1df72c1,1024,0/0
/spttest/uxm4ukrcylw2,38810f48c8403b52,1024,0/0
/spttest/ulsoah2zq6t1,37e78c4bc4ff7ff5,1024,0/0
/spttest/bv4icm69vgcx,15ac0d2e14454591,1024,0/0
/spttest/481stoubk4wf,7b70559681e38cf,1024,0/0
/spttest/jf296ihfmifw,237852bf41baf9dc,1024,0/0
/spttest/bbep8zqkcihu,14abf16e199054a2,1024,0/0
/spttest/xpscxiyhccio,3d963be73e27a360,1024,0/0
/spttest/7urkyd50z3de,e58ee1af9d67fd2,1024,0/0
/spttest/g4ziln2u7008,1d7a9984b95ed1c8,1024,0/0
/spttest/700ar3t6sx1p,cc96849242ae04d,1024,0/0
/spttest/dxf7yf3pbuan,19711f8f1d42831f,1024,0/0
/spttest/hi16r63to8tg,1ff7ad7077bd8ba4,1024,0/0
/spttest/8npnjo7o3hs4,fd0ec76d9d750c4,1024,0/0
/spttest/odkw4psl82op,2c8723f558eb7499,1024,0/0
/spttest/pttlx9h2qfoq,2f2dba6ef861c7ea,1024,0/0
/spttest/6mbtd2958qw0,c17b67dbd868320,1024,0/0
/spttest/7qfxnqxgm9n3,e20c5420fd56e4f,1024,0/0
/spttest/3hlxswhzd5cr,65f938e2125435b,1024,0/0
/spttest/ysigpipougz2,3f8d3eed02922d6e,1024,0/0
/spttest/yhz23ctowomt,3f0459dc7d9070b5,1024,0/0
/spttest/5pyfmew44ta7,a733a3bf0b1d13f,1024,0/0
/spttest/mkewy8cnzpix,2938ae2a43fb92f9,1024,0/0
/spttest/hpwohshqzu0h,205df72aed08c0b1,1024,0/0
/spttest/nt5esymwj7qq,2b7dc4d8140d05f2,1024,0/0
/spttest/yok2ysmv57e2,3f59df6020248baa,1024,0/0
/spttest/3o0mrxqjmzcj,6b2d053a693c773,1024,0/0
/spttest/dyjcy7gp4030,197f9b1a4003c26c,1024,0/0
/spttest/hhl862n8oank,1ff1eb2ceac2aff0,1024,0/0
/spttest/jcm04agd62kx,23587b175c835f91,1024,0/0
/spttest/l6m52kdt26m8,26b1d2bdd169df00,1024,0/0
/spttest/dkni0r8yup7i,18cb3ffdeec70d1e,1024,0/0
/spttest/jnjhyafh2jzi,23e6759126ed3eae,1024,0/0
/spttest/p9gqkgyuc05v,2e254c6dcf8b31d3,1024,0/0
/spttest/qgly7rmlaggo,3055b7ee2ebc2ed8,1024,0/0
/spttest/b9qzyst1c32d,149666d52cec0f85,1024,0/0
/spttest/ontykhw6h2qn,2d0c4e189d2d7e1f,1024,0/0
/spttest/8oz313btmghl,fe150c373e6b5f9,1024,0/0
/spttest/p1cdyqivlc5n,2dbbd0904c4257cb,1024,0/0
/spttest/witnyxnxa0j4,3b682a8e606a2e30,1024,0/0
/spttest/yjm2gz3akh47,3f19a48ee72bf9a7,1024,0/0
/spttest/fyf4vvcutc9,cf4234c6264809,1024,0/0
/spttest/j9hk8z8dggqe,232fe921330735b6,1024,0/0
/spttest/tghjqf9g1g8e,35cef906f6464c6e,1024,0/0
/spttest/19noqn5es2sn,25110800a60ef27,1024,0/0
/spttest/uak4p8en241g,375595432064aff4,1024,0/0
/spttest/n7lrmt9twawe,2a65e8013c2b502e,1024,0/0
/spttest/q70pupsp7qdp,2fd9276e286d3a4d,1024,0/0
/spttest/feezya0beylo,1c2179a11e9ab1ac,1024,0/0
/spttest/c39rywafffou,1615ddc14f4b542e,1024,0/0
/spttest/6p87m94d31u3,c3d615d4a81f90b,1024,0/0
/spttest/fx61ncn45c9j,1d150a8bbd248d57,1024,0/0
/spttest/sg1itgi59hkc,33f5938b243aae2c,1024,0/0
/spttest/mup2feaomoxz,29be3c77966047c7,1024,0/0
/spttest/ocq3w8tq1tq0,2c7c0877230bbab8,1024,0/0
/spttest/636ffk6j48bc,b1ef90775d3ce18,1024,0/0
/spttest/mlpcdpbfwf09,29496eb1958e5ef9,1024,0/0
/spttest/4sx9km8ubcza,8c628df01537476,1024,0/0
/spttest/i7s7vbd97rxc,214629a9528cf620,1024,0/0
/spttest/99casb8qyrt2,10e9de95f316eb46,1024,0/0
/spttest/dlafzlfrbzk1,18d3873f45a22fc1,1024,0/0
/spttest/6uz2mzswid72,c8804d08431d34e,1024,0/0
/spttest/ifar1o4tzod,ef53baf2f10ddd,1024,0/0
/spttest/6wyltnodt1n2,ca1d42f3dd5ea8e,1024,0/0
/spttest/fy1vy7zvlq58,1d2087b5aeef529c,1024,0/0
/spttest/9ayjqjr25twn,10fee2e900c264a7,1024,0/0
/spttest/p7k7fm4ijmm5,2e0c924adafdfb3d,1024,0/0
/spttest/9y2ipzmecek3,122b12aeaac72ab3,1024,0/0
/spttest/upr38ttb3l22,381aeef4b1d6dc5a,1024,0/0
/spttest/q9q4dk0ii9xt,2ffc4c69dcccd4d1,1024,0/0
/spttest/q0ewd85bmyjl,2f835880a5093761,1024,0/0
/spttest/v97dyvfctn97,39179c3d5c98b2fb,1024,0/0
/spttest/asul4s2yrj0e,13bae0e175dc02fe,1024,0/0
/spttest/50x9fc3k2pu6,92e128c6af9ef4e,1024,0/0
/spttest/oux8g278spzc,2d686956f50a1688,1024,0/0
/spttest/wcnyt49jpa96,3b182c9d8a30372a,1024,0/0
/spttest/iqzzkbi894a1,223fc32cdc34bde9,1024,0/0
/spttest/xvh4m4q515tq,3de01e0df7e360be,1024,0/0
/spttest/vkzv5vonoh5e,39b0c47e052373d2,1024,0/0
/spttest/u0tjfr7m96rs,36d715d204084c88,1024,0/0
/spttest/2aa0r4kbj5sz,42cbcaaec315f23,1024,0/0
/spttest/ph6s64yf7rcg,2e899ee90c857d30,1024,0/0
/spttest/ukurrv32ig8t,37db50b6617700bd,1024,0/0
/spttest/qhg4ja1mr11j,30609b315dab1807,1024,0/0
/spttest/rwnpfcs47z19,32f9cb772fa5a11d,1024,0/0
/spttest/hpx4594vm98r,205e1f539f1bb74b,1024,0/0
/spttest/lgc7g73m8vnj,273021babbde843f,1024,0/0
/spttest/c31sqo2tgymq,1612fcc9dd149852,1024,0/0
/spttest/wu3kj5zt6rk9,3bfa9f3dccaa8a09,1024,0/0
/spttest/ddws7ifj9qtg,1873aca5f62c5f04,1024,0/0
/spttest/z3i2b6adpfld,401bfbce746ad031,1024,0/0
/spttest/e3635e0oh5pp,19bbc373fc886f2d,1024,0/0
/spttest/ybdxildur70b,3eaecad84ca05e3b,1024,0/0
/spttest/6ardwbrdg7k2,b81759f6adeb342,1024,0/0
/spttest/yxuyr1u59h4h,3fd2b3ebf03febf1,1024,0/0
/spttest/l5oy4ld3l9hf,26a5d8c601edaa43,1024,0/0
/spttest/lrqv88dyhayr,27c44db855af87c3,1024,0/0
/spttest/io9zcady2kra,221c6683dc4c2b96,1024,0/0
/spttest/o18pxsxvrmqy,2be6e09243324eea,1024,0/0
/spttest/erfoklu22f33,1af6f7e511c182df,1024,0/0
/spttest/wdpfdxv8o2h7,3b25b0c6e6a5568b,1024,0/0
/spttest/fke8hawfmjc6,1c6f22af081dda66,1024,0/0
/spttest/nggk6j3fzdqp,2ad8ee5a6ae13b51,1024,0/0
/spttest/phz0xbry4s8s,2e93cfaf6cd205fc,1024,0/0
/spttest/3xrie0qvmgaq,7316a532c34a302,1024,0/0
/spttest/kvoes9v1e75y,2623c29406c228c6,1024,0/0
/spttest/y984dxmzdduk,3e92b7c019f2f25c,1024,0/0
/spttest/81u9kj83t9wh,eb4d2cc3e530a61,1024,0/0
/spttest/jppewpp8el2s,2402927af1c3fe34,1024,0/0
/spttest/iajfhjd96mdo,2169f5a9675123cc,1024,0/0
/spttest/xacn802iht5u,3ccdb9909d6847e2,1024,0/0
/spttest/q8eg10majggj,2feb18a2363e7c13,1024,0/0
/spttest/fqo46lv8ahzz,1cc0a2e190342d9f,1024,0/0
/spttest/debtkz77i32w,187919b28b7ff318,1024,0/0
/spttest/k1mfaa59n80n,249d5d6c5d188557,1024,0/0
/spttest/7po7zav3w083,e16c56db66de823,1024,0/0
/spttest/s3d72nrt3dbz,3350ed7dc9eadf3f,1024,0/0
/spttest/953f6y3r7a8b,10b2b58d03e9b68b,1024,0/0
/spttest/7nw2oapx6ch0,dffa03f72eae9a4,1024,0/0
/spttest/ai4wjdtd8dx4,132fb800e95a4978,1024,0/0
/spttest/hkswgccnawht,201ba7d587fdaa01,1024,0/0
/spttest/pdqfvjmb2ml9,2e5cc1b43304d1dd,1024,0/0
/spttest/mc4zp14licnc,28cd2f786eb82588,1024,0/0
/spttest/1bwyl231aj9l,26e63966bbc6d09,1024,0/0
/spttest/v3pj9r8jl06i,38d038eeab08f72a,1024,0/0
/spttest/s84avsi1fdxw,338eaa3c036d9d54,1024,0/0
/spttest/syaui4d0filx,34e2bf75d1a81ff5,1024,0/0
/spttest/59jvisoct0s,446498291a05ec,1024,0/0
/spttest/xz0gwnyenp57,3e0e105c8f73e50b,1024,0/0
/spttest/nbx84qvj60cf,2a9dff69c1a1b63f,1024,0/0
/spttest/cjhztnr0nx5l,16e8a8f6352f0399,1024,0/0
/spttest/s5om6py6ol11,336f06d4e7591e75,1024,0/0
/spttest/t1en4tpnidff,350b15cb97b15f7b,1024,0/0
/spttest/pfdsf2mbfsl9,2e722b9c8513217d,1024,0/0
/spttest/5jzpsvdh4qd3,a25c12e1bb85377,1024,0/0
/spttest/w00eg7s4gdcu,3a73ccd46d078b9e,1024,0/0
/spttest/vwnlc92oaf19,3a4835f34e175a9d,1024,0/0
/spttest/8ahqitxi5pvq,f2534d177a3d846,1024,0/0
/spttest/vma62cavvwbm,39c1796721fadc62,1024,0/0
/spttest/340nko809at1,5af093d7df93ef5,1024,0/0
/spttest/14bu5kpp3exi,20bd7b0d68bab56,1024,0/0
/spttest/52162c7r753m,93c78a790aecc92,1024,0/0
/spttest/yei498y60vf7,3ed74561ebd8ed13,1024,0/0
/spttest/12huzy7ss3j8,1f4098d3940f8e4,1024,0/0
/spttest/t81dcerk6f1y,356138b01f6351b6,1024,0/0
/spttest/bo09ztwxi4u5,154f9978f13fb9fd,1024,0/0
/spttest/sdujys3zehvg,33d91565c1a080fc,1024,0/0
/spttest/gy08nsi5itjo,1ef38cd3ca729314,1024,0/0
/spttest/lq9n4vtj68z6,27b119703006e9f2,1024,0/0
/spttest/nsnorqaifsqx,2b775fc9268f5949,1024,0/0
/spttest/4p3ulcig6ppf,89493fcb4485fa3,1024,0/0
/spttest/3wpium1nta25,723b583a249d32d,1024,0/0
/spttest/xuu17nuse5t2,3dd7c8db3ece18e6,1024,0/0
/spttest/6j6oao82zkwl,beee3e16a59b695,1024,0/0
/spttest/6jz3onug7e67,bf925acd61dfb7f,1024,0/0
/spttest/cdjwtcyssxgt,169b6a706c29fc6d,1024,0/0
/spttest/p778ixllx2yk,2e07e44ebcd6c63c,1024,0/0
/spttest/l99zftmcys7x,26d467a49337f75d,1024,0/0
/spttest/kcbs3dtdwsfm,2528680f6a9fa8f2,1024,0/0
/spttest/6xze12frrmnw,caf19cfb53da27c,1024,0/0
/spttest/5e5j8nzj6xuy,9d9eb03b0d3bfea,1024,0/0
/spttest/gyzemv3sgmmb,1f003d0b5c7fce83,1024,0/0
/spttest/msjj3bymemjj,29a24280af57779f,1024,0/0
/spttest/cmevqfh77oy5,170e812245f9350d,1024,0/0
/spttest/3wviaiwujhnh,725de4ac12ede1d,1024,0/0
/spttest/fzgkmubtyngu,1d32d1749466544e,1024,0/0
/spttest/5a4bqmv06ve1,9a5865fa6f7a069,1024,0/0
/spttest/djeyl9mohxdw,18bb2def75bac344,1024,0/0
/spttest/8qebv9h181ji,ff3ce386f688ece,1024,0/0
/spttest/2xguu955iwwr,559f4fa73c3e01b,1024,0/0
/spttest/wjdcnezx4jln,3b6f44e05df0093b,1024,0/0
/spttest/pmyrzioh2z8p,2ed4ab08764a0fe9,1024,0/0
/spttest/6fp6lsmfthsw,bc19c75737a8660,1024,0/0
/spttest/obqnvxv96lks,2c6f3e80ad5f07bc,1024,0/0
/spttest/is1lokv0w2aw,224d558d134cefa8,1024,0/0
/spttest/wr3vewggh53k,3bd3c36410550410,1024,0/0
/spttest/9dktc4206x6e,1120e62767de7576,1024,0/0
/spttest/t49ap75syyyt,35301fd235276585,1024,0/0
/spttest/upwwvsdzxe4i,381d08d75af29cc2,1024,0/0
/spttest/7fjp1cbjtt0y,d933ec8a8293732,1024,0/0
/spttest/i96oav75i88x,21585e3c03990b41,1024,0/0
/spttest/ruw956ko99a6,32e2e67d1dbd1f3e,1024,0/0
/spttest/mmjggbdjlob9,29544c30b8866555,1024,0/0
/spttest/e2luqoq7yve2,19b476839a2ee26a,1024,0/0
/spttest/ax3495jbvrip,13f1e9ea4a364411,1024,0/0
/spttest/w6xdu35pgyu3,3acda2f1ee2bb15b,1024,0/0
/spttest/o2ez9rdrjvvf,2bf61ffb548e671b,1024,0/0
/spttest/hnlm1girkko9,203ffe4ed4ab68a9,1024,0/0
/spttest/i0nakux417n7,20e975f9a45d64f3,1024,0/0
/spttest/tj5w7n9sgwm5,35f1bc6536cb991d,1024,0/0
/spttest/o5qdk4430ocv,2c21347626562e4f,1024,0/0
/spttest/r3v6mk4opddj,3183cdbad9bc77f7,1024,0/0
/spttest/bb5kqhl8wean,14a8a688b00e1c5f,1024,0/0
/spttest/hgwoa1iut6i2,1fe90f4e083abc2a,1024,0/0
/spttest/mrjr3dhoe2iv,299559c676bb9047,1024,0/0
/spttest/2oc9p6oieykh,4e365f3bb7ef881,1024,0/0
/spttest/auu1gd6ra744,13d4a8e77ccbe584,1024,0/0
/spttest/1wco5hyk2989,377d7d8e89b4739,1024,0/0
/spttest/xekbb3ulzv4v,3d0472f83ad7e55f,1024,0/0
/spttest/8l5diuyx2nj,6f8b94690f85af,1024,0/0
/spttest/9oys5z8n0tpx,11b4d221623d9d75,1024,0/0
/spttest/6lvfdzsepnzr,c11ccbea4c673b7,1024,0/0
/spttest/esl5w9ff8ssz,1b05ef71188eded3,1024,0/0
/spttest/ckfo1hcs8vq2,16f4cf400615ee9a,1024,0/0
/spttest/ub55r65vyc79,375d2bb2fe4c4545,1024,0/0
/spttest/lnq4982xg5ux,2790137cd4b34aa9,1024,0/0
/spttest/8fu6nfqz0942,f6aa4e6d10d8922,1024,0/0
/spttest/bs4hgf8vwx6g,1585131d8a7dfef8,1024,0/0
/spttest/bqmh6lwkh7e4,15719687e00c23ac,1024,0/0
/spttest/i0lz23e3cjuc,20e8fc0bc01b7a74,1024,0/0
/spttest/32rst4uguvoo,59eda19eec0c3e8,1024,0/0
/spttest/oei4p63thzxk,2c9322182a5e9928,1024,0/0
/spttest/wgxuay1832rx,3b4fb1c430ba7ccd,1024,0/0
/spttest/lik0o678l3wf,274cedcbf696eaff,1024,0/0
/spttest/yo39medmbl5o,3f53ce313f57c9dc,1024,0/0
/spttest/oc4nun46hb85,2c744b90c36d9915,1024,0/0
/spttest/31ll7xin4tvj,58f9f29d4fe3f3f,1024,0/0
/spttest/b08u54fg4s1q,141af1f3207e92fe,1024,0/0
/spttest/qnb8hztbvj3a,30acc710491a6166,1024,0/0
/spttest/3uanvtpkt9dv,7045e64789cfcc3,1024,0/0
/spttest/r3dlly87xigs,317d758b8054c2bc,1024,0/0
/spttest/xlva8uwdkoqq,3d635517647c4742,1024,0/0
/spttest/kmsinp73hzi9,25b056ad82167d01,1024,0/0
/spttest/8r8gqafr2gtf,ffeadbe00ae78a3,1024,0/0
/spttest/wr7zig6zp94t,3bd53f613f53557d,1024,0/0
/spttest/bp579pz790is,155e5d93f4220de4,1024,0/0
/spttest/nfzdj5tlvuf6,2ad2bb0867d884c2,1024,0/0
/spttest/5clmd4fcuofj,9c5be6867287f2f,1024,0/0
/spttest/thvek3lc6o3x,35e0f628dfbbef8d,1024,0/0
/spttest/dxfe0vzjwh5,b4ebf9cfb38a29,1024,0/0
/spttest/u1lch7pazkdk,36e11e464bbf4fe8,1024,0/0
/spttest/fpb3li2dq4nh,1caef3553ede6f0d,1024,0/0
/spttest/cdki4349q03i,169ba115ca4bebfe,1024,0/0
/spttest/h3mvxs7pya6d,1f3caaeffec69d05,1024,0/0
/spttest/smke6anqgclf,344a522aa2f4d9c3,1024,0/0
/spttest/oqr0bho6m7vm,2d32354054d1c762,1024,0/0
/spttest/mm11g0otso0z,294da70dd4a405a3,1024,0/0
/spttest/35h0x56ty12q,5c1eea20374def2,1024,0/0
/spttest/ts5gvhlgklln,36667c5a48b5fe5b,1024,0/0
/spttest/p8exf4magign,2e17a803f2712377,1024,0/0
/spttest/pi35kimrjqtt,2e954d12fde94191,1024,0/0
/spttest/u4mg2kll9enx,37087ba1f3621b7d,1024,0/0
/spttest/z972fb2upq7q,4065f3973b51e6f6,1024,0/0
/spttest/ell62g2gs6wj,1aab0315dfdae9f3,1024,0/0
/spttest/3rjacteg4zvq,6e08339fac866a6,1024,0/0
/spttest/vyij0vh41alc,3a605cae200a43e0,1024,0/0
/spttest/b0l6s06t34bg,141f66c9f5124d9c,1024,0/0
/spttest/h3pbuwzozavg,1f3d8c85ac5125cc,1024,0/0
/spttest/t5ysi7qv7jbs,35464ff865227498,1024,0/0
/spttest/ggf6zt91u8r,d5c0fc1fd03c5b,1024,0/0
/spttest/opinhi4n1udq,2d22341f38d9b70e,1024,0/0
/spttest/bxgo1u2o5wos,15ca6abd1d0ab4bc,1024,0/0
/spttest/j9r30por66kx,2333589acdbf51d1,1024,0/0
/spttest/tzcwrjywuuvj,36c4187fe8b2cfcf,1024,0/0
/spttest/apuqjn5cnvwl,1393f6ffadd4f145,1024,0/0
/spttest/5ha4db5wag61,a028a78537bb459,1024,0/0
/spttest/bs90o5zscdiw,1586b5e3df502778,1024,0/0
/spttest/tne1d2ki6oqs,3628a195739744c4,1024,0/0
/spttest/640dt6mjytcr,b29c7ea72fe741b,1024,0/0
/spttest/p91gf2y4i2hd,2e1fc8dd04850911,1024,0/0
/spttest/odpdwd9quo72,2c88c305403cc3fe,1024,0/0
/spttest/qbcfd882ohtv,301155f8cd0a9243,1024,0/0
/spttest/f13ux65dsuwi,1b74985558618c72,1024,0/0
/spttest/xtfpun86d8dy,3dc5a14afb3341b6,1024,0/0
/spttest/6nhorkjeq42m,c26d22995bd911e,1024,0/0
/spttest/jvnsrgy99hfo,244fecd4d9e0f184,1024,0/0
/spttest/9rnl2xqzc2fh,11d7bfac341cd24d,1024,0/0
/spttest/lq0egp21avsz,27adc3dfb5513883,1024,0/0
/spttest/fv5kh13im64l,1cfae3f6aca65685,1024,0/0
/spttest/zhz7i328tu82,40d804fb74783e42,1024,0/0
/spttest/k6m4kjd2fxf1,24de3436db201ced,1024,0/0
/spttest/wt3dhfpq3nhh,3bed8fe6a03427a5,1024,0/0
/spttest/59g1sdmv765j,99cc40093bd81e7,1024,0/0
/spttest/9iv1db9hdqwx,116588bb58a92e81,1024,0/0
/spttest/kc2rp94kikuq,252527bd2bc72e12,1024,0/0
/spttest/2zyl401eqsnr,57a5528315a8597,1024,0/0
/spttest/cbm9jr6hmyaw,16824955321a5028,1024,0/0
/spttest/vo03xtyspwl,19b5413c68c3825,1024,0/0
/spttest/9o4500n5s4qg,11a9c3a52e0de7f8,1024,0/0
/spttest/7joesaxp1qx,62066d27ab3e19,1024,0/0
/spttest/tg9oyx4wdukr,35cc2384076a1c0b,1024,0/0
/spttest/9kwrj9a4zz6r,118022bf649bd8e3,1024,0/0
/spttest/hvkz3rqjq4bv,20a7ad837352a36b,1024,0/0
/spttest/ik96xx7xsj9b,21e8289f506ddd7f,1024,0/0
/spttest/9x94goupkh2j,1220776b6514046b,1024,0/0
/spttest/6armcwfxxu46,b818b548e4473b6,1024,0/0
/spttest/pcxoq83gnl7h,2e5261bcddc1c71d,1024,0/0
/spttest/a0xxu9hnhll7,1250636714e6f28b,1024,0/0
/spttest/v5nydz7pwglf,38e9a17f3628c103,1024,0/0
/spttest/kx5sj53n6c1r,2637055d7d3bf57f,1024,0/0
/spttest/m8q6agglrhac,28a0df192fa58544,1024,0/0
/spttest/qp1vinvo9mkj,30c360f49105be83,1024,0/0
/spttest/sv7xzow7b16t,34babb88f1a901c5,1024,0/0
/spttest/rf2ux6dellpd,321574779a072321,1024,0/0
/spttest/hh5wo1yva5g0,1fec6424da649110,1024,0/0
/spttest/o3lza60evn1i,2c05a3d85bad3466,1024,0/0
/spttest/lu5v5o0x0px5,27e3b19305420439,1024,0/0
/spttest/6javn2py865v,bf06832acf41733,1024,0/0
/spttest/lwr8lc8rc6rv,2805624b06d5c84b,1024,0/0
/spttest/ta3vq48oyih1,357c1b19590e8a05,1024,0/0
/spttest/rzyb07ejek64,332496492522b89c,1024,0/0
/spttest/da08sd76eejz,1840f743d6c9532f,1024,0/0
/spttest/6sg5nnk21s8u,c67370c8030873e,1024,0/0
/spttest/4idrf8cqd2bd,83d3abd3db096f9,1024,0/0
/spttest/rnllb70e3ft9,328420dbdea870cd,1024,0/0
/spttest/d5wdjgod9u8k,180b9cf59fa04e54,1024,0/0
/spttest/a9mba4xjc7id,12c118c7e57c8805,1024,0/0
/spttest/b4vmz3l5uew1,1457210e71d72fe1,1024,0/0
/spttest/b5vlpzy9ah5w,14641b19460c5664,1024,0/0
/spttest/n56tful6i5b0,2a46889a5e04c55c,1024,0/0
/spttest/1x3aus77s2fq,38173abc2391e56,1024,0/0
/spttest/dwwtkpnmeunr,196a7c086445b4b7,1024,0/0
/spttest/4snb2x8zzd0b,8c2910f2493df9b,1024,0/0
/spttest/gg093d9c6w4g,1e09bf50fb3fc820,1024,0/0
/spttest/1mhh3yo5dnx7,2f7af0d1f591f5b,1024,0/0
/spttest/8vpwks24nknz,1038edb06583545f,1024,0/0
/spttest/myiwyggbr9vm,29eff93f929515c2,1024,0/0
/spttest/w22e8o162qu4,3a8e7f8aaf07de5c,1024,0/0
/spttest/st6o9a1zs042,34a04badc1367692,1024,0/0
/spttest/84wk7itbiuam,edc9e99cd02c8de,1024,0/0
/spttest/2177zbrdnh46,3b6d2cc1a989f66,1024,0/0
/spttest/3lirpz9302ur,69263dfd3032573,1024,0/0
/spttest/a1ckpgy35398,1255ab3ac0d38abc,1024,0/0
/spttest/kpqozh3q6uh1,25d6a5f206d1f5c5,1024,0/0
/spttest/j4omfknnu29o,22f183067d3099fc,1024,0/0
/spttest/hkp9dsvczany,201a5789048288be,1024,0/0
/spttest/xmbqvk65eay3,3d6945a760c72beb,1024,0/0
/spttest/9r3li29guzqr,11d08962c5ef8473,1024,0/0
/spttest/ogsfqdvs7o43,2cb0d499bf923dd3,1024,0/0
/spttest/er8v6peqi6fj,1af482497029530f,1024,0/0
/spttest/3e6wch2cr8ug,6332e86512f4988,1024,0/0
/spttest/2n6015evxt8r,4d425ae4909194b,1024,0/0
/spttest/g47rufedbmh2,1d7096ed0c1edb86,1024,0/0
/spttest/ric0fi8q0bmo,323fb9afd77494e0,1024,0/0
/spttest/vn8z0e06ms8n,39ce0831124fde77,1024,0/0
/spttest/yej4l3vmq82a,3ed7a2989188cd52,1024,0/0
/spttest/6wwwu5563qim,ca137b4cd8872fe,1024,0/0
/spttest/d3ok3vi4olvd,17eed0597cf940b9,1024,0/0
/spttest/ptk1ubmjt715,2f2a479813a803d9,1024,0/0
/spttest/bdlr4181s5qc,14c8774ca499dd04,1024,0/0
/spttest/gsfgks1uqu5m,1eab1b1f43dd5d2a,1024,0/0
/spttest/m7mq17urdaga,2892a306a096592a,1024,0/0
/spttest/sdbtirei9vj1,33d252eabec981dd,1024,0/0
/spttest/ubeveny9hem2,3760acd51bd5c53a,1024,0/0
/spttest/qeo9ug596v7r,303c93fe5af64087,1024,0/0
/spttest/7hz2ca1itubz,db2c4f4a19cd4cf,1024,0/0
/spttest/funj2fh56ubi,1cf461ba936757fe,1024,0/0
/spttest/occ9ziqsb3zg,2c770af02a150cec,1024,0/0
/spttest/apwqvbi2qirq,1394b091436f1b86,1024,0/0
/spttest/eh4hyn1xbhk8,1a710a510a1082a8,1024,0/0
/spttest/apr6y28oodcw,1392af9b23b231a0,1024,0/0
/spttest/8z3b9qpswn2t,1064bbf24e9dbcd5,1024,0/0
/spttest/qyspnudy0v77,3141f72ed886f3f3,1024,0/0
/spttest/i33ica52bztv,21094a4ba3d0a023,1024,0/0
/spttest/8xmt648bf6u0,1051ca5afeb09b58,1024,0/0
/spttest/azexdce4yo1r,1410272f8c3b2a3f,1024,0/0
/spttest/8ro75zsvwi3u,10045b18746902aa,1024,0/0
/spttest/11duahu5jl4t,1e59901facddebd,1024,0/0
/spttest/x3npo3836mtm,3c76cb18bc3eec0a,1024,0/0
/spttest/bdlj2vgdrfbi,14c862b0bf41634e,1024,0/0
/spttest/dgzx3b4m06og,189bc60d75fbf7d0,1024,0/0
/spttest/ounumxyekfyl,2d6506985273b3cd,1024,0/0
/spttest/4q1rw0hdm5ni,8a0d191f808d71e,1024,0/0
/spttest/ngmewwqanytd,2adb0b0c49d60201,1024,0/0
/spttest/upchm7s35u0,18ed2f3f6a7f848,1024,0/0
/spttest/g1ihfwi5cu07,1d4d7c836d398fe7,1024,0/0
/spttest/g3t0ltspv3pd,1d6b43e1a6a4dd81,1024,0/0
/spttest/rv1fayc48gi6,32e4c422cf5dd98e,1024,0/0
/spttest/ix6tlc2j1ger,229029f893124453,1024,0/0
/spttest/vxyag29vkpe3,3a590f4e491d208b,1024,0/0
/spttest/bqa2zmtxxu2y,156d1db19d028b8a,1024,0/0
/spttest/ln543fvx9xuy,27887f57a44360aa,1024,0/0
/spttest/em8qpd9te3kt,1ab3848122631a9d,1024,0/0
/spttest/jnwul2k4ih75,23eb46c4698fdb91,1024,0/0
/spttest/65mxm51c8sgm,b3ee81667f24216,1024,0/0
/spttest/lktsp8d9v75f,276a6f8aba33f2f3,1024,0/0
/spttest/4joq24no0ctf,84e2c8c072ed4e3,1024,0/0
/spttest/2t6rpmurp9w9,5225c3e0f07d159,1024,0/0
/spttest/9iussvegcz73,116572bfab3e352f,1024,0/0
/spttest/q1hgsnx3uoow,2f9142e966cf4f80,1024,0/0
/spttest/cxrtm7ta8zc0,17a20e50301732e0,1024,0/0
/spttest/4bkmgzuxps7q,7e4c7d10d988416,1024,0/0
/spttest/idn0njkv1rvy,219238d89ee2826e,1024,0/0
/spttest/nvnc6jc0fvu9,2b9e37418ba6aef1,1024,0/0
/spttest/3mx0n9n8rq6l,6a4852f6d38d14d,1024,0/0
/spttest/l0jcsg1wevd1,2662e1e6bf115a45,1024,0/0
/spttest/6rbrkxtn0rgk,c58a4346467a604,1024,0/0
/spttest/lo8bjbtpein0,2796a4cbee6f12dc,1024,0/0
/spttest/7zx3yckbvmuh,e9bdefaa0158069,1024,0/0
/spttest/rta24g8os3s0,32cde71e38343a20,1024,0/0
/spttest/y4xs9kvrorml,3e5b07f0f8bcf8dd,1024,0/0
/spttest/wu4dg6igwkkw,3bfae96fb5ac2830,1024,0/0
/spttest/vt4oh6u5zi6m,3a1a6b3b9f2d43ce,1024,0/0
/spttest/rjbdavutxeec,324c7b99e5b8ac24,1024,0/0
/spttest/t14lcl1852t9,35077588c6b7997d,1024,0/0
/spttest/szi2r0lys1sw,34f2587477d58e20,1024,0/0
/spttest/ht3bor86otmw,208754a821c44208,1024,0/0
/spttest/bche914uo5b9,14b9e792177deee5,1024,0/0
/spttest/a0h4cn98kypg,124a51d8eec928b4,1024,0/0
/spttest/14k77pph10bp,20edc24f3a1bce5,1024,0/0
/spttest/8z6dj7g3pxex,1065d6db7d16c869,1024,0/0
/spttest/npihliaokin9,2b4e87c538537b65,1024,0/0
/spttest/vphiepvdqf7d,39eb176c1b2fe879,1024,0/0
/spttest/a5qiyrlbvnlc,128ea8f159951830,1024,0/0
/spttest/v7ocmeqaamna,3903c08841e4e326,1024,0/0
/spttest/bsh5s1l64qho,1589a5f0fc83a91c,1024,0/0
/spttest/adncpoctfbl8,12f56dd96d67956c,1024,0/0
/spttest/sndid0r6gwd5,3454d396881459d9,1024,0/0
/spttest/pna3k397pzru,2ed8c0c605aadc5a,1024,0/0
/spttest/bywc855zu54p,15dd0f8c29b4fc79,1024,0/0
/spttest/fjegxot0r76d,1c623b1f031fb115,1024,0/0
/spttest/tvtaknskm1ko,36960ccb544fa578,1024,0/0
/spttest/7wr2spmnvay7,e72ba0824b3682f,1024,0/0
/spttest/3delrhn73mnh,628f90f7b98886d,1024,0/0
/spttest/e8721cx5aq4u,19fd0f407dc7ebce,1024,0/0
/spttest/9dzidtcqahjr,11263393465d9157,1024,0/0
/spttest/bz2q5kf45oir,15df5d7e8c90ab63,1024,0/0
/spttest/epu7067itqpa,1ae239d48ca65a6e,1024,0/0
/spttest/liahcc22de71,27497ce393ead31d,1024,0/0
/spttest/rkcqqxl1vjxo,3259f7b9a05d1bac,1024,0/0
/spttest/4odl4zhod40a,88b1a2795f6818a,1024,0/0
/spttest/naid67tdln35,2a8ba59104851921,1024,0/0
/spttest/9wmri55vco3b,1218661108b787f7,1024,0/0
/spttest/o9g8khc518yt,2c518100d6a5c8a5,1024,0/0
/spttest/u44bq3bbm8r2,3701f1da04b97cce,1024,0/0
/spttest/ugz7thl3l434,37a8f653ac1baef0,1024,0/0
/spttest/hjge67w66r6c,200a2740b7a00514,1024,0/0
/spttest/4evtu34i16f0,80fca87ed1a68bc,1024,0/0
/spttest/lznlujsus46j,282b0a9a1639822b,1024,0/0
/spttest/re9msn9l511e,320ae8f06080fd82,1024,0/0
/spttest/aq1vcxvsaff5,139689ed7ebdf491,1024,0/0
/spttest/rju69z1i4tn9,325344928308d515,1024,0/0
/spttest/gg7lp412i5uk,1e0c663bafdc541c,1024,0/0
/spttest/76j7a2qs4iyy,d1e29e95f451d0a,1024,0/0
/spttest/s5a88p7qeuc3,3369d5e57839f713,1024,0/0
/spttest/rbq3sgcdh0i0,31e9e2aa50b3f9c8,1024,0/0
/spttest/pinq96j3y2ya,2e9cb983375ff272,1024,0/0
/spttest/80a1u4232lg3,ea08a552934c413,1024,0/0
/spttest/2e6d6apct3xm,45f60179e93692a,1024,0/0
/spttest/nchxz7vs0j79,2aa579182a690935,1024,0/0
/spttest/nbnb7d19pje6,2a9a6b9d4cd20b6e,1024,0/0
/spttest/tj9m30p5jm63,35f313e1768cdffb,1024,0/0
/spttest/o3137e61axvw,2bfe1a2d725ee30c,1024,0/0
/spttest/rvbzsp7n9ujy,32e894661fa585ee,1024,0/0
/spttest/epb1mcommh84,1adb51050eae76b4,1024,0/0
/spttest/hqx3ggjjlxc3,206b1ad0f58cbb03,1024,0/0
/spttest/j266ejbwmsrp,22d0e0c1cf7d1725,1024,0/0
/spttest/mv4sx13boko7,29c3e9f53a7ca5a7,1024,0/0
/spttest/h7bubdwa5cd7,1f6ca3c06a7327db,1024,0/0
/spttest/9ku80j8mx4tb,117f37ed420ebc9f,1024,0/0
/spttest/iepfr6vsgogo,21a015960b3177d8,1024,0/0
/spttest/dkdef16lvfdt,18c79b1057773ca1,1024,0/0
/spttest/mxqt9fo02fpt,29e5d574f3184c11,1024,0/0
/spttest/8chq4s16ee2q,f3f2e54835b68c2,1024,0/0
/spttest/gwptd6ztcwqz,1ee2cca565b979cb,1024,0/0
/spttest/pjnv3c9uni1m,2ea9c32e949bdd1a,1024,0/0
/spttest/1qy6g0darjlc,331aaf92a0039f0,1024,0/0
/spttest/i073la9tlc4h,20e39e27375711a1,1024,0/0
/spttest/e6uuoggmykpj,19ebaab23e73b357,1024,0/0
/spttest/4tyvi7l9qy81,8d3bac593fa3cc1,1024,0/0
/spttest/bcltseimmi5d,14bb80e93bb64361,1024,0/0
/spttest/p4x8wfjy0o3v,2dea4f12e207f80b,1024,0/0
/spttest/sxe4lcsnlf2u,34d6f1325382a696,1024,0/0
/spttest/whberm77k5qy,3b54970eb2025d1a,1024,0/0
/spttest/qsaommy3w7gy,30ed865cca3278d2,1024,0/0
/spttest/5q7wcj5c70eo,a76a4765dd2edd0,1024,0/0
/spttest/wv5ueisukiu9,3c086e8fbbd20a61,1024,0/0
/spttest/qlbtvuzhlvp7,3093036b7cee50bb,1024,0/0
/spttest/rej5gcct3tyw,320e58204e936778,1024,0/0
/spttest/bcq6198x5zq9,14bd11cdf16af521,1024,0/0
/spttest/1jctxpxk11ml,2cf0a59a1bc467d,1024,0/0
/spttest/mu5clvrbac09,29b71f38eaeec249,1024,0/0
/spttest/jqm9kapjj2o5,240e6ceb1ba32b45,1024,0/0
/spttest/q4thazlldmok,2fbc906826c60d14,1024,0/0
/spttest/521yq5b92gb5,93cc23181014411,1024,0/0
/spttest/ie29374h9wfe,2197b80303ea7d6a,1024,0/0
/spttest/z6282ijl3p1q,403d3c765932a28e,1024,0/0
/spttest/y8ob2e5yuqyb,3e8b918603dcd9f3,1024,0/0
/spttest/bipbyqewgmz4,150ab43104d01050,1024,0/0
/spttest/kzy31shipker,265b352d2da36993,1024,0/0
/spttest/fps3uyb0h8ui,1cb51644471ff30a,1024,0/0
/spttest/16fy6r0i1wqd,2274e062a88ddf5,1024,0/0
/spttest/aj34lwcmowi2,133c113ab4c2808a,1024,0/0
/spttest/qtpx5qdve6l3,31000307b2f2cbd7,1024,0/0
/spttest/70midyn9imkc,cd16bf9ffec07bc,1024,0/0
/spttest/6664o68lnlmr,b45d530860c8243,1024,0/0
/spttest/tpd28b0xc9t3,364241f486a42da7,1024,0/0
/spttest/usrpwzez5zzb,384220e518467067,1024,0/0
/spttest/mjv5y1yyzio2,29318de1329f0342,1024,0/0
/spttest/wmc0te38n5ge,3b95c1ea305d8f5e,1024,0/0
/spttest/n38y95nkui4l,2a2d532d8e389745,1024,0/0
/spttest/4bto65w04opq,7e80b7d8524a61e,1024,0/0
/spttest/9y9r045y52jx,122dae820aeb722d,1024,0/0
/spttest/ez88rwx4wwxc,1b5c32d6d897d6b0,1024,0/0
/spttest/d8xlrk7p2ns5,183306338bd419e5,1024,0/0
/spttest/vyxddror6vr7,3a65b7ba67793143,1024,0/0
/spttest/wizzv95oa5wd,3b6a734aee03d85d,1024,0/0
/spttest/hdi21uuu25ow,1fbcd1593d7dbf50,1024,0/0
/spttest/q0yf26g7h8qz,2f8a637630b7cd8b,1024,0/0
/spttest/1r0bbljtka04,33270396a63e8a4,1024,0/0
/spttest/atxwmp7kd316,13c910be351a709a,1024,0/0
/spttest/1wvhaqf21pcq,37ea141ab47349a,1024,0/0
/spttest/gkosomk3vdf6,1e468f72337568b2,1024,0/0
/spttest/2a4t51gzpvcc,42adb4ab760fdec,1024,0/0
/spttest/8q6lfqnywovb,ff103d3779dc3e7,1024,0/0
/spttest/oan34bh625oq,2c60f6db592de34a,1024,0/0
/spttest/31cxx0lgr9y1,58c806d30e42f19,1024,0/0
/spttest/tunk9j5wqyey,3686fe3158baf4ba,1024,0/0
/spttest/sbhz2xhzktvg,33ba90e120294b3c,1024,0/0
/spttest/mqjccrt175t7,298836b3980cfe2b,1024,0/0
/spttest/5kb0i2b125q,4845e86baa142e,1024,0/0
/spttest/hy998hufptqc,20ca6adc004119c4,1024,0/0
/spttest/lj3xluozic97,27541d4c84e9918b,1024,0/0
/spttest/qbiz5kwg6v9x,3013b2f3b2d2f3d5,1024,0/0
/spttest/tkgd5z8czh34,360280d580a55d40,1024,0/0
/spttest/dcptln4mw98h,18642c6301fc0cc1,1024,0/0
/spttest/nxum9euo5uoj,2bbad235c16b9a93,1024,0/0
/spttest/l06wczlwdh1,110d817aae86d35,1024,0/0
/spttest/xsu3p9v3g3jq,3dbdd4bacf7904f6,1024,0/0
/spttest/2jqa936vs15h,4a7823e0abdbbd5,1024,0/0
/spttest/s2sfwbr2bjtw,334970661e677724,1024,0/0
/spttest/v4t8h8rny5nf,38de8bf8d38bd41b,1024,0/0
/spttest/koisrb7hn6j4,25c6cf6c8dc91dd0,1024,0/0
/spttest/wlj3phxut1q3,3b8b52a7d927fffb,1024,0/0
/spttest/681020dmjssp,b5df604e1fcc289,1024,0/0
/spttest/tmctfmhza596,361b339d52eb401a,1024,0/0
/spttest/gs5hfhesk39g,1ea781a0c8cbb184,1024,0/0
/spttest/xca5dkgfx1fm,3ce6cd8df225b482,1024,0/0
/spttest/cmdgk2of8ir9,170dfdd36e24fff5,1024,0/0
/spttest/vjtqeaj9eqzg,39a190cbf6a7751c,1024,0/0
/spttest/pojl80j32wnh,2ee92aaafb7c20cd,1024,0/0
/spttest/4q6324ujsahr,8a25fb3fc0e0f1f,1024,0/0
/spttest/oq73nheeq8m0,2d2b067042f54418,1024,0/0
/spttest/yl68cerb6ae0,3f2de83fc8fb9118,1024,0/0
/spttest/aeh9rdj7m8xt,13003952036ef9c1,1024,0/0
/spttest/9z7hl7o1b3z9,1239dadfbfd299e5,1024,0/0
/spttest/9ahm6c3lb0s0,10f8c6e824f639b0,1024,0/0
/spttest/3y5rhim58866,7368ed25070785e,1024,0/0
/spttest/5uzh8n5ntxxx,ab48d0941e16c15,1024,0/0
/spttest/ng2ghqochtu4,2ad3d7bbd1017d4c,1024,0/0
/spttest/a1i17kcz3py9,1257a369b51d5921,1024,0/0
/spttest/swm4dy8q5xzr,34ccd65bab391557,1024,0/0
/spttest/29i2j0fvcyk8,422a6e8fccc14f8,1024,0/0
/spttest/50te3sui22bp,92cad1515508245,1024,0/0
/spttest/amyt4hv6roxh,136e7751c09568f5,1024,0/0
/spttest/n88io0sm05be,2a6e1d77efe5e0ea,1024,0/0
/spttest/rjqorlqluk2l,3252028a3eb1ae1d,1024,0/0
/spttest/d7nklezwsms2,18226a422a1b0e52,1024,0/0
/spttest/91ox87nv9eei,1086828805425c2a,1024,0/0
/spttest/anuad43urij3,1379d2f7a7dbe08f,1024,0/0
/spttest/b4lwq4jug93q,14539e646e295c16,1024,0/0
/spttest/tep2lexel1k9,35b7b57bfc390d29,1024,0/0
/spttest/mdg4vstt3lpe,28de3216d7d1e1a2,1024,0/0
/spttest/tq1jujd3cev6,364b17feee40bd42,1024,0/0
/spttest/8c0naa499f0v,f3904c3cb140d4f,1024,0/0
/spttest/fq5p4bx0z7rd,1cb9fd9a8e23e609,1024,0/0
/spttest/8koi9sswfaed,fa98acb1410f265,1024,0/0
/spttest/w0lsuhxw2jrj,3a7b858074f0a48f,1024,0/0
/spttest/anzo837c7fjz,137bc45f1796827f,1024,0/0
/spttest/9budf457mxji,110a5e7bfd3fee4e,1024,0/0
/spttest/vaney12f1ehq,392a61e4dc24469e,1024,0/0
/spttest/oppe6zlaxrn1,2d24a2dbb1be782d,1024,0/0
/spttest/zn1paz8xx9j6,4119ddae17b53f82,1024,0/0
/spttest/f1kyas4symae,1b7ac342cb271156,1024,0/0
/spttest/fu4pe1008ttv,1ced96f41975d903,1024,0/0
/spttest/2n6dabudkbal,4d447b0af740b2d,1024,0/0
/spttest/i57oedgwpwlh,2124c5d363b02145,1024,0/0
/spttest/q5cv1bzd81xr,2fc38ea2dfea44cf,1024,0/0
/spttest/769yy72ero2,5d3096edede192,1024,0/0
/spttest/w1lf46dz1qh3,3a885f870222f347,1024,0/0
/spttest/nmif3h8shfcs,2b2789956a70f3fc,1024,0/0
/spttest/xg049l3prndv,3d17240ca424e423,1024,0/0
/spttest/rwhhh32thq1t,32f78cda699d9321,1024,0/0
/spttest/rerb8ka0893g,321149e99026880c,1024,0/0
/spttest/1lb26vqt0yqt,2e8614e6b9304e5,1024,0/0
/spttest/k51gdm7xoccg,24c9c18547d23180,1024,0/0
/spttest/94x2of3cjreg,10b06b3b3fbf7978,1024,0/0
/spttest/5ui7f7dfsd6q,aae5195fa1d24c2,1024,0/0
/spttest/nf5k3cudj3l9,2ac7f8d1d1817ded,1024,0/0
/spttest/2vaj3hvg9lj0,53db21fee50913c,1024,0/0
/spttest/yk788phltc5u,3f214718c9d28bd2,1024,0/0
/spttest/hdpxyyizriyz,1fbfa9d3294dc3cb,1024,0/0
/spttest/txud3flgsrs6,36b06a253cffafa6,1024,0/0
/spttest/9nv81ku6m50c,11a68c23c0a840dc,1024,0/0
/spttest/ujfvuv1irzpz,37c8f468af555397,1024,0/0
/spttest/cmakjbux6dvj,170cf2ee6401f4bf,1024,0/0
/spttest/dt2mwyjcunnv,1938a020aed9ab4b,1024,0/0
/spttest/qaeti01yh4xz,300535b67a23b947,1024,0/0
/spttest/bt5w1jhft4kx,1592922a9c4a7f71,1024,0/0
/spttest/et92usa2q9ql,1b0e907a1e579dcd,1024,0/0
/spttest/84giwh3mlufw,ed6d55b119d5f5c,1024,0/0
/spttest/k4n5fjmdsny,1057601fbe8045e,1024,0/0
/spttest/ouoix82xo202,2d6544e81704e922,1024,0/0
/spttest/4g4r46enu2s4,820001fad363894,1024,0/0
/spttest/54mafyzm44ne,95e1222c7e3128a,1024,0/0
/spttest/47d23r22ghmp,7ae17f3ccfbb741,1024,0/0
/spttest/j4bteesfads1,22ece41da4f52341,1024,0/0
/spttest/hz4xog9vkdjy,20d5d8fdafc0c49e,1024,0/0
/spttest/ezz23p5l0cp1,1b65dfa94380f945,1024,0/0
/spttest/twetksqd7wwu,369dd1497adf375e,1024,0/0
/spttest/5sqhv7i52c8z,a9754d1187d8783,1024,0/0
/spttest/irxsl0dweswx,224bf5c8c4443de1,1024,0/0
/spttest/peccq6qd12a0,2e64a9b9dbeb76c8,1024,0/0
/spttest/r5o9q8h6tkem,319b49a00137b68e,1024,0/0
/spttest/egp47m40xcf8,1a6b7d82f3096d24,1024,0/0
/spttest/5551kez7921t,964d65b6e3325a1,1024,0/0
/spttest/su0qta71kri3,34ab25488580c53b,1024,0/0
/spttest/g3jr4f8dd0sa,1d67ec3c188d823a,1024,0/0
/spttest/44670v3xnzv5,784a63a4330b251,1024,0/0
/spttest/2bt6h4cxw48x,440a39a432cce81,1024,0/0
/spttest/sgsav2aeodm4,33ff3d12fe6470ec,1024,0/0
/spttest/rocwa53ipw41,328dfaf332297cd1,1024,0/0
/spttest/fafb3cts3muu,1beda130222b4676,1024,0/0
/spttest/fmc60xoxe0gj,1c885e29a1ce2ad3,1024,0/0
/spttest/e5x4bi50ki6,b7fc6a0803c4ce,1024,0/0
/spttest/97wcrfssvjbg,10d72081a6acaf8c,1024,0/0
/spttest/84wmfq3qmmz2,edca451243dc3ce,1024,0/0
/spttest/sr5h4osgukjh,3485e28264b1437d,1024,0/0
/spttest/tpyktm4c1sbn,364a05641ce401a3,1024,0/0
/spttest/m3liecwy0sq0,285e3e0a7f0eb368,1024,0/0
/spttest/tqf8co9cpp4f,365007a7860e1b6f,1024,0/0
/spttest/crpr74en63jh,17535fd437e5c66d,1024,0/0
/spttest/ql2bruawpiio,308f95a298085200,1024,0/0
/spttest/nxzq4ehre20w,2bbca9f50f44c0c0,1024,0/0
/spttest/u2abug9uml2z,36ea21dbbe50363b,1024,0/0
/spttest/1noka00rg1fh,3073b036a91e63d,1024,0/0
/spttest/r6b2b8hiu9rh,31a38310a6db02ed,1024,0/0
/spttest/az09zrutijzu,140ade0cd3961aba,1024,0/0
/spttest/x0prm9itltui,3c5091107d465f5a,1024,0/0
/spttest/lcox1eheueoj,2700c2c700d377d3,1024,0/0
/spttest/2d924uxaagsv,4535b9d36e9c18f,1024,0/0
/spttest/4r23msmetucr,8adecf5968064eb,1024,0/0
/spttest/4f4uwmeb5o0c,8130c9774e44bcc,1024,0/0
/spttest/t3d9wm1vkwn3,352491fffd84653f,1024,0/0
/spttest/chylwnjfw5q7,16d4ad003630efff,1024,0/0
/spttest/jqd6b2k57wdg,240b253fd05f74a4,1024,0/0
/spttest/g3ac2c0rreys,1d648648ef1cbf84,1024,0/0
/spttest/qna9ya6o482,15a1f83004bb962,1024,0/0
/spttest/n5td2ub679rl,2a4eab17cad55f31,1024,0/0
/spttest/wyr53jkuvvdm,3c37158184264e9a,1024,0/0
/spttest/5vl9f5kmvypv,abc6913478d7783,1024,0/0
/spttest/dhdvsklz9a24,18a0cfe08176522c,1024,0/0
/spttest/7xox10hszwx3,e7eefbfc09b5167,1024,0/0
/spttest/hlokg81oo2zx,202714d1e6f3612d,1024,0/0
/spttest/f50m064f8s7u,1ba7616095119fda,1024,0/0
/spttest/63v16lppgl9s,b27d9ad01d55cb0,1024,0/0
/spttest/mgixpmuto7qo,29062c906fa05230,1024,0/0
/spttest/6etvrht8k3kj,bb65139d2d3bb13,1024,0/0
/spttest/hhvkodphlok4,1ff5a6f3bc26f494,1024,0/0
/spttest/f5xifeklnig6,1bb3405a18fe6226,1024,0/0
/spttest/l0bct5s3f9rz,265fff01a002423f,1024,0/0
/spttest/g3p2kg3s28ga,1d69d77111231f4a,1024,0/0
/spttest/upk8tafh1b5e,381876aa57501bb2,1024,0/0
/spttest/uojlkf6bdu1k,380b3dc379538c58,1024,0/0
/spttest/ux69upaqtgev,387b563af71eca57,1024,0/0
/spttest/7dzd816gdnx7,d7eebd983bdb25b,1024,0/0
/spttest/a7mysbq4c4ae,12a75a93a7527cb6,1024,0/0
/spttest/6nh5ddsfbibh,c26a066c008a07d,1024,0/0
/spttest/8980uhpm9isj,f14b65e34c03163,1024,0/0
/spttest/sms2lvswst08,344d176f1b62c1d8,1024,0/0
/spttest/u5ipih5zsri,187ab8bad27e55e,1024,0/0
/spttest/xz87jx7gyisw,3e10db4ea663efb0,1024,0/0
/spttest/ntqj9m4ou43a,2b856406f32db836,1024,0/0
/spttest/gxctz8rldgxs,1eeb1aafe8eb5800,1024,0/0
/spttest/314o5x18xls8,589847506efe888,1024,0/0
/spttest/vlx33y6atfzd,39bcc1086e26f829,1024,0/0
/spttest/nbt6uineq0d9,2a9c8aa535e2ae5d,1024,0/0
/spttest/hvc9npi4tv7x,20a4894735249f4d,1024,0/0
/spttest/raq8ynwgnxq1,31dcf2ae19be8a79,1024,0/0
/spttest/kqqihqdj7c1i,25e3928afbca5fb6,1024,0/0
/spttest/yqfwhwhtu9ta,3f7257d13a41ee2e,1024,0/0
/spttest/pazd3uqfrp5p,2e39022489606f1d,1024,0/0
/spttest/yy1vxdvf6u20,3fd53340e13c38a8,1024,0/0
/spttest/nq9p06fui2wg,2b5858b81294b930,1024,0/0
/spttest/3anujottohqz,6055723fd1f80db,1024,0/0
/spttest/vucme024zs8f,3a2a4613a6c2c5af,1024,0/0
/spttest/wtp0c0yecfly,3bf55e42edb87006,1024,0/0
/spttest/u109c6fxbyg1,36d9827c3c244021,1024,0/0
/spttest/ajifc6kbiqcx,13419648ba2870f1,1024,0/0
/spttest/xnlj106eh0jt,3d79ca746a680309,1024,0/0
/spttest/60e8wxfnzvkn,afad37b755fad97,1024,0/0
/spttest/xatv8gxw844m,3cd3f0627bdf0ae6,1024,0/0
/spttest/vdvbgwj81b7a,395433b131c522f6,1024,0/0
/spttest/38nafjl787xo,5eb290416a2a52c,1024,0/0
/spttest/rhfn2pult3ae,32340ba2ee7632e6,1024,0/0
/spttest/i1kv9aes4jca,20f5932f1dcbaeea,1024,0/0
/spttest/b757ntr1lj8x,14748ff64abfd1b1,1024,0/0
/spttest/zsh1i6zj4xio,416058ca7d4ec1b0,1024,0/0
/spttest/kcuecj8aq5ou,252f1fc9bb07394e,1024,0/0
/spttest/g7txok3pkbh7,1d9f8dc61d075c1b,1024,0/0
/spttest/8f3gfdjnon1e,f61000ad9febda2,1024,0/0
/spttest/a2miaa2ojubb,12663df45419a037,1024,0/0
/spttest/hqgrf6p5pa8v,2065360b5027491f,1024,0/0
/spttest/7o7vvocmp3m5,e03e33b6e73a48d,1024,0/0
/spttest/8usj601147w,73064f22e78c9c,1024,0/0
/spttest/8a5lxdc7i73v,f20d49b4c031b7b,1024,0/0
/spttest/cnaq7ry0qn50,1719fec25d492fa4,1024,0/0
/spttest/w09pxoduilso,3a77299cb21530d8,1024,0/0
/spttest/kybf8ggcg1wx,26460ab6f44739b1,1024,0/0
/spttest/ua0m45deftqj,374e8a942a36b64b,1024,0/0
/spttest/vgjupq4z2goj,3977086c111333f3,1024,0/0
/spttest/vp1thilp3fde,39e56df41634fd92,1024,0/0
/spttest/85dx72exjhm9,ee2e22f02e778f1,1024,0/0
/spttest/2nd0ezn2agxz,4d6ad3eb02a2247,1024,0/0
/spttest/nng4phog703c,2b33b372f8f6bc38,1024,0/0
/spttest/ara0qry0kojw,13a677f202e9b14c,1024,0/0
/spttest/s7c77z21zmfo,338486875b823554,1024,0/0
/spttest/n8c2dcg0ppdg,2a6f6520c46c8cb4,1024,0/0
/spttest/li4crea12gzm,274746ec90056b82,1024,0/0
/spttest/7f1ojcpjtanz,d8cbedf9275523f,1024,0/0
/spttest/bwl34ov3588a,15bf05a52de3f7ea,1024,0/0
/spttest/6xqkwa8qrilb,cabec1de40db0df,1024,0/0
/spttest/x6stfik557t6,3c9f9a5c2dfa8bca,1024,0/0
/spttest/kv6cdtzvhbg4,261d3dca010d4f34,1024,0/0
/spttest/mby7s4p8w3so,28cabda3d1082738,1024,0/0
/spttest/3oga5qvckzq3,6b875d8ffc539db,1024,0/0
/spttest/c0wuyc12y73g,15f73a1c9b7d7e6c,1024,0/0
/spttest/qcjzwxbx5f96,30210e869f2eb97a,1024,0/0
/spttest/8u2vp3uo3nqo,1023a1b494815af0,1024,0/0
/spttest/6i1j6mikc8ab,be00baa4a20b0f3,1024,0/0
/spttest/mzru7ztxt2gs,2a002ecd3c33f6bc,1024,0/0
/spttest/xa0a8fs1guzv,3cc943d2679d81eb,1024,0/0
/spttest/tmy1npr6vgfq,3622dc735648c6f6,1024,0/0
/spttest/pnqm45bw3xqv,2edeb64770fe4997,1024,0/0
/spttest/v7o6wi6r21x6,3903b1db6ba2693a,1024,0/0
/spttest/jzka4pl28yyw,24829cf28654a908,1024,0/0
/spttest/d4brmkj4pw90,17f7301cb0e0df84,1024,0/0
/spttest/950xmcxw16bo,10b1cfba8b235a44,1024,0/0
/spttest/jvyj93dla8ma,2453cc7af4544322,1024,0/0
/spttest/f8ul3c6lt6po,1bd929dad22b543c,1024,0/0
/spttest/mabryukz4tu2,28b5a7b54a08a30a,1024,0/0
/spttest/yxujgopr36f2,3fd28cb23838c23e,1024,0/0
/spttest/qpt2lcmd00l7,30cd310cc66d47fb,1024,0/0
/spttest/27mca9qvlgnz,40a36e789587e9f,1024,0/0
/spttest/bseeatiq52pu,1588a6b37ad6cf02,1024,0/0
/spttest/1bem807kgght,267c53d53b6c781,1024,0/0
/spttest/3s81pn85q577,6e972413a2791d3,1024,0/0
/spttest/fd40iic0u8x7,1c1085c38e84d8ab,1024,0/0
/spttest/xygkcqi9wb85,3e06e1d6e763d1d5,1024,0/0
/spttest/g6bqe4zcvjsw,1d8bff2f86182e00,1024,0/0
/spttest/486j9gphx6xs,7b8baa827d19660,1024,0/0
/spttest/uhztzuv5k5dv,37b62c7c18e7f943,1024,0/0
/spttest/wio9xilk8sir,3b6638b15f94aa63,1024,0/0
/spttest/3irjzyq4w23t,66e979a8c73dea9,1024,0/0
/spttest/ctvb4ls2ki7v,176f5b51e6481b3b,1024,0/0
/spttest/by4xhpe6n3xb,15d32bccb85b019f,1024,0/0
/spttest/c5vlxm2gpiom,1637b8e239f422d6,1024,0/0
/spttest/96i5fevp9fly,10c50346d926ec46,1024,0/0
/spttest/3aj43p7h9nh7,603a1d14f485c1b,1024,0/0
/spttest/sfbmgzqrbwg,1713a898e83bb00,1024,0/0
/spttest/h14zeoz8niym,1f1c3ab2bed633be,1024,0/0
/spttest/a5jlan2d7jjj,128c2857cb31c3af,1024,0/0
/spttest/imv93o3nj6mo,220a18c73c344b50,1024,0/0
/spttest/n0heq11o5zhz,2a09689bd7098ef7,1024,0/0
/spttest/8qbkvndazdb2,ff2d03c3c47fc1e,1024,0/0
/spttest/psjeg266jt7e,2f1d0e4ec8e3d89a,1024,0/0
/spttest/sbcsdz5mrh0k,33b8b1dd6e3108e4,1024,0/0
/spttest/t08fm9rvhd91,34fbdb0bd6763855,1024,0/0
/spttest/7fbhp4h579d8,d904901b007b42c,1024,0/0
/spttest/4idkp4dy1kge,83d297bccfb53ce,1024,0/0
/spttest/9h123us0nwss,114dba51cbef95cc,1024,0/0
/spttest/atswfx090x8o,13c7426b16ee2148,1024,0/0
/spttest/5uwbpfe8fjwx,ab369bba49e4291,1024,0/0
/spttest/52f2zl85dytv,9417deaa76c4693,1024,0/0
/spttest/gkrrynj53bv5,1e47a2b31e929fd1,1024,0/0
/spttest/tclo94ma8iqr,359c8111c928f2e3,1024,0/0
/spttest/o7xkucfmhgle,2c3dc83e0b782042,1024,0/0
/spttest/n0aw4eyu6akr,2a070eacbcc3010b,1024,0/0
/spttest/3m3snsybwa9e,699fa04a7402ef2,1024,0/0
/spttest/l9vkrgy6s236,26dc32166dd94792,1024,0/0
/spttest/k9x0zjzrkr8l,25091ad7a2ac1de5,1024,0/0
/spttest/xzhd8eqjuadd,3e14293210370b01,1024,0/0
/spttest/i32vrrnj6o51,21091062dc3edeb5,1024,0/0
/spttest/444lyvg0iavy,78413d60383b79e,1024,0/0
/spttest/26cuqb1avons,3f9cd4ad4a7ac98,1024,0/0
/spttest/bmgobdasw62e,153b89981da77ab6,1024,0/0
/spttest/bltwmxqp3rz,96c24a7dcfbd5f,1024,0/0
/spttest/nx435qrydpaw,2bb13f9fd1a24f58,1024,0/0
/spttest/ewkcv5gy9z42,1b3999fb5a19cc02,1024,0/0
/spttest/rcurhq5eqnq1,31f88e35913bdc99,1024,0/0
/spttest/hdjje5unheka,1fbd5a3652eae2fa,1024,0/0
/spttest/vyb047wgz0i8,3a5da5974b25ed50,1024,0/0
/spttest/2yt77e7hrxn9,56b66614403b015,1024,0/0
/spttest/26a5duij4yed,3f8d385f3042225,1024,0/0
/spttest/f6k544wc6m5j,1bbb6aa9c63701a7,1024,0/0
/spttest/cvhuitdewsaa,17847a70d38fc932,1024,0/0
/spttest/sw8s6xcvy5gz,34c80647e6850f33,1024,0/0
/spttest/yrlcv6bzd0nh,3f814ce9eec3738d,1024,0/0
/spttest/yr0cm24146jj,3f79b887e95acb1f,1024,0/0
/spttest/m07s0itz4vrw,283251c9841030dc,1024,0/0
/spttest/necx59ye3ud,12fef3646b6c0f5,1024,0/0
/spttest/nalqjc9eh0r3,2a8cdcf63444300f,1024,0/0
/spttest/k2jbna3itj94,24a93c3d14b7a4b8,1024,0/0
/spttest/88xiv8grkn73,f10ec8dee052d6f,1024,0/0
/spttest/rs1hhdfhdkju,32bdd1f47238064a,1024,0/0
/spttest/su2ntqkl6aa7,34abd65ad6c75e8f,1024,0/0
/spttest/qsvgw8lhwgto,30f50640eae6c22c,1024,0/0
/spttest/he2rq1n5pe1,e1e5a0954e8ac9,1024,0/0
/spttest/2b6hy8fl1vwp,43874938a0128c9,1024,0/0
/spttest/773jazbr1x01,d25802160971451,1024,0/0
/spttest/k2u5eruu0msn,24ad2449cc0bb967,1024,0/0
/spttest/rzcv8kr16p4w,331cda18bfcbf1c0,1024,0/0
/spttest/pplug5bhdpik,2ef6f8553463cf6c,1024,0/0
/spttest/hafzg274rqm1,1f951a282af5df79,1024,0/0
/spttest/6st9qp0br6w5,c6bf250d90556a5,1024,0/0
/spttest/ic2xz4lj1k62,217dfd5a53df835a,1024,0/0
/spttest/mm7bvmpm62db,294fec08b44e4b7f,1024,0/0
/spttest/p2u6pz4fvulz,2dcf39dd24f31bb7,1024,0/0
/spttest/priipq32luf4,2f0fbfa27c389b40,1024,0/0
/spttest/2zoag9363zpu,5769e1fc6a21992,1024,0/0
/spttest/owv0kjx541fa,2d8196e919595936,1024,0/0
/spttest/8nv9x2430fqv,fd2f3b4eff122b7,1024,0/0
/spttest/9zozm8jkfve3,12402b642a4b0cab,1024,0/0
/spttest/nwlqniqhz92d,2baaa0e85f3651a5,1024,0/0
/spttest/er4rh5z1lisx,1af3074bd865ef71,1024,0/0
/spttest/szvsjj9hj11d,34f74b6b5485f101,1024,0/0
/spttest/ywe0qehmw9it,3fbf997d790d1235,1024,0/0
/spttest/9d51hjknapqm,111b352ce75f57ce,1024,0/0
/spttest/1nklrg128bka,305cd59770a928a,1024,0/0
/spttest/nblxqwz381bv,2a99ecb807b087bb,1024,0/0
/spttest/irivdkxq43ri,2246936db059ea0e,1024,0/0
/spttest/79i7idduz8ak,d44c5e7a0e796bc,1024,0/0
/spttest/aod2z8gdjnnm,13809b03aab6ab82,1024,0/0
/spttest/5yv63nfjg2wo,ae6f402bb0931b8,1024,0/0
/spttest/ifdj9icuy38c,21a8c76d48af32dc,1024,0/0
/spttest/6mqemyahoz19,c1cfa3ba05f805d,1024,0/0
/spttest/omnvou8s4x9r,2cfd1f3dfd5b1d6f,1024,0/0
/spttest/159qe442tfx8,218128e744487dc,1024,0/0
/spttest/xr54rq7lqjdw,3da7d501f3e7f5a4,1024,0/0
/spttest/18ffs7n50nqj,24119513898c92b,1024,0/0
/spttest/8vl4merp9whq,1037347d874b71be,1024,0/0
/spttest/kx8brefsaajg,2637ef70b3c32bdc,1024,0/0
/spttest/4mta8j3wsixq,876c98fe4368ade,1024,0/0
/spttest/fwpqpb68lf2z,1d0f2891ea440f9b,1024,0/0
/spttest/259jtg8cganr,3eb9eee6b1985f7,1024,0/0
/spttest/x0557fzcprbg,3c4920322de8fe8c,1024,0/0
/spttest/jf2ycokcd6x3,23789354d5404047,1024,0/0
/spttest/m15dn4bypfro,283e716e62a38a14,1024,0/0
/spttest/dptgcoz8a3t3,190e5834484125c7,1024,0/0
/spttest/d6242m1u4sq3,180daee039b2cc6b,1024,0/0
/spttest/vjb0nurya8g4,399ad023b5959744,1024,0/0
/spttest/fsaib3s6kmmi,1cd5b47b0fd6558a,1024,0/0
/spttest/vzmd4zfjj3j8,3a6ebc4edef157a4,1024,0/0
/spttest/bntqn4xd6fs4,154d3d9bbc12e664,1024,0/0
/spttest/t7j2ug5gjm3c,355a9f1f2287ba98,1024,0/0
/spttest/i58c0fd89fv,ebb1d840a9aacb,1024,0/0
/spttest/uvdipu1zjnii,3863f90a2917c4ca,1024,0/0
/spttest/rw3gz9ruvsb0,32f27e6d9abd1b0c,1024,0/0
/spttest/678l0oxmu1k5,b53b520a986dd65,1024,0/0
/spttest/dx32nzcpzrsq,196cbd913b2ed07a,1024,0/0
/spttest/hhxjma973ygz,1ff65cf9317d1c43,1024,0/0
/spttest/qhwrmo4bwrq0,30669c56e589cf58,1024,0/0
/spttest/9cyvi7srwpt1,1118fb9e843625a5,1024,0/0
/spttest/6veeaqmj0iy6,c8d8c410f3d8aee,1024,0/0
/spttest/r57b5vhz0l0w,31952b0b9b178170,1024,0/0
/spttest/fqod0dj56k73,1cc0b9876ebfccbf,1024,0/0
/spttest/9be03ttsdqxc,1104766ece838990,1024,0/0
/spttest/9bn769k6imhv,1107c7e1969be863,1024,0/0
/spttest/k285r6jzxfmb,24a5351240831c53,1024,0/0
/spttest/y5nnimr2ydbk,3e645d54f289e5f0,1024,0/0
/spttest/d04cgc1sjd1v,17c08d93862ac8d3,1024,0/0
/spttest/pi0m194bn9y,14b3b9df8cf2296,1024,0/0
/spttest/fawpslfu9u89,1bf3e92b004bcb49,1024,0/0
/spttest/m2nv9po1n2bx,28521a8b7add3c8d,1024,0/0
/spttest/bjmi40lmuok8,1516ac1d5e0c21d8,1024,0/0
/spttest/4i0d3myrxgzr,83865346ac8b747,1024,0/0
/spttest/29o8udlw5xir,424e153071f1cf3,1024,0/0
/spttest/1eu0sx7uzj1h,2944bf1f59cb525,1024,0/0
/spttest/tjxw1lzx1amj,35fbd646a831a90b,1024,0/0
/spttest/q5dncrhdst3p,2fc3d74af9b34355,1024,0/0
/spttest/8608vbwddnz3,eeaf03ce732d79f,1024,0/0
/spttest/hlmth9ca5k7x,2026733fd4c2bf9d,1024,0/0
/spttest/vsid3ah3qju8,3a125dead60b0df0,1024,0/0
/spttest/6pbsdzqe06mn,c3eabc3093c078f,1024,0/0
/spttest/r6likvajoak7,31a7487c93289677,1024,0/0
/spttest/ixsl60288m12,229804740512f186,1024,0/0
/spttest/nzj4ry3akinn,2bd0a7cf444fb173,1024,0/0
/spttest/7t8w1rsnlzws,e453251891c000c,1024,0/0
/spttest/1r7jw2fvg0gm,3350cc9813aa156,1024,0/0
/spttest/vxu5xvx0tf91,3a579246331a4675,1024,0/0
/spttest/e4h7zd2289p0,19ccc528ec6ffd14,1024,0/0
/spttest/qaaiulfcrjse,3003a8e9ed2894ee,1024,0/0
/spttest/m9gnoj24nun,1212db3de45ffbf,1024,0/0
/spttest/skedesoavolj,342e2b7bd3287847,1024,0/0
/spttest/xf39u3kky77m,3d0b4a30345b6d02,1024,0/0
/spttest/9tgysc6q30fb,11ef56c6257216e7,1024,0/0
/spttest/e4wmjxjn6c93,19d254120ac1f687,1024,0/0
/spttest/iyp9kvsfriua,22a3cee05c6ae722,1024,0/0
/spttest/b1leqhsz28ed,142c7876d8011a05,1024,0/0
/spttest/4s7lmn2ek4jl,8bce63afaff5a01,1024,0/0
/spttest/racxmedm92ff,31d824cb9111fe8b,1024,0/0
/spttest/imw4my213ymd,220a69b1032f5b05,1024,0/0
/spttest/bdmc576hrcry,14c8ad4390abb26e,1024,0/0
/spttest/t6n79pyzgzqg,354f1eb08432b3e8,1024,0/0
/spttest/mmz0mft5vn7w,2959e9774f32b04c,1024,0/0
/spttest/w9hidpqsubs8,3aeee07c410fab28,1024,0/0
/spttest/i7zclpk70brd,2148bc6227944289,1024,0/0
/spttest/wv0j1lrgq32s,3c06839371497e14,1024,0/0
/spttest/boybhfdl1z0t,155be1d004bd208d,1024,0/0
/spttest/kar1c81rjyq5,2513eecae06d558d,1024,0/0
/spttest/v1db8mlzoesx,38b1d564aa0e37f1,1024,0/0
/spttest/mrattsqmkg5n,29922179d3ff0ccb,1024,0/0
/spttest/n81k14ouxbiw,2a6b9a640dea7698,1024,0/0
/spttest/4j8jdv4wv73h,8485587f14415ad,1024,0/0
/spttest/sda0z7zizw0t,33d1ad506cdf7add,1024,0/0
/spttest/298yil0j7ove,41f5d4d600b3caa,1024,0/0
/spttest/svz18f76qme7,34c481cc0e2825df,1024,0/0
/spttest/lbblqiw4e28q,26eef7bc0d97a6da,1024,0/0
/spttest/uvg6a3znjc1p,3864ee3bfca156bd,1024,0/0
/spttest/xls55edykbuv,3d6232e945df4f07,1024,0/0
/spttest/8186kojww3kf,eacdb027ac1a60f,1024,0/0
/spttest/j89fc26yszfb,231ffc515957fc57,1024,0/0
/spttest/w0gun1eevkbm,3a79bc42af870ea2,1024,0/0
/spttest/otgfstp42e22,2d555cb169550baa,1024,0/0
/spttest/7ev6n57rvpv,6049f71c736453,1024,0/0
/spttest/7452x8yethig,cff1710bcda53e8,1024,0/0
/spttest/mkzwxrlhnzog,294041dd720d2960,1024,0/0
/spttest/wvld2oaouwf3,3c0e07fd995e7f9f,1024,0/0
/spttest/451u4imo0ad3,79010eaa1ab8477,1024,0/0
/spttest/482uwl3byu0s,7b7670e31dcf37c,1024,0/0
/spttest/xb8qh5f0dbzm,3cd94db2b340a9f2,1024,0/0
/spttest/ivr3cr3swu92,227d7fde59459926,1024,0/0
/spttest/5jk1swie6d5q,a201a1473fcde1e,1024,0/0
/spttest/l0oekgxou4b,11105022c866f7b,1024,0/0
/spttest/xsd9yuam5uht,3db7c28bd447c7a1,1024,0/0
/spttest/gi0wjvyoteqp,1e23f6052ce77fe1,1024,0/0
/spttest/u1kdega643ng,36e0c4467a6c997c,1024,0/0
/spttest/etqtrk1eg4di,1b14f7c87fbfec26,1024,0/0
/spttest/x120mbqecpgg,3c54fc946b0bb1e0,1024,0/0
/spttest/tf53kx1w598,17e270d8ed8a79c,1024,0/0
/spttest/auggj886thxt,13cfc2708aab2611,1024,0/0
/spttest/xye35fbomdz1,3e05fcf6aec0443d,1024,0/0
/spttest/8zlz9udkgeim,106b78293421b57e,1024,0/0
/spttest/zwbbr2ed0vn1,41923de60dc8a52d,1024,0/0
/spttest/m4n2qjwnkxoj,286bcbd9cbef8e83,1024,0/0
/spttest/k3ngp9bbop46,24b7b7f02eb85c26,1024,0/0
/spttest/q6hs8993cg4p,2fd25287c2cf13a9,1024,0/0
/spttest/qnsw5thalfu3,30b32608e650816b,1024,0/0
/spttest/bbmohhol1z88,14aed26a7aad4d98,1024,0/0
/spttest/uo546jcv4uxs,38060400147954a0,1024,0/0
/spttest/79vmfg35wcnq,d499cf8629fd916,1024,0/0
/spttest/ry0kkcc00d19,330b6d093785b1fd,1024,0/0
/spttest/utjp99ibljmd,384c3983e0e59995,1024,0/0
/spttest/4ghm3xwas1gq,824a410ab9e906a,1024,0/0
/spttest/mjhms149c9f6,292cabe9ce1203b2,1024,0/0
/spttest/bn3zo54dplo7,1543f3329fda46f7,1024,0/0
/spttest/61fak2r5wu0,4e7325d9dc3878,1024,0/0
/spttest/nvx5sqp02njg,2ba1c28f7e6b87ac,1024,0/0
/spttest/i8mfdk67csyl,21510ff83179dc9d,1024,0/0
/spttest/wdo00kpj3h79,3b252cf82820b0d5,1024,0/0
/spttest/e5r6d6e3c3aw,19dd59f3b9b016b8,1024,0/0
/spttest/exv2au0zlu7a,1b4a742eed10ef26,1024,0/0
/spttest/rab63x5eqz18,31d781d5712d05dc,1024,0/0
/spttest/tndxqnf4fs2o,36289849d9234be0,1024,0/0
/spttest/qmy1fy1o8su,15a001da71edb8e,1024,0/0
/spttest/o38rq5eroviu,2c00dfabbeb37896,1024,0/0
/spttest/6pumyp2wlu1a,c4578d6e184034e,1024,0/0
/spttest/6n6l0vifzjha,c22d08305b9345e,1024,0/0
/spttest/xk1ragwog3k4,3d4bb08542e58e04,1024,0/0
/spttest/lomu9mkd7n5i,279be202ad190df6,1024,0/0
/spttest/eve0lzzcpjw2,1b2a5312ed2c98f2,1024,0/0
/spttest/9u3948wk0kji,11f76161c79bfbfe,1024,0/0
/spttest/gur4vogklk7n,1ec94c0abe3d6d93,1024,0/0
/spttest/k3ddx3kttfvb,24b4151e04457297,1024,0/0
/spttest/8mmarddubnbj,fc2b94bdd0a0ccf,1024,0/0
/spttest/68omgcx1y52m,b667bf562efd32e,1024,0/0
/spttest/gythh2s2w75d,1efe1a1eadf97e31,1024,0/0
/spttest/mo2tx58beh3z,296846ff90ffe91f,1024,0/0
/spttest/pjtuzl5ahzix,2eabed1fb7435c19,1024,0/0
/spttest/ch8dcvinlgw7,16cb357d984737c7,1024,0/0
/spttest/ppzhgp22csvo,2efbe42c0f0b3734,1024,0/0
/spttest/fsnaraj9taa5,1cda51e532a30e4d,1024,0/0
/spttest/lr4vaoit9a99,27bc5dcb0fc4612d,1024,0/0
/spttest/qz3f8ilwqh91,3145d47bc1428dd5,1024,0/0
/spttest/feb9ygmmj6ts,1c2021d3cd761750,1024,0/0
/spttest/13dappkvtr4i,1ff614a376f4d92,1024,0/0
/spttest/euc0g8p2947u,1b1c9cab9b40439a,1024,0/0
/spttest/l8tzhr72cage,26cea1e384166dee,1024,0/0
/spttest/71vyc7e4w5ad,ce1d1798c64cec5,1024,0/0
/spttest/gvozxyly3bhl,1ed583e55b5292e9,1024,0/0
/spttest/230dycejx1rj,3ce560ec8e9b22f,1024,0/0
/spttest/fnunnxuucvg8,1c9c074e3e011038,1024,0/0
/spttest/g26m7ptbegl7,1d563198c1f31a7b,1024,0/0
/spttest/t6skzp4jaxq4,35510fbcc1089c3c,1024,0/0
/spttest/9not4f0160ef,11a43ba54c35d887,1024,0/0
/spttest/th27cjo7aquc,35d66cfb57329d64,1024,0/0
/spttest/sncnv73gi75,174202600b5cf21,1024,0/0
/spttest/fzncay7zui8i,1d3542a8c517d6d2,1024,0/0
/spttest/t1hgreonvyqw,350c1a8c8c8b38a8,1024,0/0
/spttest/os7o2am2garp,2d453552c4901485,1024,0/0
/spttest/51p9qqgnajq9,9382dabf6165961,1024,0/0
/spttest/ts434f539ie5,3665fcb33556cc5d,1024,0/0
/spttest/g6o2dbzsaftg,1d90725629ba6694,1024,0/0
/spttest/gfukk5zj4x9s,1e07b28719633070,1024,0/0
/spttest/im69jn51qwqv,220114b5ecdc2d47,1024,0/0
/spttest/9u4yvl9zrpmq,11f7ffd7f8ec9182,1024,0/0
/spttest/f3h6y5hlhlvc,1b93627e4d8571f8,1024,0/0
/spttest/aqo0zpncggf,8b83ca87ef894f,1024,0/0
/spttest/e3uqyfgbypnu,19c4a95fa815516a,1024,0/0
/spttest/9ed17q7m926s,112b14adb2252554,1024,0/0
/spttest/rrkhd8nt3xmj,32b7af6674a185fb,1024,0/0
/spttest/vpg0xupbvl35,39ea8e3bd0e48b81,1024,0/0
/spttest/cx4ps69wyro4,1799b8014e7f0494,1024,0/0
/spttest/nim5fzfvj5d4,2af4ed435d99ace8,1024,0/0
/spttest/ab0e00krfg6y,12d32a2b4291caba,1024,0/0
/spttest/o46ayznlbqyg,2c0cf933ed4cfe38,1024,0/0
/spttest/q0c0mqshawby,2f824e56db56832e,1024,0/0
/spttest/9830z64nlfk3,10d988d883d06903,1024,0/0
/spttest/3s1b2y0kx8hj,6e703b790a3dd37,1024,0/0
/spttest/7d0u4v8youqq,d72765a9d1823a2,1024,0/0
/spttest/e8j1m3dp58br,1a01629536a27667,1024,0/0
/spttest/xgxds09i64xw,3d23249b39c17484,1024,0/0
/spttest/4ivs52ltpxde,843bb3593168632,1024,0/0
/spttest/x0snhsgqcljm,3c519b964efc9212,1024,0/0
/spttest/hauvzql1jv54,1f9a7ad1e1989968,1024,0/0
/spttest/xjxykgwyszmv,3d4a51b886d48567,1024,0/0
/spttest/cnwk1e5albny,1721df02cb69cc4e,1024,0/0
/spttest/7tqt6ukm8zj2,e4ba99c827d6bde,1024,0/0
/spttest/hdyqhgrejn0w,1fc2d5ee86e95550,1024,0/0
/spttest/iws6x3a0e9rd,228ae2a3f1ee00e9,1024,0/0
/spttest/wboha0wp1cmw,3b0b5ebf6ce5af38,1024,0/0
/spttest/e2yvjnsmfqs5,19b9295dc3192b55,1024,0/0
/spttest/9wfx4zvdi56i,1215edf2506923ba,1024,0/0
/spttest/ltv4auofi7j4,27dfd0fc378f25a0,1024,0/0
/spttest/8tvy8gqa91p,72b2b6523be64d,1024,0/0
/spttest/xii90q6ww4ok,3d37a963858377b4,1024,0/0
/spttest/2uqoz9kwlxol,53689da6392ddc5,1024,0/0
/spttest/yicpd3qyxlbr,3f09465b32636437,1024,0/0
/spttest/8ai3cldb73mm,f2555ba95fb9d1e,1024,0/0
/spttest/kw7qsn1bvdp7,262abc63ecda561b,1024,0/0
/spttest/6cz442vm64db,b9e39fa14192d9f,1024,0/0
/spttest/uaigcqv06gsk,3754fa6cd6491684,1024,0/0
/spttest/mwaj4rtz2ls3,29d2f8516f6221c3,1024,0/0
/spttest/fcxy22olawcx,1c0e554064a1f751,1024,0/0
/spttest/6gwa5phaufdu,bd12968e7e4a762,1024,0/0
/spttest/4jpfdp2a3bpp,84e6d8417acc00d,1024,0/0
/spttest/sh8jsa0onf1q,340519dc104063ee,1024,0/0
/spttest/4efn0v0pnhws,809f3295487636c,1024,0/0
/spttest/zjes0ssfxju4,40eaa069816c01ac,1024,0/0
/spttest/p2k14mk4i8e7,2dcb8fd4b6ddaeff,1024,0/0
/spttest/f64ma43fc4hp,1bb5d0d0d049bcbd,1024,0/0
/spttest/eygr40lc1r4h,1b5247933a183f91,1024,0/0
/spttest/v08qdh3r0b3n,38a33120a3f76f33,1024,0/0
/spttest/m0zfutd19kly,283c4ce6d9e61596,1024,0/0
/spttest/2z4pldaxerta,56f8d9c59eabd4e,1024,0/0
/spttest/lit9evrks6vt,2750438a766b61d9,1024,0/0
/spttest/umxrud2qujit,37f660823f03b055,1024,0/0
/spttest/eq8o5msubd2z,1ae772fe430d84fb,1024,0/0
/spttest/d2edyl90bwz6,17de27a3984e0fb2,1024,0/0
/spttest/l2snpb6fjaea,268037baaa3ef262,1024,0/0
/spttest/s6su34eu501e,337d89d4c7fe6572,1024,0/0
/spttest/l3oqvkxbajbz,268bcba83e518f5f,1024,0/0
/spttest/78mw5kz6u0ti,d39795aa99011a6,1024,0/0
/spttest/zecvp1563x25,40a8fed10044141d,1024,0/0
/spttest/mqo8r06bkbe4,2989fb4b42c0f9ac,1024,0/0
/spttest/re0e51mxdc4n,3207936a9be5a7a7,1024,0/0
/spttest/m4b5itxmwdag,28677e9432105548,1024,0/0
/spttest/b0xfal4j5ox0,1423d10ef4e36064,1024,0/0
/spttest/5qaj9cmqtqv5,a7797fc34d99f41,1024,0/0
/spttest/ai812ly5x757,1330d8bddf8b5f6b,1024,0/0
/spttest/alk0ckm51nzc,135c231338c3aca8,1024,0/0
/spttest/hxy89oczjouc,20c67053bca87784,1024,0/0
/spttest/l795gv36yeke,26ba203ae4c2203e,1024,0/0
/spttest/x5gkvlv1wyzl,3c8e32bd40650621,1024,0/0
/spttest/ysigyhgb13q9,3f8d3f9094d18421,1024,0/0
/spttest/dn7ygiqw7sws,18ec9c0bda8f761c,1024,0/0
/spttest/b60ukbl3ycat,1465ffa09d6579c5,1024,0/0
/spttest/i3ip90dkbs0,eb13b5a9e575a0,1024,0/0
/spttest/bdioh6vkccwg,14c75b6f5e2fdc50,1024,0/0
/spttest/b07owofhbwwu,141a88269451485e,1024,0/0
/spttest/at03tgc3b2ib,13bcdeaa21c5b473,1024,0/0
/spttest/fhe5dqiec1rj,1c4822f6450cc9ef,1024,0/0
/spttest/mbmqcqd8tvoi,28c698df9a7141a2,1024,0/0
/spttest/op3rgsbwtrsc,2d1cd4cf758f1dec,1024,0/0
/spttest/828vcunif98,68b98d2d284cbc,1024,0/0
/spttest/u665j9kjhvu2,371c9538693bce6a,1024,0/0
/spttest/1qcf5cy6jt0r,329d13476dca7ab,1024,0/0
/spttest/2a7dfxjjf5t3,42bc81ec87bba27,1024,0/0
/spttest/oqu1biatqozi,2d334cec4d1985fe,1024,0/0
/spttest/xzl4dh9r9z4f,3e1583f0168c290f,1024,0/0
/spttest/zsmw3vs1dn4h,41627526c982f751,1024,0/0
/spttest/i6hbgrw1hvgr,21353d94ae948a8b,1024,0/0
/spttest/3lqt6vzqvaa,2ed04b50b39fe2,1024,0/0
/spttest/b98ltq1f1n39,148fc3ebe9761e25,1024,0/0
/spttest/504nmz9mmsn4,923c055d1938480,1024,0/0
/spttest/vrmcfkhl70ck,3a06d0715feb1684,1024,0/0
/spttest/t5begc9kpv0m,353ddf7236058146,1024,0/0
/spttest/nk5632n807dq,2b08c7297e04c95e,1024,0/0
/spttest/o9wtjhadlhyg,2c577cb48c02b328,1024,0/0
/spttest/cem3z387zdv8,16a932cd1bfca7f4,1024,0/0
/spttest/z7m4859n907l,40516738dabcf451,1024,0/0
/spttest/o4xggs1op6nf,2c16c53dfcd169eb,1024,0/0
/spttest/qye2b8uhjzbt,313cae1ddc806299,1024,0/0
/spttest/ka2mx91fmw45,250b20f771072f15,1024,0/0
/spttest/uy7tew23xhg9,3888e20b459c8199,1024,0/0
/spttest/d728mntgttkm,181ab7d31e77cef6,1024,0/0
/spttest/vsesowyqyy3h,3a111478ec89031d,1024,0/0
/spttest/ecz8i6o1vju2,1a3b2f2efefe572a,1024,0/0
/spttest/wy6z8h503fa,1abfea4406e5a56,1024,0/0
/spttest/u6ipt5vti645,37211da90e579875,1024,0/0
/spttest/ffjy846geagy,1c30404c03305482,1024,0/0
/spttest/72znx0bh1vxm,cf02576aca354ea,1024,0/0
/spttest/xsy281gyztev,3dbf42689f2631a7,1024,0/0
/spttest/v0cvf4mn1y6q,38a4af8c17e9f252,1024,0/0
/spttest/gc2ioeoxv4sr,1dd69b9e14c62b0b,1024,0/0
/spttest/pokzrl4idyn4,2ee9ac5a20d1e2a0,1024,0/0
/spttest/dyo88puilxs4,19815cdd2b5eb844,1024,0/0
/spttest/ak7tjno0xg4,892fff99deed54,1024,0/0
/spttest/4ujyff84e1g0,8db5600e7ab52d0,1024,0/0
/spttest/fi0erzlfoamz,1c502b2bd23f1edb,1024,0/0
/spttest/b71x311ym4ym,14735fb79e20989e,1024,0/0
/spttest/1mrz5k31hwtp,2fb79080e89cd6d,1024,0/0
/spttest/t9pd2fx7umye,3576de127547cab6,1024,0/0
/spttest/vh5cy0pxwm5h,397ecaee33937d25,1024,0/0
/spttest/pu8quklxqg6d,2f33309821e2c965,1024,0/0
/spttest/e6n540zuo5v,b83f2e597958d3,1024,0/0
/spttest/6k6irsl0g36l,bfbd2f67a3b681d,1024,0/0
/spttest/3jxp3t5gvl1q,67dcc2c40e2504e,1024,0/0
/spttest/v6lv20j2mji,1950d43526db19e,1024,0/0
/spttest/tl4rym4xsvwg,360b4fa23db7c180,1024,0/0
/spttest/dyayh4myehut,197c9304b5e44be5,1024,0/0
/spttest/dj3tg0dl6d2k,18b728ae5e1610ac,1024,0/0
/spttest/kf753bosmtqn,254db357165eac0f,1024,0/0
/spttest/g3lrgibziegw,1d68a5d5278548c0,1024,0/0
/spttest/k8itiin9l6xt,24f6fd41634f1b61,1024,0/0
/spttest/4valfnuu4lqp,8e4f29ba4008d11,1024,0/0
/spttest/ztz5c8x64t5x,4173de83f1b0d6a5,1024,0/0
/spttest/s0hv5l9ngmjp,332ba4fb590fa125,1024,0/0
/spttest/wcbl7zf5tgrn,3b13b555c178ab23,1024,0/0
/spttest/x2pnz7q7z12i,3c6a823cdad82f2a,1024,0/0
/spttest/l3aoty8kdgp0,2686b941095ca9c4,1024,0/0
/spttest/euovd600lrb6,1b214068cf721d82,1024,0/0
/spttest/sfml3tdvsbhz,33f02fe3c1a58c37,1024,0/0
/spttest/u4prnpm9hfnx,3709ae77b5fc7a8d,1024,0/0
/spttest/jvcrkuys9keq,244bf1be6c5a1392,1024,0/0
/spttest/o0uqnf3tse8t,2be1d53ddac7101d,1024,0/0
/spttest/4hdnhzhcrd8m,830336a65285bc6,1024,0/0
/spttest/rrfn5zyif6p6,32b5f070053b59aa,1024,0/0
/spttest/4g4c01qhds13,81fd957b6cd3827,1024,0/0
/spttest/6ttmdg5c6h0p,c790ffbd1719ba9,1024,0/0
/spttest/xafikl8xxenk,3ccec2bce6d1f970,1024,0/0
/spttest/id6z7l9hoecg,218c6f4061ffe3a0,1024,0/0
/spttest/8mnqs1mgcypz,fc33ec3df3172c7,1024,0/0
/spttest/9veubasuf9fq,12088d12cfbf0b86,1024,0/0
/spttest/4worurt90888,8f70d7de0d896a8,1024,0/0
/spttest/o3lrb3w70ngr,2c058f62cdd14dcb,1024,0/0
/spttest/vyj8hhprts5a,3a609e0258e982be,1024,0/0
/spttest/chq0l4tvtx08,16d1935a35a3df58,1024,0/0
/spttest/dvj4ngrsxhms,19588e0a5efd7f84,1024,0/0
/spttest/ct0cfviqm3sg,17642f46018e4eb0,1024,0/0
/spttest/r4e7i69h185z,318aaafacffe3497,1024,0/0
/spttest/vxuyskvinn4g,3a57dc4dc27e42d0,1024,0/0
/spttest/388vunej7dkh,5e5f6734fd61b71,1024,0/0
/spttest/qwqks6bv3azk,31273769b0c74560,1024,0/0
/spttest/gek23m6rle5b,1df6ea39939b2ddf,1024,0/0
/spttest/fvudm2fw4ads,1d03d79173136990,1024,0/0
/spttest/5685q1ff1ido,972f361eee7ae4c,1024,0/0
/spttest/r8c13mcr07dq,31bdd6d6972af05e,1024,0/0
/spttest/f8wpnccqw6vz,1bd9ee47b8f674df,1024,0/0
/spttest/gk15nod37qoi,1e3e07e551b6f9d2,1024,0/0
/spttest/sjzo3m0itkkb,3428dd62f21c7f5b,1024,0/0
/spttest/h1dvllbhtmna,1f1f703dad5864e6,1024,0/0
/spttest/o7dcdeyafhj4,2c367b2504a13880,1024,0/0
/spttest/wqcxm0pu2a8i,3bca0b1654e70252,1024,0/0
/spttest/xyjbqvprxiu8,3e07e0dc39724ca0,1024,0/0
/spttest/u37h2g0np6s4,36f61768b209e594,1024,0/0
/spttest/js7j3epm0vr2,2423165cc3ab1abe,1024,0/0
/spttest/az7299cdybex,140d50c7105b1b49,1024,0/0
/spttest/xvuzibkwgqvn,3de51e1c09760c13,1024,0/0
/spttest/d80xu38204ug,18273d04d9722a88,1024,0/0
/spttest/g8xsbfyq0nlz,1dadeebd6c234987,1024,0/0
/spttest/m1mmnxbmab65,2844aad73cb7090d,1024,0/0
/spttest/s6rrpadbz5r4,337d2758693f26e0,1024,0/0
/spttest/chik5n98fi9n,16cee29e4675863b,1024,0/0
/spttest/bpnei8jh0uou,1564eec612e1785e,1024,0/0
/spttest/d14jbu2jlp9v,17cd9c7909cf4e33,1024,0/0
/spttest/iqmveq8frgj5,223b07b9fa0f3b71,1024,0/0
/spttest/c4l85w4hgryp,1626fc9d179f7291,1024,0/0
/spttest/ivsvh209jmi1,227e2462ab7401a9,1024,0/0
/spttest/v77pljeljgme,38fdbf90b88b77e6,1024,0/0
/spttest/ty893qken2yw,36b56d0f37576cc8,1024,0/0
/spttest/5y5r0526kf51,addc8115187e7a5,1024,0/0
/spttest/g6xzbt4klnyk,1d9406368893208c,1024,0/0
/spttest/ot7owu60rz3a,2d5234c1c4c3a266,1024,0/0
/spttest/fgqh1zm7esk0,1c3f98138bbe7710,1024,0/0
/spttest/2xxeqzyjkgit,55fedf432f2fba5,1024,0/0
/spttest/3fdg9txrch5c,642891e43b510d0,1024,0/0
/spttest/wif327iy6v6f,3b62e7c0ac40bd57,1024,0/0
/spttest/6kdqhpgfo39f,bfe6d590dd4a583,1024,0/0
/spttest/9d52nsuntpuu,111b382feba55726,1024,0/0
/spttest/djtg4yrqdlue,18c0681cf16075d6,1024,0/0
/spttest/8hs3akdncpnw,f83de105a8f97ec,1024,0/0
/spttest/bhwwc6gxddlc,150071c95556e710,1024,0/0
/spttest/9kbu4ykeysvi,117895b1601784ae,1024,0/0
/spttest/p4aj1izszboa,2de21ca00d138dda,1024,0/0
/spttest/ltad35nzltz4,27d853cbb7905a00,1024,0/0
/spttest/5gk317z8916w,9f92577e6e29248,1024,0/0
/spttest/qx3rigwhzw3c,312bf977fd8a3e38,1024,0/0
/spttest/m9383b4l85sk,28a59481f4df0454,1024,0/0
/spttest/t6b2vy163mjp,354abf068f2edee5,1024,0/0
/spttest/g43xtqcqboki,1d6f34cc51843b22,1024,0/0
/spttest/rekr6hks8joi,320eec3d441911a2,1024,0/0
/spttest/8w7s78upggbz,103f6116f7cfe7af,1024,0/0
/spttest/fuxsri00kpsi,1cf8164a434e9f92,1024,0/0
/spttest/q0n9jpltg0wf,2f865d440ece698f,1024,0/0
/spttest/4njdndar8g76,88033e42cd8f702,1024,0/0
/spttest/so64qyi4aua5,345f2756e39c63cd,1024,0/0
/spttest/lmrsbgopbbau,2783b056690de6f6,1024,0/0
/spttest/4svyymi3jnqo,8c5b1470de849f0,1024,0/0
/spttest/3h25ta8u2c1x,65870be6bd88785,1024,0/0
/spttest/tya4ahe5i62e,36b619729f2c9c36,1024,0/0
/spttest/ituld7r4f6qx,2264c8ad49204fe9,1024,0/0
/spttest/53m6abudblbh,9510a36bc66d5ad,1024,0/0
/spttest/umv4ui6ygumd,37f56cc4f5cdd905,1024,0/0
/spttest/3gbxzrxf55e8,64efb1b1ba9ad90,1024,0/0
/spttest/d6kq0ds8un7u,181465cae78a990a,1024,0/0
/spttest/4n7srkerup6f,87c06422224cdf7,1024,0/0
/spttest/oblwdcw72qe2,2c6d866dd80bd91a,1024,0/0
/spttest/wzpqdegcycno,3c43909c37006094,1024,0/0
/spttest/1s4rwyl3kzuw,34109876f9e6988,1024,0/0
/spttest/550z8yxq8es1,9635eefd6549ad1,1024,0/0
/spttest/g4xuyvnfpfn9,1d7a0083cfa0b675,1024,0/0
/spttest/i72zq8h4ogn6,213d0f912662d242,1024,0/0
/spttest/j14fjsfqv9t5,22c3423af553b969,1024,0/0
/spttest/wzpcbnm9y5pc,3c436c9098c04260,1024,0/0
/spttest/59lw3romai7w,99edfa0f96020bc,1024,0/0
/spttest/58uvl5cga477,995205bf0ae83c3,1024,0/0
/spttest/o9zf9svtgaj6,2c586d3301adb252,1024,0/0
/spttest/munwgyusseoy,29bdd0d0f0012d62,1024,0/0
/spttest/klfvmr1bpkco,259ec9ebe451f248,1024,0/0
/spttest/bg7xeefb1olt,14ea720c38e219d1,1024,0/0
/spttest/lltpjuta7lke,277764b7d469e6ee,1024,0/0
/spttest/21karu9xyuu0,3bb8abf8e94f598,1024,0/0
/spttest/99svq1269g0s,10efda3246c6575c,1024,0/0
/spttest/26eu30ydemue,3fa845e9cf22026,1024,0/0
/spttest/xb2ucwcxd44z,3cd72d72deb9c733,1024,0/0
/spttest/5vb2iuktcc39,ab8bbb21a473535,1024,0/0
/spttest/72s4ac1r1fu1,ced6c851ac6e569,1024,0/0
/spttest/cjpefv47sqte,16eb550b019d1dc2,1024,0/0
/spttest/609i2udqxn4h,af91d279a030151,1024,0/0
/spttest/qp0p01sa3a1l,30c2f3dda2149f99,1024,0/0
/spttest/24jv3y1v8nrk,3e25a5422012d50,1024,0/0
/spttest/i1sb63w9s7wi,20f842966c0cf002,1024,0/0
/spttest/8kjscxr2xz6b,fa7d6d561aece53,1024,0/0
/spttest/uy5jcre2erxq,38880f7f776b6eee,1024,0/0
/spttest/1eugkbyqr4n8,2947462ad322244,1024,0/0
/spttest/fzmyte04qcus,1d35200d6ac36794,1024,0/0
/spttest/nh062sj74mp4,2ae00187d9291ee8,1024,0/0
/spttest/i4g40bg91edc,211ad390d1cb9800,1024,0/0
/spttest/i88txd2u99y4,214c28258013d09c,1024,0/0
/spttest/y6pnhik8de4e,3e72133ed757c0be,1024,0/0
/spttest/xb6skj6nskyi,3cd89a558e70d81a,1024,0/0
/spttest/ux9ct9g4rbtz,387c72ee04e908a7,1024,0/0
/spttest/9aqq8ojgo1wj,10fc10a6bc22dba3,1024,0/0
/spttest/2mwkghupttdo,4d0be6863bd3afc,1024,0/0
/spttest/a0rxksdqbic5,124e3884946c9f95,1024,0/0
/spttest/ps538ckojl8n,2f17e4610fe79a47,1024,0/0
/spttest/p4m6rstfoum3,2de6518fb98b33fb,1024,0/0
/spttest/j586if86m64a,22f8918a6c071e7a,1024,0/0
/spttest/mdwb3vtwz8dj,28e407f3b22a7927,1024,0/0
/spttest/z70gh29yipw0,4049968bb264d990,1024,0/0
/spttest/wkazpbn22tji,3b7b682d688ef00e,1024,0/0
/spttest/o96sssadxj2o,2c4e193a782833d0,1024,0/0
/spttest/1ql9zs440h5l,32d034ae736ead9,1024,0/0
/spttest/roj7xw0jbe3p,329043135b2a4f25,1024,0/0
/spttest/g5yb4h0ral8u,1d8727390bc7950e,1024,0/0
/spttest/87quk53ht66f,f0186b7ff66b187,1024,0/0
/spttest/2dia97j2uauz,456afc3be2eb07b,1024,0/0
/spttest/y284ixmar73d,3e37cb4f42634ea9,1024,0/0
/spttest/n2u2sovgi5y5,2a27f54f46335a9d,1024,0/0
/spttest/zgfpiyzdwrkn,40c3fe9ba4be8c97,1024,0/0
/spttest/brf1nmh8lqjm,157be55eb85185a2,1024,0/0
/spttest/a72jtx7of267,129ffcd6c6859cbf,1024,0/0
/spttest/6oniqzlzf477,c35ea3146baea03,1024,0/0
/spttest/b1y6kvdyqcoi,1431145309f268b2,1024,0/0
/spttest/vii95wjg0au9,39906f45eafeb2e1,1024,0/0
/spttest/wune6wxa6m9p,3c01c6569cb5a43d,1024,0/0
/spttest/iripkdupijf3,22468484c5cef3cf,1024,0/0
/spttest/gyyomy7bg6vw,1efffa5711d98ddc,1024,0/0
/spttest/77fracsewp58,d29e907ec32454c,1024,0/0
/spttest/bwswakf9wv74,15c1d70cad796af0,1024,0/0
/spttest/8g1ss8h6uayz,f6d6444bf7bbd0b,1024,0/0
/spttest/47c6xqs76hj7,7adc7fc1f55d543,1024,0/0
/spttest/v881xb4wu6vv,390adc734a311e5b,1024,0/0
/spttest/yaovkktxyo73,3ea5c0a6139443ff,1024,0/0
/spttest/rfzqz3eu0ezq,3221527e244c11e6,1024,0/0
/spttest/eip6y0g998mv,1a857f09bac5fcf7,1024,0/0
/spttest/zcglz2v77501,40905cd58e683811,1024,0/0
/spttest/ttdojzid8g4b,3676704306cca89b,1024,0/0
/spttest/q68lm8lthmgh,2fcf02408e0a3cf1,1024,0/0
/spttest/hstitnrvkvnz,2083cb48cb76584f,1024,0/0
/spttest/eccf17b39wu9,1a32f376d1cfad81,1024,0/0
/spttest/vytoh0558yip,3a6462b59859f9c1,1024,0/0
/spttest/jckuw4oo5vlq,2358114fff9ce73e,1024,0/0
/spttest/fnuff4hqu234,1c9bf226ab2da410,1024,0/0
/spttest/g393ab2vfye4,1d641364957652dc,1024,0/0
/spttest/ok2489vn5jax,2cdb4a89eb40d3f9,1024,0/0
/spttest/vhvuuag0hnq4,39885a6c4e02f25c,1024,0/0
/spttest/emq9qr4t990l,1ab9d79cf8e292e5,1024,0/0
/spttest/sipjo0tdmk6y,34183912bb2ed0ba,1024,0/0
/spttest/qt4yt7w5wlcj,30f8738963d48913,1024,0/0
/spttest/eomkcwn0nm0g,1ad27be3f06e8b30,1024,0/0
/spttest/ghfs1wwvjno8,1e1c56be33853d98,1024,0/0
/spttest/6sqviy4ign12,c6b151b310b5a96,1024,0/0
/spttest/a8s0rxd4woob,12b62ac72159eceb,1024,0/0
/spttest/q88oeevin99v,2fe903e7bc6a1cb3,1024,0/0
/spttest/i6entk8dd2jb,2134482d45f51b17,1024,0/0
/spttest/929cqevwr1ws,108de1ae1db69e6c,1024,0/0
/spttest/nuo44k194mue,2b9181b33aeed9a6,1024,0/0
/spttest/xlzm55xdl279,3d64e5172b6fdf65,1024,0/0
/spttest/99dkdqqkf9sr,10ea5392cc28fb5b,1024,0/0
/spttest/avm64hpjthyf,13decf32994d0727,1024,0/0
/spttest/kprfa1kar7qw,25d6e968b6c109f8,1024,0/0
/spttest/vgu4li28irsv,397abd7619b60d3f,1024,0/0
/spttest/49pozts8gy7e,7cca19e39f6992a,1024,0/0
/spttest/rvxewi7tk9o3,32f04ee3d84946f3,1024,0/0
/spttest/3f4aou9u8uju,63f3b7aa47aceaa,1024,0/0
/spttest/chdnhiv5m8jk,16cd1d522b3635c0,1024,0/0
/spttest/rjelnml56t1u,324da623edd49192,1024,0/0
/spttest/3md9po098vm,2f09eb4293c532,1024,0/0
/spttest/mgz7ienngh4s,290c0b994a844dbc,1024,0/0
/spttest/44z4a8807hky,78f15e06db174c2,1024,0/0
/spttest/203uzzqi7dor,3a89f20ca932b0b,1024,0/0
/spttest/idj1qlzuezxp,2190ca2857abc76d,1024,0/0
/spttest/orc0urxpkcfr,2d39ca5bdf1088f7,1024,0/0
/spttest/1auybasugpb2,260ace61eb4121e,1024,0/0
/spttest/rtnhio3lvn8y,32d2bf67c3a7a872,1024,0/0
/spttest/x4v3mn3nj1fk,3c8672bfb40de100,1024,0/0
/spttest/jfo6t9u0dy8w,23803cc5f0a3f6a0,1024,0/0
/spttest/4unk82j48qmf,8dca3080f8708c7,1024,0/0
/spttest/6juqk6w7bi06,bf79287406976e6,1024,0/0
/spttest/bjumouqtd7fh,15199acf149d2bdd,1024,0/0
/spttest/w9qwacmlzw28,3af2437b12791a10,1024,0/0
/spttest/6vndmvam9rmz,c90c9ddf67aa22b,1024,0/0
/spttest/27s6544ixlju,40c515a09094d5a,1024,0/0
/spttest/jxbos5hzi6ss,246588b6225129ec,1024,0/0
/spttest/djmk2o2xl2se,18bdeba281d40a5e,1024,0/0
/spttest/fcull6qokxt2,1c0d20275fed4826,1024,0/0
/spttest/lqejgo7le8t5,27b2dddb43d75519,1024,0/0
/spttest/8l2ujxpmbvgv,faeb775e4ac1e0f,1024,0/0
/spttest/8nmy3ab5rav3,fcff26a507400bf,1024,0/0
/spttest/mhwkp4qa883m,29181595d28f4d02,1024,0/0
/spttest/vyaf5gv2cbxz,3a5d6fcc6c552577,1024,0/0
/spttest/icp6nnihgsil,218603ba7a0b5d5d,1024,0/0
/spttest/dkauqor0vuyg,18c6afd7a167fa78,1024,0/0
/spttest/m9si8d5mb9i,1214c1a89c35b86,1024,0/0
/spttest/yfl0ld6s68fn,3ee54e582fc4f433,1024,0/0
/spttest/cjjyi1ew0o4y,16e95e4de2872232,1024,0/0
/spttest/a12hzzewtqjp,12520899586933a5,1024,0/0
/spttest/n07nsj0iy1ef,2a05e4324df5bd97,1024,0/0
/spttest/l8b5fm5neu2f,26c7d622625f5ab7,1024,0/0
/spttest/tge57ckng5ci,35cdbea459f34612,1024,0/0
/spttest/5x7kxq2w830l,ad173fb01dd0945,1024,0/0
/spttest/pjcw767ednzi,2ea5cdf85b7924ae,1024,0/0
/spttest/rwmey4bbvazf,32f954360abc005b,1024,0/0
/spttest/4j6zw9m3rbb7,847c7289d14fd03,1024,0/0
/spttest/up30dqdlxq05,38123ec52d396ae5,1024,0/0
/spttest/b20njazr7b8o,1431f8914a89fba8,1024,0/0
/spttest/kp8ignxqe6od,25d01694eae4074d,1024,0/0
/spttest/w3pwfjttterl,3aa3f7f15788b101,1024,0/0
/spttest/rg8hz0gla6er,32247ab5825f73f3,1024,0/0
/spttest/p3g4qtuo1g7s,2dd724e4fa72a858,1024,0/0
/spttest/ddk6wwlxnn6a,186f21978c1e0a12,1024,0/0
/spttest/w6lj3tv0ljxk,3ac95c0ca32fc428,1024,0/0
/spttest/7ywgyfonl4s6,e8ea6b725025276,1024,0/0
/spttest/fw6q9glq1mwp,1d084c719b3e3839,1024,0/0
/spttest/g9fht6lhgf9d,1db45268b5137641,1024,0/0
/spttest/dkp3km25np75,18cbd3a82455ac51,1024,0/0
/spttest/74g7cy3nbnou,d031a7f7ff7cfae,1024,0/0
/spttest/n76yjk9cuztq,2a609035c3cf60de,1024,0/0
/spttest/gsb4x1spheff,1ea98bbbfb2c5c4b,1024,0/0
/spttest/66bzr5tssazn,b47f2c877e166a3,1024,0/0
/spttest/t2dsb2su9573,3517c3f5544c308f,1024,0/0
/spttest/8j6jraj3suun,f9612b87e9dfa2f,1024,0/0
/spttest/ppuqwgc8u1vl,2efa2e8bc97d1d01,1024,0/0
/spttest/47qvba6sqhk4,7b313af1c7aaf64,1024,0/0
/spttest/btir8cprroej,1597369c34bb734b,1024,0/0
/spttest/cp5nhp9yuoyj,173224710a72cfdb,1024,0/0
/spttest/ok6o9yghfw5c,2cdcef7284c9a180,1024,0/0
/spttest/4gks55r98gou,825c8a6c13a8b7e,1024,0/0
/spttest/9uc002zd1q46,11fa894ea8c0f376,1024,0/0
/spttest/1v30ml0wth0k,3675eea4daaeb64,1024,0/0
/spttest/bvt43nnygmk8,15b4edd39ae52438,1024,0/0
/spttest/x9bhb4je7j8y,3cc050c4941c5732,1024,0/0
/spttest/hdkrbstu5hbf,1fbdcaf03ab6d8eb,1024,0/0
/spttest/db9e9ebn293i,185141e0f0f93d8e,1024,0/0
/spttest/gye73lfz9ut2,1ef895fa3dbdb336,1024,0/0
/spttest/25o2s5amvckx,3f0dcbe6310df71,1024,0/0
/spttest/lx0c9bprha8b,2808ab039b3c3d0b,1024,0/0
/spttest/qeeazaq1lh3p,3038fb38f998f2d5,1024,0/0
/spttest/g07kequ44hwm,1d3c8ed223280fa6,1024,0/0
/spttest/kg8szv9t5nep,255b4a4c341cb6c1,1024,0/0
/spttest/79pwee09t3ok,d478c57df89c0e4,1024,0/0
/spttest/1xba01m4lwkn,384546d13e54427,1024,0/0
/spttest/5jyustrhlse3,a2571a339dc4ffb,1024,0/0
/spttest/n9t3mxyoa0un,2a8287e509d992cf,1024,0/0
/spttest/kl037k88u2zm,2599177929cb92a2,1024,0/0
/spttest/hdhpu8uvq7v7,1fbcb204481d6153,1024,0/0
/spttest/9qzy1lgw3f22,11cf38182ed95efa,1024,0/0
/spttest/y5ow87x3c864,3e64d00ccfc02b5c,1024,0/0
/spttest/yxof5gkg3g4z,3fd0576c67b89473,1024,0/0
/spttest/4ls12ppxl9hg,869586e355cf844,1024,0/0
/spttest/n0qplw5ehq1y,2a0cc3da0e56e026,1024,0/0
/spttest/g6j6x21gk42i,1d8eb02a0af9659a,1024,0/0
/spttest/240u2oohsg2u,3db7cad2a4b5166,1024,0/0
/spttest/7vich1xmdrcy,e629649aff215c2,1024,0/0
/spttest/6mnmzfd0aknh,c1bfa8b24288b0d,1024,0/0
/spttest/2uf4igg1atmw,5325d49e7dd1588,1024,0/0
/spttest/sb3k02c7j4ki,33b55d0872aed4e2,1024,0/0
/spttest/nm4xi1pu7k79,2b22aba69590d405,1024,0/0
/spttest/nq6bbuu9cdi,13432ae67872ce6,1024,0/0
/spttest/g1feuz9fahv2,1d4c60c92cdc5bee,1024,0/0
/spttest/f14pkbhhwme7,1b74e6f4ec5b7e5f,1024,0/0
/spttest/j0qd87r48vro,22be2f1e4f9c92d4,1024,0/0
/spttest/myzebnutr7cb,29f5ebb321eb02eb,1024,0/0
/spttest/cyxo0a61cvrz,17b127631e1544df,1024,0/0
/spttest/2v1zfko5tmva,53a9cb9517e9e06,1024,0/0
/spttest/63ftx4zsk8px,b225d8462cbf125,1024,0/0
/spttest/pqi2qp9k6ca,14e4b5f40fd2a1a,1024,0/0
/spttest/ymbrk3k5p7hn,3f3ce4a51f88172b,1024,0/0
/spttest/a38vgetzzer3,126e4fd91624ac6f,1024,0/0
/spttest/wpr0nm5yqzqe,3bc222cc073eed66,1024,0/0
/spttest/2k40vbetpnr8,4ac7752fbdde984,1024,0/0
/spttest/ys1ymiq0e4p,1c3c212bebb0989,1024,0/0
/spttest/v8v0mddlr7tj,3913259318713957,1024,0/0
/spttest/x3bzwvbq54xd,3c7290f61c0cfe31,1024,0/0
/spttest/59p3lg41m0nw,9a007f439d71ddc,1024,0/0
/spttest/v5m3vmcthobm,38e8f6d8c773a262,1024,0/0
/spttest/j6wrjmajp0jd,230e6d9a1c6849f9,1024,0/0
/spttest/mt4ww94r4j39,29a9f9a6f9a154a5,1024,0/0
/spttest/ti94yutfr1kc,35e5eab57ba8a3ac,1024,0/0
/spttest/c45f9xdd4ezc,162148f8455ef5d8,1024,0/0
/spttest/iweui259xz7o,228611fe1638ad84,1024,0/0
/spttest/u37zvq2idpo7,36f647ae0becbd37,1024,0/0
/spttest/8m200knr2vf4,fbb665d1c300290,1024,0/0
/spttest/6sp5mipf224y,c6a76483a2d8a52,1024,0/0
/spttest/u5ngt8fhpw52,3715d72868177bf6,1024,0/0
/spttest/v0j9g2y8l7f9,38a6fdbee17d08d5,1024,0/0
/spttest/n9ln2yu8zdvn,2a7fd6d73a3d1103,1024,0/0
/spttest/3slzjozo9vyb,6ee79dabf51ce03,1024,0/0
/spttest/e5wmvqc68bxt,19df522b0f16c471,1024,0/0
/spttest/lasod6jlm6ht,26e8237bfe4fcb61,1024,0/0
/spttest/j0fr1s8zfofx,22ba5a87c7dc4c7d,1024,0/0
/spttest/ps1w8lcx2orj,2f16bd54d171aadf,1024,0/0
/spttest/bazufem7u6xo,14a6953144759d9c,1024,0/0
/spttest/jloebwmo0ixg,23ce3f9a231e4fd4,1024,0/0
/spttest/lsoe7edvwpxe,27d066900480be42,1024,0/0
/spttest/bp4xf0lw71am,155e444c292f564e,1024,0/0
/spttest/tzegmqjnuzye,36c4a7d719d6d486,1024,0/0
/spttest/8ktks1ecz656,fab5f10e3379dda,1024,0/0
/spttest/4bluvrk2l9uc,7e539c386a9a714,1024,0/0
/spttest/7v6h4vt74spj,e5e4dd499b05557,1024,0/0
/spttest/le0nn50w7pys,2711fc582ae3af34,1024,0/0
/spttest/vbggh1x3xnti,3934dc7ea1954dd6,1024,0/0
/spttest/nvinen9lapep,2b9c863766f28821,1024,0/0
/spttest/w064oz9ohrlp,3a75de0188b4b1fd,1024,0/0
/spttest/fh8mpfh99pgf,1c4625344c9ea61f,1024,0/0
/spttest/c5nn3bnm8xdf,1634d8e91a525cf3,1024,0/0
/spttest/232oudtd6jvt,3cf2abc4ea5bb29,1024,0/0
/spttest/8ui3ammwxt9k,10291eb931db2a68,1024,0/0
/spttest/3f7l1y1pl8nx,6406b2cf769dc1d,1024,0/0
/spttest/fktwtiistu0f,1c74caa81292c12f,1024,0/0
/spttest/ijp3cp5d88nz,21e0e80c2462cedf,1024,0/0
/spttest/kvjw1vq9p539,2622210a436a6705,1024,0/0
/spttest/2ebyy15zuz18,46165caab6dd3dc,1024,0/0
/spttest/qaysv6vlzxp9,300c6b73b055c65d,1024,0/0
/spttest/ogwx5fw2hmuq,2cb272c3d2fe7ff2,1024,0/0
/spttest/utga7lf40yn7,384afdce0050df63,1024,0/0
/spttest/kb39q98nt5h3,251858bce2e667f7,1024,0/0
/spttest/enj5ijrw7nxl,1ac44371bf3890e9,1024,0/0
/spttest/wqchqfky9u0l,3bc9e25964e8a235,1024,0/0
/spttest/xd0u8d3je87w,3cf06ee70814d01c,1024,0/0
/spttest/gydhigin4py5,1ef854539106db5d,1024,0/0
/spttest/jm0x0qkh04c4,23d2c3f994b136f4,1024,0/0
/spttest/nqb3tn9ke1j5,2b58db1bc3810741,1024,0/0
/spttest/th0rb714zrui,35d5e776f70bcfba,1024,0/0
/spttest/mz8qi8vrls5n,29f94a45c88058cb,1024,0/0
/spttest/s7af2b071602,3383e1ea204d6ba2,1024,0/0
/spttest/g0zc3icbx246,1d4693cdf77303f6,1024,0/0
/spttest/ntamwgaq1fub,2b7fa775d7ecc873,1024,0/0
/spttest/k2tkp721craq,24acef264c8dae32,1024,0/0
/spttest/vn78pg0dbva8,39cd6855412ee020,1024,0/0
/spttest/2ucyhv122fep,531951d7766d081,1024,0/0
/spttest/qln5wky6lo7r,30971a4fb5393bd7,1024,0/0
/spttest/91mcax2dsco6,1085941b305a3426,1024,0/0
/spttest/8yztb01t8mhv,106378bf567dc4e3,1024,0/0
/spttest/xkfjx27dccab,3d50aac28323d233,1024,0/0
/spttest/t1hkwwud1hus,350c253457df75a4,1024,0/0
/spttest/a14b66tuelip,1252afd13b2ab671,1024,0/0
/spttest/ouu2zvbozcc1,2d6746408744fd31,1024,0/0
/spttest/6o8v010sdrqu,c30a01a3d9579b6,1024,0/0
/spttest/4d6t2ii99vs0,7f9c61a5efdda20,1024,0/0
/spttest/pjpk1t8i0n8s,2eaa5f95fa2df7ac,1024,0/0
/spttest/g0u6w1uyka61,1d44b89a56da1a79,1024,0/0
/spttest/9cv4oxa5x97i,1117a1b7647949de,1024,0/0
/spttest/cc16e6ku4qfx,1687aac30e24ecdd,1024,0/0
/spttest/ga4hsfl4jj4a,1dbd578fc525cf8a,1024,0/0
/spttest/lyegibs0ppv0,281ac054b73a6f2c,1024,0/0
/spttest/5n46zz0uhlxb,a4e568c3855573f,1024,0/0
/spttest/ntt3yhn9qgdj,2b8651da2c79ca67,1024,0/0
/spttest/kl40c1vwrmkr,259a8191a70bb70b,1024,0/0
/spttest/fvepr81zt5vv,1cfe30d54a9aaa0b,1024,0/0
/spttest/i9pqgqces43v,215f3ec7d73421cb,1024,0/0
/spttest/iq9mdl1sofzn,22363fc4066936f3,1024,0/0
/spttest/qbu7defqh9wf,3017c01615a1625f,1024,0/0
/spttest/h8zn7pxeoxg8,1f82379fd9a70158,1024,0/0
/spttest/o1f677vjebt3,2be934811daa3247,1024,0/0
/spttest/41jvd692537z,7629db36105458f,1024,0/0
/spttest/finedpgbpqtw,1c58769f74724f14,1024,0/0
/spttest/sxl3svciapda,34d975be7f4d90ee,1024,0/0
/spttest/6fgmpt84dtgh,bbe867bc2e48a61,1024,0/0
/spttest/tbtrgxmr6gp0,35926f032b66bd04,1024,0/0
/spttest/sb73oyudnski,33b6a4a99a227562,1024,0/0
/spttest/qwhunf92qkpu,3124116af661a162,1024,0/0
/spttest/jsntmvmv6ief,2428f74cbcbea9a7,1024,0/0
/spttest/c78mqpyzo92s,164969008f7d1ef4,1024,0/0
/spttest/9vw6zqcavpcw,120ecfdd4356ec20,1024,0/0
/spttest/re9gbm6h2um8,320ad8549b41b080,1024,0/0
/spttest/78rlxv857vsk,d3b2cfcd58511b4,1024,0/0
/spttest/30tn2au7h7ap,58589953abcfe31,1024,0/0
/spttest/1t2apuep4fzk,34d21ec7cf2faf0,1024,0/0
/spttest/oomuya0x0vx6,2d16bb7e887f829a,1024,0/0
/spttest/omhnd2rnnz5n,2cfadfab041034bb,1024,0/0
/spttest/z68kuirncvzi,403f87750c748fee,1024,0/0
/spttest/351wyitmrj76,5bc7af1c113a3f2,1024,0/0
/spttest/fgmkdm0d0rpa,1c3e2f2109ee593e,1024,0/0
/spttest/ur2qcuwhi8nn,382c1f9042f60d53,1024,0/0
/spttest/l53svti4jysp,269e37960bfad2e9,1024,0/0
/spttest/oefbtark3u34,2c921f3e95bd7b10,1024,0/0
/spttest/xooymir946ci,3d8804d622838e22,1024,0/0
/spttest/ocbtp8qo5vsa,2c76e1272f75b02a,1024,0/0
/spttest/x6d2weghvfzc,3c99ecc385a533a8,1024,0/0
/spttest/brz3m88wh3q4,158321c458466d1c,1024,0/0
/spttest/1cg1mwu37or7,2754669e7ee1413,1024,0/0
/spttest/nkta9w9xi83v,2b117abfd41abe8b,1024,0/0
/spttest/wqyzx4swdddy,3bd2011cba151506,1024,0/0
/spttest/ipidg0qeto67,222c6ae79af9959f,1024,0/0
/spttest/qk3v2co9holt,3083263ee22edfd1,1024,0/0
/spttest/6irovw14r0ve,be97bde7a64252a,1024,0/0
/spttest/wm8lit6flldv,3b948591b649f683,1024,0/0
/spttest/aothkijb1j7a,1386865806c64e76,1024,0/0
/spttest/8a7r6kqvuv38,f219ad4017edfe4,1024,0/0
/spttest/xp71kv5q378v,3d8e8b0b502ec56f,1024,0/0
/spttest/8m0lyoheum1h,fbae5f083e47d15,1024,0/0
/spttest/aizp95s2ka5i,133ad4bade9c3266,1024,0/0
/spttest/s1zquibmx0kd,333f15d06001031d,1024,0/0
/spttest/3j7ic2wpgrrc,674593a41484988,1024,0/0
/spttest/nuo37mu1jj17,2b917f5a8b88e01b,1024,0/0
/spttest/e8lk6a5c6h03,1a024af13af17b93,1024,0/0
/spttest/sfe137eo688w,33ed1995a3ddaf40,1024,0/0
/spttest/rwsai3z3f3ou,32fb73043293bf6e,1024,0/0
/spttest/bnsv64xmbrmi,154cecdb7f5c1a9a,1024,0/0
/spttest/be4k1coabadg,14cf4024f49eb344,1024,0/0
/spttest/n60rahn1b5gh,2a515622ff5fdd61,1024,0/0
/spttest/uzdifm1m3ycm,3897ed5689586aa6,1024,0/0
/spttest/85ktwe6u8iuy,ee5604da55ea77a,1024,0/0
/spttest/qkqjm30bp4m1,308b555504bd7e99,1024,0/0
/spttest/j5eue2p9o5sn,22faf904e45d8057,1024,0/0
/spttest/85ohclay0c08,ee6b193548a56c8,1024,0/0
/spttest/4f5ep5d6kq4j,8133f5fec246b43,1024,0/0
/spttest/jpm141e5ls0h,240159fa01e5ae11,1024,0/0
/spttest/6ehfdc5z2ial,bb1d2bed459001d,1024,0/0
/spttest/jd4g52qupmwi,235f22d403cd2632,1024,0/0
/spttest/pamgy7pdmfrh,2e345b377d3d1a4d,1024,0/0
/spttest/f8j9acggd4dg,1bd513839e25e764,1024,0/0
/spttest/w338e2blw635,3a9bca281a1fc7d1,1024,0/0
/spttest/hhbwcaxlodzf,1fee8d8411f855cb,1024,0/0
/spttest/de3tvvc7spkv,1876378720fd377f,1024,0/0
/spttest/ur7e9zd4s3ad,382dce690bfe47a5,1024,0/0
/spttest/d2ypwwyyjeii,17e57dac8929fa3a,1024,0/0
/spttest/v8beevfjsyfs,390c1198a6af9c58,1024,0/0
/spttest/a7skm67uxoxn,12a9606d3cdb367b,1024,0/0
/spttest/8tp82hkvrm12,101eb44b0a0b8746,1024,0/0
/spttest/7xto1b5fk4q9,e80a684efa3e7f1,1024,0/0
/spttest/xnzymlgu2za1,3d7effa2c1b10d19,1024,0/0
/spttest/i6m3vu0zct31,2136f7f81292c13d,1024,0/0
/spttest/yx2ns8d4ilvy,3fc87d78ae44974e,1024,0/0
/spttest/dz774cthlvax,198834fbdfe896b9,1024,0/0
/spttest/mmyy5o05lbsz,2959e3239b1a1403,1024,0/0
/spttest/c5c14ydzpwl8,1630a8876687e83c,1024,0/0
/spttest/gtoikzhx5ts1,1ebb5cd6dfd4fb01,1024,0/0
/spttest/xpplnh74xvaw,3d953d2ca709ecb8,1024,0/0
/spttest/d763ua8jg2oq,181c1d031394a49a,1024,0/0
/spttest/ytdwj21poy5k,3f9896eeea6dffe8,1024,0/0
/spttest/vp7qzfz9cw9q,39e791be468ef35e,1024,0/0
/spttest/ahafn93oxp5a,1324b99d1bc5518e,1024,0/0
/spttest/mfq8rxn27ktk,28fbd245cf4f3328,1024,0/0
/spttest/iyd1640mucnw,229f64e0e130319c,1024,0/0
/spttest/1m52tkek2qnx,2f335f86c67ff7d,1024,0/0
/spttest/bh21kv9l40qo,14f54fd1b265c5c0,1024,0/0
/spttest/hp2fe7my1rwt,20530cc5f2faad8d,1024,0/0
/spttest/tolsbhxmascv,36386a951037780f,1024,0/0
/spttest/rfodoauo2zye,321d38514f321286,1024,0/0
/spttest/ork0aheqzvr4,2d3cabdbc9076d80,1024,0/0
/spttest/1ik0ctvmvfng,2c4a4248743e2fc,1024,0/0
/spttest/fu9w5tselji1,1cef762bb76023f9,1024,0/0
/spttest/z1d4ejqflj7g,400038d2e4421b7c,1024,0/0
/spttest/8100kjsuctu,68467677eea472,1024,0/0
/spttest/k5agnnoei44m,24cd018ce7dd4366,1024,0/0
/spttest/z7dn4u8lzv9e,404e586c12c0be02,1024,0/0
/spttest/pog0aekcbog9,2ee7dfda1e720c89,1024,0/0
/spttest/oqq1c8x4qnfn,2d31db80b6552123,1024,0/0
/spttest/pdfmoxalrzs6,2e58db2453719ae6,1024,0/0
/spttest/d5h48z068fss,18061b9897a8f7fc,1024,0/0
/spttest/klzsg8b2905w,25a5f91fce133714,1024,0/0
/spttest/ijfhbhe06xmz,21dd703308d3b7cb,1024,0/0
/spttest/emn32gc2bf03,1ab8b161c00792b3,1024,0/0
/spttest/frct7qmzhaxd,1cc98bf1bacfcc91,1024,0/0
/spttest/cinhme18sdcx,16dda73653b53ea1,1024,0/0
/spttest/673e7lsv472o,b51d5d18eb17bd0,1024,0/0
/spttest/7zeo0qrdmyql,e953777ff14725d,1024,0/0
/spttest/dt26cfvq7aym,1938759cdcd4593e,1024,0/0
/spttest/c3ggg4hqwpo,9d1e690a42691c,1024,0/0
/spttest/cax3f52vs4t4,16793467372bde58,1024,0/0
/spttest/s4qllsz4oiiz,3362c0d218fa63cb,1024,0/0
/spttest/1n9c7too76fc,301bcceefa42448,1024,0/0
/spttest/ri7q74bkv2h,1654863425e4549,1024,0/0
/spttest/u5vo5bwspvtd,3718cced2a057951,1024,0/0
/spttest/iornk6osw7b8,2222c6eab8de4904,1024,0/0
/spttest/4gr35ib7pbc0,8280f1bfcbfd8a0,1024,0/0
/spttest/fk5hdttul5do,1c6bfa36c787907c,1024,0/0
/spttest/7xhqwn31a07w,e7c597709b11c9c,1024,0/0
/spttest/mlvcupiwdy52,294b9a1d7c09a616,1024,0/0
/spttest/whrc6cvy73y5,3b5a564d75388dbd,1024,0/0
/spttest/irc126pszkzu,22441b6eef58d50a,1024,0/0
/spttest/4hwa4er3c24c,836ec16e5aaa4bc,1024,0/0
/spttest/jvngickduoyc,244fcd64540916d4,1024,0/0
/spttest/2i1dj0xkf7a4,491882f668a4a9c,1024,0/0
/spttest/cel133foy6r4,16a8cf05677bfab0,1024,0/0
/spttest/lvpehn11n4c1,27f7bb6e4af36ab1,1024,0/0
/spttest/c588u126kfen,162f4acdb32028ff,1024,0/0
/spttest/4hizvlg2j1kq,832210428fc20ba,1024,0/0
/spttest/ehqp41s2qr7a,1a790cc38ef94e36,1024,0/0
/spttest/f6akb4l1taf9,1bb7f5f73f02ef05,1024,0/0
/spttest/8l2s0xnmh2kw,faeb0f98479c950,1024,0/0
/spttest/dye99briaazs,197dc3ca6acae428,1024,0/0
/spttest/ibjtnaq6j8pm,2177173ffe0380da,1024,0/0
/spttest/8vo0q0zwdo1p,10383f96fa44c6fd,1024,0/0
/spttest/s5r87ieql9no,336ff8125dc55624,1024,0/0
/spttest/jd7nnb6wxh4z,23604b31697c3d03,1024,0/0
/spttest/9mzqk0zwnv0l,119b2fdadaec88c5,1024,0/0
/spttest/2qy0zwwsjrkc,5053a3d4d5cee4c,1024,0/0
/spttest/7nqwa294bd7z,dfdc1ff5302ffaf,1024,0/0
/spttest/amwrzkvdkld7,136dbbaaaaa0b22b,1024,0/0
/spttest/l5i9btuo88ag,26a36eef631ebbf8,1024,0/0
/spttest/34k6d4du9b18,5b61472d37d521c,1024,0/0
/spttest/t3x8pthi83rr,352bc650998d0b17,1024,0/0
/spttest/6ymrjb4epz09,cb788efac2b4b79,1024,0/0
/spttest/2y5gpeb8vj2x,562d5ead313a659,1024,0/0
/spttest/wonayfk4b6kq,3bb3ce7efc7fba0a,1024,0/0
/spttest/6cb1eqjnfotx,b958a33866eee75,1024,0/0
/spttest/125i17195ld4,1ef93ddc442f868,1024,0/0
/spttest/nal6rmz835dk,2a8caa3cc8a9d1f8,1024,0/0
/spttest/hzeo6q1hfa08,20d95c5159765568,1024,0/0
/spttest/36yuxhtctt3f,5d55b25f3a9a88b,1024,0/0
/spttest/tm33qx4w9mft,3617b2651fa819d9,1024,0/0
/spttest/p7t6esgrqpaz,2e0fcefb69c87d9b,1024,0/0
/spttest/diqt7dsvcj4b,18b277477339eacb,1024,0/0
/spttest/5op78kola7wc,a62e8268e8b1b7c,1024,0/0
/spttest/ei833agh45po,1a7f52e412f546ec,1024,0/0
/spttest/mjkpp1s81t11,292dc880bd049135,1024,0/0
/spttest/aqussw0q3jqx,13a0fa0bca41e0b9,1024,0/0
/spttest/xo3zz5h1h1xr,3d807491c397b90f,1024,0/0
/spttest/a3uwrmy152pf,12764350ae8b25f3,1024,0/0
/spttest/wfnp2vfjvvf,1a54e8a1e6dd31b,1024,0/0
/spttest/ib3t1a10vakz,21714fc9e9fecb53,1024,0/0
/spttest/enx6zj2u2s01,1ac9546030e31041,1024,0/0
/spttest/35nd0izl5d4f,5c437df744a92af,1024,0/0
/spttest/flsokf314bz2,1c81565ed893929e,1024,0/0
/spttest/ex1pe39j2yxh,1b3fdc6194ca8455,1024,0/0
/spttest/d801ff0fi8u5,1826e9de3bc61c3d,1024,0/0
/spttest/geogjtthi8e6,1df880c639b8cffe,1024,0/0
/spttest/bi334m34402d,1502ad6aca2ca955,1024,0/0
/spttest/xvvrx2axwcmi,3de567008ffa90ea,1024,0/0
/spttest/1hz5g6b7hfxc,2bd1d7a19443de0,1024,0/0
/spttest/qh1fcrukm84v,305b4d6dde444eaf,1024,0/0
/spttest/16eeey9ozhgj,226beecb89dbf23,1024,0/0
/spttest/k2piunqfpfk8,24ab78ef37b32208,1024,0/0
/spttest/94b3f8qcw4af,10a87d0ab6cc51b7,1024,0/0
/spttest/8uhnpm3rudux,1028f6bd27d428a9,1024,0/0
/spttest/zf54prfx0njm,40b3304575a0c432,1024,0/0
/spttest/toquommpzwlz,363a3e7dab2bc0d7,1024,0/0
/spttest/hd6xwgg6q1mv,1fb8cea6605890c7,1024,0/0
/spttest/w07wp3q9je5d,3a7682399bb68f61,1024,0/0
/spttest/bkl40mg0trr8,152328d72322d1c4,1024,0/0
/spttest/6qe2h59oxhiz,c4c7ba3400642fb,1024,0/0
/spttest/9jlpqqwyviu1,116f28d7ac897319,1024,0/0
/spttest/32kfsul84zyi,59c3225e9b1eb0a,1024,0/0
/spttest/nn2nba61sgnc,2b2ed607ec201c48,1024,0/0
/spttest/6lhec0oijj5m,c0cbce1fb8799ba,1024,0/0
/spttest/bkod7q5i32q0,1524558b1cfd1688,1024,0/0
/spttest/he3lmedphk2r,1fc4974bb1d4ece3,1024,0/0
/spttest/hveskzlcrl13,20a5729219b6d337,1024,0/0
/spttest/en7193547om6,1abfe41680aba05e,1024,0/0
/spttest/gqeu8lmixphu,1e90e74b1e03b952,1024,0/0
/spttest/ta54m90254pn,357c8e489d9ff91b,1024,0/0
/spttest/w36bbvy2sewt,3a9ce6cdb653f47d,1024,0/0
/spttest/pfrfu9fxw5gl,2e77187e830250a5,1024,0/0
/spttest/wqw5ydlqv4b7,3bd0fb7daafd4593,1024,0/0
/spttest/9zo9xyksidnd,123fe984330ee199,1024,0/0
/spttest/4zx6iuk4fnoy,9210dd843e4d9b2,1024,0/0
/spttest/owp78qi4vzk6,2d7f7dd1c10171c6,1024,0/0
/spttest/frnqvjvw5dzr,1ccd7dfea64fc217,1024,0/0
/spttest/nxuxfg5fw4k9,2bbaeedd22fc4219,1024,0/0
/spttest/7optlb7ahhj1,e0a5bfd7dd928fd,1024,0/0
/spttest/n47kg7a3mnba,2a39d0a5c794da86,1024,0/0
/spttest/mofwejyuyjhr,296cfe286734ed2f,1024,0/0
/spttest/n79rrbeo6e95,2a6193e82ad60da9,1024,0/0
/spttest/i5hm4qx10nkc,21285bb0c4b3dc4c,1024,0/0
/spttest/ju4rk8ncnmp1,243c117f3a899aa5,1024,0/0
/spttest/49v7f5v3abh0,7ce9ebc84822794,1024,0/0
/spttest/n4rt7skbwo3p,2a411e8153687d05,1024,0/0
/spttest/eu5a0ujdfc50,1b1a2ea743d42434,1024,0/0
/spttest/qqkhub19cots,30d7161e160c85b0,1024,0/0
/spttest/xsc1k55nv7vz,3db7509aa77234af,1024,0/0
/spttest/ykoyk2w3wcss,3f27ace0bc558bcc,1024,0/0
/spttest/p7hkzqxzp8yi,2e0b9ffa5474809a,1024,0/0
/spttest/w4n5tm6bv0ah,3aaff83073297639,1024,0/0
/spttest/52wac9nmoxxi,947b30a75b6e3c6,1024,0/0
/spttest/ct76rk0wmczo,1766a749f8f40b44,1024,0/0
/spttest/f72shfbv7dm5,1bc22540744cfbad,1024,0/0
/spttest/pukppnc8bane,2f378218b03c72aa,1024,0/0
/spttest/8rna4cmnbnu0,1004064eb7839c68,1024,0/0
/spttest/1rpcsnukhsv3,33b79365925e85f,1024,0/0
/spttest/cqoc2gge3sov,1745df627dcd41ff,1024,0/0
/spttest/vbcfhyom1slq,3933688550c5dd0e,1024,0/0
/spttest/7rkku66bq4iv,e2f6f7567a63c67,1024,0/0
/spttest/5fdwooffzkue,9e9edb6a88cdf46,1024,0/0
/spttest/64krfsjx188j,b31223f4c1f4cf3,1024,0/0
/spttest/xcm75q0rhaqv,3ceb268bb95e2ba7,1024,0/0
/spttest/snzqx0661nfy,345cd9a3d0d70aee,1024,0/0
/spttest/196sbdqoklpi,24af76a5c2efae6,1024,0/0
/spttest/h0oox37aiu9c,1f1659e4cde39fb0,1024,0/0
/spttest/f0vxuhlry68y,1b71bce4c6b45322,1024,0/0
/spttest/3k4cx185f78h,680337a6d616761,1024,0/0
/spttest/5z808m0b4clh,aeb95c1b40a63c5,1024,0/0
/spttest/h2s0ebfxapd8,1f3186f6a9122bec,1024,0/0
/spttest/howx9wruwqau,20511070f9bab726,1024,0/0
/spttest/t6zsy02azzfi,3553aab86c7bb01e,1024,0/0
/spttest/39tf39bhze1j,5fa5c6f7bf73ed7,1024,0/0
/spttest/kq7zvfzm26mi,25dce42451f4800a,1024,0/0
/spttest/52uggoxt0g6e,9470a03b14c32e6,1024,0/0
/spttest/5h9ukptrs0o4,a02715711841164,1024,0/0
/spttest/po69s574ildq,2ee45c86a8998cbe,1024,0/0
/spttest/ezsqn5zn9tqg,1b63980cc065f1c8,1024,0/0
/spttest/4wzr4elue69u,8fb03a9c56d4942,1024,0/0
/spttest/fh4atbydtpi6,1c44953853390b5e,1024,0/0
/spttest/8k34fiek4clp,fa1d38bd69d84cd,1024,0/0
/spttest/nfzrtvtvnzpy,2ad2dfb7d0775796,1024,0/0
/spttest/gs0nysaue4x9,1ea5c48eaa16966d,1024,0/0
/spttest/tybzvxcc5g3q,36b6c6e232d0ecc6,1024,0/0
/spttest/2b31wihwrydl,437364be2a10ac9,1024,0/0
/spttest/e87mw098wo90,19fd44c080ae0ec4,1024,0/0
/spttest/gzecxh3ot5jw,1f05a23155d6155c,1024,0/0
/spttest/sjf007oqsgpq,342168335db36d9e,1024,0/0
/spttest/cje1gle1oglh,16e73bb06b995305,1024,0/0
/spttest/oe053rhm9852,2c8ca4819465bb76,1024,0/0
/spttest/tcg9ziqk7pm8,359a8e9f5d159970,1024,0/0
/spttest/xbajfkky7ior,3cd9f45c8c9f8c5b,1024,0/0
/spttest/wycqcou6e01e,3c31e283ff8175b2,1024,0/0
/spttest/bsv2jpfgikx5,158eaace1e3c3669,1024,0/0
/spttest/td1cruq45oow,35a22981ab33d840,1024,0/0
/spttest/euprsaldnr67,1b219397ba922a4f,1024,0/0
/spttest/664786v8jizf,b452302e5382adb,1024,0/0
/spttest/kixncdewprmd,257e3b837f754015,1024,0/0
/spttest/27srae5b7h68,40c879c0000d1b0,1024,0/0
/spttest/ppr5tzu81dj4,2ef8e362771aaac0,1024,0/0
/spttest/lxvgzd4wzusm,2813e68c728ac6a6,1024,0/0
/spttest/gpgykpotmvfg,1e84ade64dee759c,1024,0/0
/spttest/ugfepcz6s9o7,37a1d0a0d6a551f7,1024,0/0
/spttest/d5vf4afddogm,180b44a42f112616,1024,0/0
/spttest/1fxxcxa066jq,2a2b1d6574fdea6,1024,0/0
/spttest/zmgax559z4vh,4112250a3350706d,1024,0/0
/spttest/equarf4radnn,1aef40b9f2aa9ea3,1024,0/0
/spttest/pv7fmz1h3htu,2f3fb4b7af848202,1024,0/0
/spttest/khoq88n2tckm,256e0658772162e6,1024,0/0
/spttest/4m72chdvhtt4,86ec53754fa9428,1024,0/0
/spttest/24eelps99jn9,3e06222b80134b5,1024,0/0
/spttest/2qj6rdsvnrc4,4ffdf80a58be924,1024,0/0
/spttest/x9e3fnlrggpx,3cc14246432a57a5,1024,0/0
/spttest/sssy3me9bz0k,349b57c729bc4704,1024,0/0
/spttest/6ciy47405y3h,b9864b2db8b3bdd,1024,0/0
/spttest/3pi9gkfehhz,302bd5a9a6cf17,1024,0/0
/spttest/oq77gpfplq3u,2d2b1037fa8f5c6a,1024,0/0
/spttest/lpzqszi4ijen,27ad872bc5176ebf,1024,0/0
/spttest/90m5vel8ydmx,107886595f8e9589,1024,0/0
/spttest/ofn6reqcixa0,2ca1f27bc88b4cf8,1024,0/0
/spttest/fnadcwg0z96i,1c94b57f03f5593a,1024,0/0
/spttest/vrihs1d40gjk,3a056cafff983bc0,1024,0/0
/spttest/7z3riwe8vhph,e914868d311eb65,1024,0/0
/spttest/wf8hqhd2wp27,3b398f0e43c86cdf,1024,0/0
/spttest/sk9oa1pjcjcf,342c7987131373ef,1024,0/0
/spttest/3iomg1awe8c2,66d88c6a7c1b9b2,1024,0/0
/spttest/5x7pnn6dgo0k,ad1801748c01294,1024,0/0
/spttest/ro9lfl0wdn9m,328cca026fc8e70a,1024,0/0
/spttest/fwrsmjlwdgc9,1d0fe63dacdcd7f9,1024,0/0
/spttest/pxcl3v4psae5,2f5b8b1ae1121c9d,1024,0/0
/spttest/r8jtkmmpac6i,31c0a67856e38d2a,1024,0/0
/spttest/a37lr729m57f,126dda972bd6e4db,1024,0/0
/spttest/3f7wdemk8p9u,640883751d8fdf2,1024,0/0
/spttest/5h795nnxjisn,a0181a6175712e7,1024,0/0
/spttest/onnxfyqcheo1,2d0a20ff75677881,1024,0/0
/spttest/fp3r968jax4j,1cac4d1652a57933,1024,0/0
/spttest/c6xi9iv0411g,1645657672921a44,1024,0/0
/spttest/ppnuhgl13lzw,2ef7b129b328e71c,1024,0/0
/spttest/qecbq8ll73ia,30384467fd34b682,1024,0/0
/spttest/3hqpfbb4ffeu,6614be6d222fbc6,1024,0/0
/spttest/ppdqqgw9wgyn,2ef40bdc0113c6df,1024,0/0
/spttest/17mmilhfzm1n,236b3e9d5897d5b,1024,0/0
/spttest/pfci1wvpgudp,2e71b4a5bd78d2cd,1024,0/0
/spttest/5uc89ddx01vu,aac2986c5842e8a,1024,0/0
/spttest/cehr30owrspm,16a7a040cb810a1a,1024,0/0
/spttest/i2g4erihzdo6,2100da14f3de98f6,1024,0/0
/spttest/dir9gtjcjmem,18b2a10116b9802e,1024,0/0
/spttest/6xcecfgkw3vc,ca6ce26cc2c9f98,1024,0/0
/spttest/7jqz38gxjfv2,dc9d42e6314180e,1024,0/0
/spttest/4kyz0pxb2b1n,85edc7a4e9e436b,1024,0/0
/spttest/dmgwruzwlpor,18e2d9c7ca3ca14b,1024,0/0
/spttest/592yr73tjtf7,9980b6efd2974b3,1024,0/0
/spttest/hne4bo42zuff,203d4a461bd996cb,1024,0/0
/spttest/iew2zvr47p1t,21a27b6d92a2fa91,1024,0/0
/spttest/qx152oawrawp,312b0728c5f0f7f9,1024,0/0
/spttest/lgrp9ckp2or5,2735b8f2f9c172d1,1024,0/0
/spttest/7xexus764tqu,e7b563036f1f196,1024,0/0
/spttest/v38n3usr5nyg,38ca2083c5879388,1024,0/0
/spttest/7loitjeu9uqv,de2ec36edda49e7,1024,0/0
/spttest/ekx0glcmehi2,1aa24bdc7672261a,1024,0/0
/spttest/rg3p6dbdhb95,3222bf5a476cdc39,1024,0/0
/spttest/7oy7b8eguf75,e0d62238c78f071,1024,0/0
/spttest/hns7m94plwcw,20425fe18532f010,1024,0/0
/spttest/a0qn1bokg1fu,124dc11ac59e4f4a,1024,0/0
/spttest/ezbj1cu4kjtj,1b5d624657765d57,1024,0/0
/spttest/mjiyzggicq06,292d2799a8ae60a6,1024,0/0
/spttest/vvomjd1b3my,19e198f2da78c2a,1024,0/0
/spttest/vo3b4r8uk5rg,39d8fa56f4fb082c,1024,0/0
/spttest/uiv5yb0e7kk5,37c17a94406761d5,1024,0/0
/spttest/ratcxxu6eny2,31de11ff108abeba,1024,0/0
/spttest/9v24a2ojplep,1203f5db59212ba1,1024,0/0
/spttest/yzbwodgxocxq,3fe5ce1dbaef287e,1024,0/0
/spttest/vgwpqmy8795d,397bac7200f2da11,1024,0/0
/spttest/wkm5kb2logks,3b7f6f43e89096ec,1024,0/0
/spttest/fsnd187e2bx6,1cda57bc2782b2da,1024,0/0
/spttest/fuiyxbturkuv,1cf2bc939a3f0457,1024,0/0
/spttest/k6gj76lwxh2h,24dc2f8a30fc88a9,1024,0/0
/spttest/rdsel5hvcik6,3204b19e556cdbf6,1024,0/0
/spttest/c15597qbnqfm,15fa377db2f22892,1024,0/0
/spttest/fraxeus5rg11,1cc8ddfa5f41fee5,1024,0/0
/spttest/fz8djxu1l0k6,1d2fdc5792c49f16,1024,0/0
/spttest/iwzdbun940vn,228d79aa3077e273,1024,0/0
/spttest/dfmffskcjt3j,1889eab6e058f60f,1024,0/0
/spttest/mud1f8zoajgp,29b9e578d1064509,1024,0/0
/spttest/alvrozukpg35,13606149902e19b1,1024,0/0
/spttest/aiayu4z889k6,1331e81c6fa91666,1024,0/0
/spttest/gusamhonkgrk,1ec9b72669fef8e0,1024,0/0
/spttest/f1te4rp47tn5,1b7dced4b697c9d1,1024,0/0
/spttest/hvdwt3i4g3cc,20a5210b23dff0ec,1024,0/0
/spttest/gbxy7w4hmzyq,1dd4f5a6d81a6092,1024,0/0
/spttest/vpwri3344pmn,39f0984728c27abf,1024,0/0
/spttest/hon1vipdlie6,204d808fe90c615e,1024,0/0
/spttest/ne4r4nv9jwym,2abab13f8b5d229e,1024,0/0
/spttest/onptqgr6vk1s,2d0ad03839d40940,1024,0/0
/spttest/s5cfu4esxb4p,336aa21ec1310a99,1024,0/0
/spttest/ktnrpg6nt1b7,26098cd9b58e3ae3,1024,0/0
/spttest/vo2g8aotghz2,39d8ab0d7b72fbfe,1024,0/0
/spttest/i1hplg0aeeb0,20f46f8d0b83c9ec,1024,0/0
/spttest/wu4yfq4xbyku,3bfb1f49114034ce,1024,0/0
/spttest/dzoks8gmap5,b5bc494095cfa9,1024,0/0
/spttest/8wtm9tpgkohz,104741faece1dd07,1024,0/0
/spttest/i8028o8u27xt,2148fe2a283512b1,1024,0/0
/spttest/dwzhwz25b4gw,196b7338d3218860,1024,0/0
/spttest/k6k4nlqdo0hb,24dd7bb240eafd6f,1024,0/0
/spttest/vr60blwaag7m,3a00eb7ab1dd4a92,1024,0/0
/spttest/4lx6yws2m14,3bdded7a4e9808,1024,0/0
/spttest/j7xmtt0a0ebj,231bbb1fc23ca27f,1024,0/0
/spttest/767wzxokilu6,d1a177af8cd030e,1024,0/0
/spttest/vpesmsuxms1n,39ea1c8d2ee0707b,1024,0/0
/spttest/oh0mewwahxp7,2cb3c8b07c110edb,1024,0/0
/spttest/oicc18ib6qxz,2cc4ffbb7cb100e7,1024,0/0
/spttest/h618qn8a63dg,1f5bd373e862b094,1024,0/0
/spttest/icxn23wzvtyo,218910c1d7a0dc70,1024,0/0
/spttest/f5p4jj0relyd,1bb039c7670351a5,1024,0/0
/spttest/ccrrvqtk9ms0,169143782b446390,1024,0/0
/spttest/h25jf7rofape,1f296b4ecee777f2,1024,0/0
/spttest/e83kovz37asm,19fbcda3d9ef7166,1024,0/0
/spttest/sczegkrakqlb,33cdd7db0869999f,1024,0/0
/spttest/c9mbx9lelsy,9f57b12a5c2ee2,1024,0/0
/spttest/i50189luwul8,212203ccba8244dc,1024,0/0
/spttest/o5lvbz5i6cno,2c1f943974a5fb94,1024,0/0
/spttest/d7jqvk2etxac,182108e7277e63c4,1024,0/0
/spttest/3qzrwpg7uuk1,6d978e5c80b2d31,1024,0/0
/spttest/106mpzq723n3,1d601c063eafdef,1024,0/0
/spttest/e3ibqdgssfno,19c02de4d4d56a44,1024,0/0
/spttest/88q2kucc5imb,f0e3c2ef8e20983,1024,0/0
/spttest/lrno727wvkha,27c32692445af56e,1024,0/0
/spttest/9c04oep07syh,110c7243996c7259,1024,0/0
/spttest/r2r5tlmzmx5s,31755cefb0a5fc60,1024,0/0
/spttest/j507akksx51m,22f5b099d96cc3ca,1024,0/0
/spttest/opws3i5ac91m,2d274d1bc74416ca,1024,0/0
/spttest/mxldk0bno8vd,29e3df511231c5e9,1024,0/0
/spttest/32orl5ndksc,27f00d3e09657c,1024,0/0
/spttest/dyt5bpgpuz88,198323388a2f56d8,1024,0/0
/spttest/l3jbvbcphgbi,2689d74f6dd345de,1024,0/0
/spttest/va296b38eaca,3922bf5b30034fda,1024,0/0
/spttest/5fwokcwsjcw4,9f0b3e03e49a404,1024,0/0
/spttest/n9of5u8jjdmm,2a80d79fb703febe,1024,0/0
/spttest/6qwmbjxxnqsi,c532d2ee43ebc62,1024,0/0
/spttest/r2q7pulqfch9,3175056ea9bbdaed,1024,0/0
/spttest/bfhnazzzs1nj,14e0f692be72165f,1024,0/0
/spttest/90nyzt61tlgr,10792d7065f41aeb,1024,0/0
/spttest/cti0stk5lkud,176a9008f9f021c5,1024,0/0
/spttest/pypic05fo5dw,2f6d32081977d444,1024,0/0
/spttest/tdybwgh7mvt2,35ae0f6bbf649586,1024,0/0
/spttest/aorc56hncyuh,1385bfaf7e453669,1024,0/0
/spttest/xmwrs1owre2g,3d70dbb3c9d00ff8,1024,0/0
/spttest/2eubt72xo6oi,468056e3b5df0d2,1024,0/0
/spttest/kntrsch61rzv,25bdc7b9d982adfb,1024,0/0
/spttest/s40zv1o3owi0,335983d376a9cd88,1024,0/0
/spttest/2s9ss295j8uy,51676d4486abc9a,1024,0/0
/spttest/l0znoov849je,2668c3bfcd4c6d4a,1024,0/0
/spttest/3pgwh280t5fw,6c5ac5bacda40cc,1024,0/0
/spttest/bgqjiv51f9vy,14f12971092824ce,1024,0/0
/spttest/l1bnnrmn97sw,266d181a326f8ec0,1024,0/0
/spttest/w2ya3z30czis,3a9a00ba56051ad4,1024,0/0
/spttest/thhgqr1czhkd,35dbee9c2164a3ad,1024,0/0
/spttest/8acaqdopn1i1,f233e766530d059,1024,0/0
/spttest/i0ogf5n46goc,20e9e154eb00e9ec,1024,0/0
/spttest/9b58t43vv5uz,11014d7273d61a6b,1024,0/0
/spttest/5gmyvpp9qzwt,9fa2feadba0354d,1024,0/0
/spttest/dbsql80b2fb2,18583c81e8c964fe,1024,0/0
/spttest/6h1jm639kb7h,bd30f842bdfeabd,1024,0/0
/spttest/zqu63bh9mi8g,414b1ad55a2a02d0,1024,0/0
/spttest/7s6xa1k16ozf,e377f7b0659c4fb,1024,0/0
/spttest/6t1zg1dygc2a,c6f173671476712,1024,0/0
/spttest/zf3xwu755cah,40b2c2726b674e79,1024,0/0
/spttest/gyk48w6z5tdi,1efab8de03ecfef6,1024,0/0
/spttest/beizdae9ftfi,14d474a32431c3be,1024,0/0
/spttest/rn4p0eai3cn7,327e0817a165fcc3,1024,0/0
/spttest/uqshw904xxrq,38286e2bce5f3d36,1024,0/0
/spttest/m26vkcp6colb,284bf90b0465917f,1024,0/0
/spttest/iyjfzk8umgu0,22a1b51b9e50fcb8,1024,0/0
/spttest/i7y7x7o3rfag,214854018f3e7928,1024,0/0
/spttest/40zo9r8vm2m7,75b5421bffa45bf,1024,0/0
/spttest/4pcp4zomni8e,897c54e7ff5220e,1024,0/0
/spttest/54y73v340lod,9625dfe93038dbd,1024,0/0
/spttest/iry6wdk7nltg,224c1a83ead2d534,1024,0/0
/spttest/8f9iw60d7x0f,f633094825b2fdf,1024,0/0
/spttest/l8s6qeuwieg8,26cdfbbad19bd1a8,1024,0/0
/spttest/xis54sro6ez3,3d3b3b1925aeb54f,1024,0/0
/spttest/z38qc9vv8gsq,40189dc800a6f20a,1024,0/0
/spttest/14ra5uhqdqr5,2116a494c7a26b1,1024,0/0
/spttest/f3swqt639bx8,1b979cbb2c2aaf9c,1024,0/0
/spttest/3zlog2ecf3sg,7494a2b5f1164f0,1024,0/0
/spttest/3x4mdimcly28,7292815233ba3b0,1024,0/0
/spttest/gkndcym1k4xc,1e460bc27b062ef0,1024,0/0
/spttest/2wq2x2gjl431,5504bc33c6e9aed,1024,0/0
/spttest/3mk3erd8kmfk,69fdb7d35b73a90,1024,0/0
/spttest/8q9z6gauz2u9,ff23c309611bf21,1024,0/0
/spttest/d3pejl0ln20h,17ef1e7153d7aef1,1024,0/0
/spttest/237y06pnlh0x,3d11015193f2471,1024,0/0
/spttest/c7ugfich9vun,165148e8e4274a7f,1024,0/0
/spttest/z9w0iiw5dyb5,406ef3e4ffbe33f1,1024,0/0
/spttest/6mv94vtngonv,c1eb9f519fedbdb,1024,0/0
/spttest/ujysojk6dd2g,37cfc74200504968,1024,0/0
/spttest/dwk3j08c7mri,1965e4c8285fdafe,1024,0/0
/spttest/llhtbjpps6hd,277319f85cbabcd1,1024,0/0
/spttest/gl80odkvadoc,1e4d7ef3823082bc,1024,0/0
/spttest/ki3hmd07viya,257359c8997428b2,1024,0/0
/spttest/wvuds9hoqmhs,3c114920e93a8060,1024,0/0
/spttest/kkzsnxstrqj9,2598fc6ab8c5bc15,1024,0/0
/spttest/jtbx43e0mnhq,2431a90fd8b8486e,1024,0/0
/spttest/xmu26sd3w2vf,3d6fe14e57b34d8b,1024,0/0
/spttest/cxk2bj6ur1am,179f41b2a8d0e54e,1024,0/0
/spttest/fzf3b1l4bonz,1d3248a0bf39199f,1024,0/0
/spttest/j0rd91s58oyp,22be8b8bccd89561,1024,0/0
/spttest/p5o2efw40rpu,2df3fc56e1870052,1024,0/0
/spttest/n37yrzqb8k1o,2a2cf826f2f29a7c,1024,0/0
/spttest/y0y9dlrhvbse,3e273ed1cd9fda6e,1024,0/0
/spttest/io7x7j85y2y8,221ba84ee40c7870,1024,0/0
/spttest/daie6ztarpmt,184783c3cde34885,1024,0/0
/spttest/l3epvjlc9ik8,26882d6806c2b638,1024,0/0
/spttest/rxq3zo2rykxb,3307a6d3db89216f,1024,0/0
/spttest/xcydq4yjyge9,3cef8bd07e2d0281,1024,0/0
/spttest/mdy21s49q0u7,28e4a9724bc1bfbf,1024,0/0
/spttest/3bk0xxzwgyvu,610f355c2ebf09a,1024,0/0
/spttest/nd7edv3dnzl3,2aaea86592b45ce7,1024,0/0
/spttest/d74nhnq4n3v5,181b96b0ff2f4f51,1024,0/0
/spttest/pbrtluaoeboa,2e4346c9c033d29a,1024,0/0
/spttest/xmqhqmge1eic,3d6e97bbcaa8edb4,1024,0/0
/spttest/mt4f448i6go0,29a9cc0752cb4be0,1024,0/0
/spttest/xno841rvw23h,3d7ac38d85d0ad9d,1024,0/0
/spttest/xu8hqrorezsi,3dd0032b5d8837b2,1024,0/0
/spttest/omuac4orxqwp,2cff6f0852d4a179,1024,0/0
/spttest/a7kdxuczq7hm,12a66c5a20ea7b6a,1024,0/0
/spttest/495l3ihkibbc,7c56040b7f561c8,1024,0/0
/spttest/4nftxol8ezmc,87eec34b9ffe7d4,1024,0/0
/spttest/75vd1i31p3uj,d158fdb8001ccbb,1024,0/0
/spttest/p6mld5j9qlzd,2e0071848b8556c9,1024,0/0
/spttest/66g67q3yc13o,b4974d4cd613e94,1024,0/0
/spttest/gt0ui161b88t,1eb2d294978f077d,1024,0/0
/spttest/qc5gb9n7647x,301bcf13b3e4cddd,1024,0/0
/spttest/adx3n8sm5ve5,12f8f2442ec9342d,1024,0/0
/spttest/r15gpjp08ic6,31608b834e9682d6,1024,0/0
/spttest/8ogplfngbk1o,fdaafa9fa0d363c,1024,0/0
/spttest/19lt0beix0hb,25062b75db07aaf,1024,0/0
/spttest/gzh3jn3szj5k,1f069f382eb703b8,1024,0/0
/spttest/ttbolkd0fctv,3675b7a34cc1c2b3,1024,0/0
/spttest/fee4unc1kfk0,1c2129d4d339ccc0,1024,0/0
/spttest/66rf14aqf0zx,b4d8380d004f4cd,1024,0/0
/spttest/r9r73r51k9f6,31d04d05d5d1b1b2,1024,0/0
/spttest/xhr1ut5dvc3o,3d2dd9105e760004,1024,0/0
/spttest/ttj1gqw9e7e4,36785f3a348de5ec,1024,0/0
/spttest/a8ypsehpyj8i,12b8952a73c112e2,1024,0/0
/spttest/ubyi983nhqq5,3767c274517cc48d,1024,0/0
/spttest/dkrspby1rq34,18ccccdfce0915d0,1024,0/0
/spttest/7kufoh9eaf6p,dd8111bfc6b0d61,1024,0/0
/spttest/wde7cxusxrzm,3b21a420f39feff2,1024,0/0
/spttest/60u47wl3fpg9,b008d53d8b94599,1024,0/0
/spttest/43h8rekpu6a2,77ba57a9a2aa44a,1024,0/0
/spttest/ncluybmow43j,2aa6e2ce60943cbf,1024,0/0
/spttest/274op01gk4wm,403d81d878f49d6,1024,0/0
/spttest/w5uhikc57g4o,3abf9a06852be268,1024,0/0
/spttest/jdfr5whjj0uh,236337294ef9a209,1024,0/0
/spttest/s02gqju4su3e,332616771db2f35a,1024,0/0
/spttest/ez0ozees117a,1b59797ab8e0f056,1024,0/0
/spttest/ieo6zy5iqenj,219fa2bffdee32af,1024,0/0
/spttest/8yvhgoie0fnk,1061e8e3cae12540,1024,0/0
/spttest/gnfodwhchtlm,1e6a3cdfe754601a,1024,0/0
/spttest/rlqsrh11upig,326c074eaabef1a8,1024,0/0
/spttest/j64oxdzj7os0,23044c934132e830,1024,0/0
/spttest/ccwwha7mlwxz,16931d1bde16cc07,1024,0/0
/spttest/1aolea9ew1s0,25e618c08208300,1024,0/0
/spttest/573oewweyhwd,97e52c149115d1d,1024,0/0
/spttest/aoz5n1wpmqxl,138891f1ddcd3ad9,1024,0/0
/spttest/ba3cro0idq7l,149adc19330957f1,1024,0/0
/spttest/7r3e9tq3i83n,e293c5a8bed9483,1024,0/0
/spttest/on5wr0cjzhya,2d03a09746f4a8a2,1024,0/0
/spttest/yaib2oby6uny,3ea361d8fe2a4ebe,1024,0/0
/spttest/fprcs68h8tm4,1cb4d0cadb8078ec,1024,0/0
/spttest/dv5ahtv8d2us,19538fe0cc6543b4,1024,0/0
/spttest/6qxzk49u41df,c53ab845c73c1f3,1024,0/0
/spttest/720d6secezck,ce3690c69fb6e74,1024,0/0
/spttest/2ftrv8of2thk,474cf84704310c8,1024,0/0
/spttest/1l7ortxwekr0,2e729c614e7348c,1024,0/0
/spttest/knx3zcj2buxk,25befc1e7ee45f58,1024,0/0
/spttest/r547emxpxe3j,31940c4d4d81829f,1024,0/0
/spttest/ya05zynnxvdi,3e9cd6326c723016,1024,0/0
/spttest/sh226hi5enbs,3402c27a8a29aa98,1024,0/0
/spttest/wsjr6ibyiqds,3be67bad9f056410,1024,0/0
/spttest/5bydngz3y177,9bd5b9570774993,1024,0/0
/spttest/a45otyryjlbk,127a270169de00b0,1024,0/0
/spttest/aiag63qfj3io,1331b836c6cd5f90,1024,0/0
/spttest/6wque85btni7,c9f073b181a3b3f,1024,0/0
/spttest/thc2wsufddz8,35d9fd4765d8ef04,1024,0/0
/spttest/9hmgn2y8ypix,115573580c5d65b9,1024,0/0
/spttest/md28v9asgndk,28d92f2887252e58,1024,0/0
/spttest/i09mtuo30f1l,20e4884008b7af29,1024,0/0
/spttest/cv9e3lwo0q9d,17816d5bbec52cf1,1024,0/0
/spttest/3lfrkaae00mb,6914e5d224bd923,1024,0/0
/spttest/gn2fhwo6vlpz,1e657547e75ae5b7,1024,0/0
/spttest/ran2nlld7z5a,31dbcd645fc45eae,1024,0/0
/spttest/i2cdne0a4rm4,20ff8050ce0b4ecc,1024,0/0
/spttest/vltsgsv5hbxh,39bb909edf5017a5,1024,0/0
/spttest/ra75xk8yofvu,31d60fe85982686a,1024,0/0
/spttest/633ico43mzkk,b1deb6a6dca5094,1024,0/0
/spttest/kug9ya03eym,10ec5f198c5367e,1024,0/0
/spttest/1tpbejgvhlu8,35570274b85f7d0,1024,0/0
/spttest/w5eqxh0v356b,3ab9ec49c5550bf3,1024,0/0
/spttest/rqf188k1qo8i,32a8bae4a5e8ee32,1024,0/0
/spttest/qf1oohalm7s3,30416ad796667de3,1024,0/0
/spttest/y7152bhl76cg,3e763865adaf64e0,1024,0/0
/spttest/gylt5025c1mp,1efb551a48864041,1024,0/0
/spttest/k5tt0dpp1dfv,24d3fc3e4510874b,1024,0/0
/spttest/nuhl1a6570k2,2b8f2681e5d2db92,1024,0/0
/spttest/wro524085ypt,3bdb138081df0701,1024,0/0
/spttest/zbzuvzdi50nt,408a517206ae2899,1024,0/0
/spttest/4o0bvhdxqgwz,88651991f1fbd23,1024,0/0
/spttest/wzdxlvu3tg8i,3c3f4ec1a2444272,1024,0/0
/spttest/dyrdvqh103jp,198280702628f6f5,1024,0/0
/spttest/uqod8uxy2n76,3826f0c4967b47f2,1024,0/0
/spttest/p91ybdfut8t4,2e1ff6c87cfbdbd8,1024,0/0
/spttest/o2jjitu9ambb,2bf7c56aaef1c077,1024,0/0
/spttest/ao178ktaqy43,137c518643624d33,1024,0/0
/spttest/do36xgg2orai,18f7e131f638622a,1024,0/0
/spttest/ozkee6x1pk8z,2da4ba19014ad7c3,1024,0/0
/spttest/uclzqqmmqfvp,37703bca63a1e0e5,1024,0/0
/spttest/8wnwrth6ksid,104532b6045f0755,1024,0/0
/spttest/pnp4b2w2e5xr,2ede2c3884d4b78f,1024,0/0
/spttest/xd9lsihd1wxq,3cf3988f88fa8dfe,1024,0/0
/spttest/t3gumqqnecca,3525dc4860db74fa,1024,0/0
/spttest/1jtesmzset2j,2d505c2e4c8f2ab,1024,0/0
/spttest/9w0d4qoepb1s,12105116c965d230,1024,0/0
/spttest/x1st5we41zh1,3c5ea7641eb325d5,1024,0/0
/spttest/j500ezqoirff,22f59ef4a17fcb5b,1024,0/0
/spttest/w0jc3v6zudi2,3a7aa1d08cac2ada,1024,0/0
/spttest/dvggj1tffxlj,1957976916ce2ad7,1024,0/0
/spttest/62yvbru2el7i,b1c3edda6574cde,1024,0/0
/spttest/3qwx2hl5y8nk,6d87108a9f58950,1024,0/0
/spttest/kpv84nn8lj54,25d84889a0588828,1024,0/0
/spttest/uvk5d1l3fyzv,38665d59be9505eb,1024,0/0
/spttest/d446blt2hrcc,17f472df16938aac,1024,0/0
/spttest/qovwe30q0ct3,30c138fc3b7b4ad7,1024,0/0
/spttest/k6ia7xmwlpqj,24dcd13cdcb47d8b,1024,0/0
/spttest/u7wxs39gkpm5,37333c85b675c2ad,1024,0/0
/spttest/hljard8s00c6,20252e1d7a8d4db6,1024,0/0
/spttest/k5pmvg6v6oqo,24d27b062c03d9c0,1024,0/0
/spttest/2yklv30qi9un,5684cacd4934c5f,1024,0/0
/spttest/gmjo8jm72n0p,1e5eb0b583439009,1024,0/0
/spttest/us6qg5z9c4cf,383a8e876a6505ff,1024,0/0
/spttest/p62jo1fdn7rj,2df935cc14bd600f,1024,0/0
/spttest/jnsnpacjx79n,23e9c3a26060260b,1024,0/0
/spttest/o7zir77m8oel,2c3e7b9f850caf8d,1024,0/0
/spttest/eu5wlvucyvhw,1b1a689994fdc7f4,1024,0/0
/spttest/s8pne2hmoe7k,33965e0f420ab7f0,1024,0/0
/spttest/n75mm54w0eol,2a60153c79edca55,1024,0/0
/spttest/9i39tqiy2wid,115b841e2cf2db15,1024,0/0
/spttest/1i208ln7nsdv,2be253682ef6273,1024,0/0
/spttest/g4mvrx0pjmzc,1d760a88a7d78418,1024,0/0
/spttest/sfludev1b3q1,33efeb4c26198499,1024,0/0
/spttest/1q2pkuayoe16,3265048a6c5070a,1024,0/0
/spttest/bkn26dj92avt,1523dcdaf409c899,1024,0/0
/spttest/luddgxtw26id,27e66723b7805175,1024,0/0
/spttest/2yeiolo3nsz4,5661a4e6b898570,1024,0/0
/spttest/uq57dhz4k4y9,382006b5112d9611,1024,0/0
/spttest/3mkp8dd26eld,6a0137b2300f561,1024,0/0
/spttest/5qorooean3mr,a7cbac25c603423,1024,0/0
/spttest/qgpayjss9fsy,3056edbbbefef442,1024,0/0
/spttest/5wxsj4ngk0sy,acdebc8bc080d12,1024,0/0
/spttest/t8zf6xgrkzgb,356d81f2fdbebb7b,1024,0/0
/spttest/q0bu6x3sjiob,2f823dd1152bfd4b,1024,0/0
/spttest/3dojfz80gk35,62c8eca76c8d9b1,1024,0/0
/spttest/6yvflkdm7vgb,cbaa99f320744fb,1024,0/0
/spttest/mlj2cwftgl4r,29472ac4eb4da7fb,1024,0/0
/spttest/ne9bsb2uk0qt,2abc57b8da7816c5,1024,0/0
/spttest/4ah932n3h33m,7d6931b8fa3a8f2,1024,0/0
/spttest/pmosu2q6l0xb,2ed111874a0305ef,1024,0/0
/spttest/18jufyer34m5,242b067499b0d1d,1024,0/0
/spttest/fabmcj1whe1f,1bec4c97aaf65553,1024,0/0
/spttest/dfhpu1s2imxk,1888378c0ae20698,1024,0/0
/spttest/ul1ggtrusy5t,37ddba47a7f195f1,1024,0/0
/spttest/uj9o5zakg1l3,37c6b6773198d807,1024,0/0
/spttest/mnyi0aq11w5m,2966b6f5ea90420a,1024,0/0
/spttest/sds5q5vxhvsr,33d838203767283b,1024,0/0
/spttest/qjxk6vquex69,3080e022a9809571,1024,0/0
/spttest/4mel2ylr9j83,8717bdd7833d893,1024,0/0
/spttest/dl3ic3se8zm6,18d106b14f8d544e,1024,0/0
/spttest/6tpes3h4m72v,c778b0745a96557,1024,0/0
/spttest/ibl12bcv7qf1,217786a626b6e07d,1024,0/0
/spttest/8lrbd3dam5da,fb78b6dd157d2ae,1024,0/0
/spttest/ldeflp1y7h8,1159c3624b00f5c,1024,0/0
/spttest/2vcb8riqzzgm,53e56b5dc973046,1024,0/0
/spttest/b14ugst3awvo,14267e90d3a0fbf4,1024,0/0
/spttest/da11gf0ur7yj,184140d2336f2f0b,1024,0/0
/spttest/iv6afijtfkvx,2275fe4af6b3607d,1024,0/0
/spttest/d1w39ggkwnhl,17d78d8fc21652e9,1024,0/0
/spttest/we91n9t65xwv,3b2cc4e2cb36e4ef,1024,0/0
/spttest/q6cpogr2mlso,2fd07e259e42a5d8,1024,0/0
/spttest/izvrp63816wc,22b324d50ab36d2c,1024,0/0
/spttest/f3qeaps3mgza,1b96b4a9d9c3e276,1024,0/0
/spttest/vbht2rqdici3,393559333b2314cb,1024,0/0
/spttest/21wjr8nbtar4,3bff637675fc2b0,1024,0/0
/spttest/bsth7rg9r1qn,158e17b444c39a8f,1024,0/0
/spttest/p3r6q9oho4mf,2ddb220968504e67,1024,0/0
/spttest/oedqjb4l14vt,2c918c48628803f9,1024,0/0
/spttest/elg8ejhp92p5,1aa93b3ce339c2e9,1024,0/0
/spttest/5c644ko0npaw,9c026173cd27fd8,1024,0/0
/spttest/8onw43kkk9af,fdd46f774b60007,1024,0/0
/spttest/xwsei9etuqcv,3df12cbe768825ef,1024,0/0
/spttest/ufur9daryk4j,379a5d1c54de0d63,1024,0/0
/spttest/nh9dxel8gz48,2ae354fcb602b1c8,1024,0/0
/spttest/3kops3lvn8s3,6878bd8bd1faf33,1024,0/0
/spttest/e1w8ixvsb54a,19ab384f06e8f6aa,1024,0/0
/spttest/gbsvy78f1t9v,1dd321fcfc93c973,1024,0/0
/spttest/bh336kkz28e8,14f5b04ccbb92a00,1024,0/0
/spttest/so6ju7tqom2r,345f4e0ef6a063c3,1024,0/0
/spttest/94399v8fi4p9,10a5a91b878aa74d,1024,0/0
/spttest/1bl3uopsiuog,26a1caf10910bd0,1024,0/0
/spttest/7xu95vkodlvo,e80dcb9ed50c804,1024,0/0
/spttest/9acyumez0oa7,10f71996019f55ef,1024,0/0
/spttest/p29yn3a3mhs,1458db73ba2baa0,1024,0/0
/spttest/rm8zu8zot57o,3272981813c743a4,1024,0/0
/spttest/l2p3yhj6ig4a,267eeff677fca41a,1024,0/0
/spttest/9tfygokd4meu,11eef9933400c776,1024,0/0
/spttest/etcq3fwtf9rr,1b0fe13635ad4c37,1024,0/0
/spttest/grvg4mamljbw,1ea3e29b044df31c,1024,0/0
/spttest/o8q05dqt6ex4,2c4809d395d38608,1024,0/0
/spttest/sd3sb6bdbxks,33cf6cdd5659d7bc,1024,0/0
/spttest/pbibqdnati68,2e3fd99cf9835740,1024,0/0
/spttest/utyf9nvv8gv6,38518968cebc1262,1024,0/0
/spttest/w30sk7rgb3,b9389a404824f,1024,0/0
/spttest/i3b2z09xwgz0,210c05cefef562ec,1024,0/0
/spttest/c08gxf73kzuo,15ee6d49b69e8180,1024,0/0
/spttest/sv8mdjmhk5g,176f8b99babd244,1024,0/0
/spttest/9f7rxhudfv88,11362c45cdd500d8,1024,0/0
/spttest/q1hdfjurt8ir,2f913a47a05cf363,1024,0/0
/spttest/qh15xug1k5z0,305b3545eed55c3c,1024,0/0
/spttest/cc2a97dxjg7l,16881109ded19dd1,1024,0/0
/spttest/5ww8g5ktvcuu,acd5be36179afd6,1024,0/0
/spttest/gql182uu1nwj,1e93236d1c666543,1024,0/0
/spttest/fpv9goksneks,1cb639bfc3b5958c,1024,0/0
/spttest/z5u6lci5dryf,403a55ba1c677bc7,1024,0/0
/spttest/t9a3ytf4sjpn,35715d32b2aec2cb,1024,0/0
/spttest/xl4aaieidqkj,3d5997444213b1c3,1024,0/0
/spttest/ftkodsv5w4sq,1ce65d01bbf7e14a,1024,0/0
/spttest/qa358rv31mcl,3000ff6cf6f19665,1024,0/0
/spttest/9u1s9r0gux0c,11f6d9c99f07029c,1024,0/0
/spttest/2ge9qli921ta,47c34bc3fc776ae,1024,0/0
/spttest/e1l5519cwudz,19a73791ce9a01d7,1024,0/0
/spttest/94rwbotvqaal,10ae8d169894099d,1024,0/0
/spttest/h00iuo01x0or,1f0da17d14f822bb,1024,0/0
/spttest/m85pdt8oc38h,28997c5ab43fe361,1024,0/0
/spttest/vy8sqn2cm790,3a5cd9ed1d519234,1024,0/0
/spttest/tpnyw73cw1q7,3646317208c9b8bf,1024,0/0
/spttest/komoz7aj8bw9,25c8373240437939,1024,0/0
/spttest/2gea0qwv3xn2,47c357571db6c0e,1024,0/0
/spttest/4cnuteiw8nj1,7f2ef96b153f11d,1024,0/0
/spttest/ci0aa1bbakbk,16d547e6d5de0c60,1024,0/0
/spttest/50xfajvaw9es,92e219a2c60cda4,1024,0/0
/spttest/iaq9rfglorl8,216c6d8cb989c6ac,1024,0/0
/spttest/gxog1815p8py,1eef4b537f838166,1024,0/0
/spttest/x57tbjxxe882,3c8b091680eaf622,1024,0/0
/spttest/28i4ova9o25h,415af33ce8721e5,1024,0/0
/spttest/whb4qryxl0r5,3b547d56f73fb011,1024,0/0
/spttest/t2lwv4bmh8tn,351ab298893f28eb,1024,0/0
/spttest/3o0hfwvwtuys,6b2c2a4117bfe04,1024,0/0
/spttest/pzur4dewfd5b,2f7c13ad7f63d84f,1024,0/0
/spttest/4f7gq1dzr0nv,813fd4e5fbc231b,1024,0/0
/spttest/11cudprzf8v2,1e53cde786af99e,1024,0/0
/spttest/uy8lam76o2mm,38892994d614454e,1024,0/0
/spttest/afqgzckela83,1310886b870a4503,1024,0/0
/spttest/45qnfbgpayeh,79904ee913d35a9,1024,0/0
/spttest/yh3utnn2apj4,3ef917cb42114dc0,1024,0/0
/spttest/zuljzkjtq0qs,417bf433332aef44,1024,0/0
/spttest/43awhe0m3i13,7795bc427237407,1024,0/0
/spttest/xzqy6t4am9f2,3e179e46f30f032e,1024,0/0
/spttest/jnne82295ls6,23e7dd79158a0e86,1024,0/0
/spttest/zcptljalddld,4093afb599f89311,1024,0/0
/spttest/nzz1fzd0lay3,2bd66526c32b6eab,1024,0/0
/spttest/y1b6iizbmwea,3e2be8429c004482,1024,0/0
/spttest/8w0o6hb8h3qz,103cd031c17bd13b,1024,0/0
/spttest/srdxexbb4df6,3488ef3cc86fa3f2,1024,0/0
/spttest/ge1fjun85x45,1df031bd976b9ae5,1024,0/0
/spttest/q6839a2k0ll0,2fced324f8402944,1024,0/0
/spttest/xj8otupuzfk,1b396c3bcf4cfe0,1024,0/0
/spttest/223f9ngzas7v,3c271470608a05b,1024,0/0
/spttest/kd8epsv45osf,25342de3963c6cbf,1024,0/0
/spttest/77baj1wj0laq,d284c8f3dbfaed2,1024,0/0
/spttest/7wehy259gktp,e6e301cd1034a6d,1024,0/0
/spttest/osngwajyq08d,2d4ae8d3b33eb1ad,1024,0/0
/spttest/1r0611m5j3bx,33262a4a6eb249d,1024,0/0
/spttest/85w5mdjsappq,ee9766ded31b8ae,1024,0/0
/spttest/p2or14hz7jg5,2dcd43c3c440c535,1024,0/0
/spttest/5f3h3m9ein0r,9e62a0b16d6f70b,1024,0/0
/spttest/yln57hb5727z,3f340275eb3f07ff,1024,0/0
/spttest/ljswncqt5xul,275d200bd30c9f9d,1024,0/0
/spttest/1elj0v08xtu6,2913b6181ef0d4e,1024,0/0
/spttest/vi787gugs41u,398c74c4a4b60b82,1024,0/0
/spttest/7h2sw3s3g8wu,da720ed517b941e,1024,0/0
/spttest/98farn7in2nx,10ddf662db196b3d,1024,0/0
/spttest/bgmnbjrjp7f8,14efc1b5d5b220d4,1024,0/0
/spttest/3u470x2lcgp6,70208ed7cf06c8a,1024,0/0
/spttest/7jofydcqvhl6,dc8ea591e47c4ca,1024,0/0
/spttest/unfncagscv6t,37fcd3960045a4e5,1024,0/0
/spttest/ck68vtsrtx1t,16f1690bd061c791,1024,0/0
/spttest/m372qv55b2bi,285908b97270a97e,1024,0/0
/spttest/7dortyw0ikhz,d7b19488eba1847,1024,0/0
/spttest/i2p1ipgww6p2,210411facea359e6,1024,0/0
/spttest/2gkbhoxvc5ws,47e637114d90bec,1024,0/0
/spttest/qid49pw4y5q2,306c82a9dac4257a,1024,0/0
/spttest/qda3diouly33,302a78faebc33dcf,1024,0/0
/spttest/lvstddcw2zfo,27f8f6b7d4efffe4,1024,0/0
/spttest/ie2epgk08d14,2197c66d66f603f8,1024,0/0
/spttest/hog27ytyk5jz,204afadf23f02f1f,1024,0/0
/spttest/gw4jqj5vb92b,1edb2034ad4b65a3,1024,0/0
/spttest/yc6t8gdpqkos,3eb93689c6c5f83c,1024,0/0
/spttest/q0yxe0ih57i5,2f8a927d43676e3d,1024,0/0
/spttest/cxjhx4rj5f16,179f0d5b17e99a5a,1024,0/0
/spttest/r16bdmzabaqv,3160da3417546127,1024,0/0
/spttest/5c94544rmvjk,9c13b3be9ca5430,1024,0/0
/spttest/v2legs6eian6,38c1bddfdb3f6c62,1024,0/0
/spttest/7h0to694nzbw,da66a30e864ba9c,1024,0/0
/spttest/8qbyhd5kah4o,ff2f32364514d38,1024,0/0
/spttest/ox7hc6f6dhmf,2d861659d3f55c77,1024,0/0
/spttest/qp0rybtsywav,30c2fb70c1103807,1024,0/0
/spttest/5wdgdkbnufrb,ac6953bb662ae47,1024,0/0
/spttest/szltqoqrzk5m,34f3b2cff77ef3ca,1024,0/0
/spttest/7sv8bbpc6jc,65573d64952118,1024,0/0
/spttest/fyctlmk2vz39,1d2479bb28f27565,1024,0/0
/spttest/gy4pc8c0wjd1,1ef529183dc35a05,1024,0/0
/spttest/j3z15ls2t49x,22e8473a31527ce5,1024,0/0
/spttest/q82iilsbubbp,2fe6ca998e403fd5,1024,0/0
/spttest/cqzt9u5qbhz4,174a03946bc4ddc0,1024,0/0
/spttest/6w3t8pf23e3e,c96b7cd5228d81a,1024,0/0
/spttest/vkzy2gli9l0x,39b0cbf228bf18b1,1024,0/0
/spttest/v0mdem6vd4oz,38a81d02507b9003,1024,0/0
/spttest/cgm75ax8p5zx,16c33574737af69d,1024,0/0
/spttest/x6afpa94k5eg,3c98f881cae68058,1024,0/0
/spttest/dtyhrjx9bmz2,19441eb27ca6060e,1024,0/0
/spttest/yvflagt9605c,3fb32d58ecf00340,1024,0/0
/spttest/igqkpjvtb59h,21ba792e0fc77865,1024,0/0
/spttest/13j6nqbrjvkd,20181185c688d8d,1024,0/0
/spttest/r6v9e25k6ito,31aacc9777750ccc,1024,0/0
/spttest/lgxos3g5btna,2737e1edcbbaffd6,1024,0/0
/spttest/6h9en9espgcg,bd5e5b60e660300,1024,0/0
/spttest/nb79hz9f8sem,2a94a159048ce4ce,1024,0/0
/spttest/ergfcqqku4s6,1af73c9c4adc4fb6,1024,0/0
/spttest/gqyqzh3lhxqs,1e98164f7e0bb614,1024,0/0
/spttest/gj79h17g53ct,1e333ea35ece7c3d,1024,0/0
/spttest/p8626d8q0wcw,2e1474e7e1736dd0,1024,0/0
/spttest/iie2pmkt36nj,21cff1187f37f16f,1024,0/0
/spttest/plheqfnwoko3,2ec169837a70caa3,1024,0/0
/spttest/6emfu1pmeze8,bb3a1c70e6a14b0,1024,0/0
/spttest/3j8bta5z0zkw,674a4dc7e05cb20,1024,0/0
/spttest/apasufq8gvg,8b057cb110dd6c,1024,0/0
/spttest/fwkbr3v52q2o,1d0d345ebd44e180,1024,0/0
/spttest/2hnxtc70p754,48caf14999b6c68,1024,0/0
/spttest/tr00jqzc0dwp,3657875d912e9e69,1024,0/0
/spttest/21vdqp7it1a0,3bf8a6a3c9089b8,1024,0/0
/spttest/fqy63nd9t2d5,1cc4437bf848de39,1024,0/0
/spttest/3g8padr9rd45,64dcfaa3fe4c025,1024,0/0
/spttest/x17lh6h3qaa5,3c56ffef88821d8d,1024,0/0
/spttest/jsi54hvde1hk,2426ea91cf871808,1024,0/0
/spttest/d3ocpkuoaj3a,17eebd5ec40b4f26,1024,0/0
/spttest/xplujzel8a74,3d93e28b629502a0,1024,0/0
/spttest/ewj7tpkou8zv,1b3930ae935a410b,1024,0/0
/spttest/hbd8uql4tzw9,1fa11a72726a72f9,1024,0/0
/spttest/7azl3c7gcpvi,d5808456f0e19fe,1024,0/0
/spttest/dmyvicyus3se,18e9552a767ae82e,1024,0/0
/spttest/kv393y1h22cg,261c204843efad60,1024,0/0
/spttest/r7nl6nhsdvmw,31b50529f83d5168,1024,0/0
/spttest/iftbl0d7c95l,21ae799cb520b459,1024,0/0
/spttest/jm9f2sbuxgso,23d5d5404292fd48,1024,0/0
/spttest/tkpyhuvjneaj,3605f6e0547d971b,1024,0/0
/spttest/avx9u2ze8qp5,13e2d0c503781329,1024,0/0
/spttest/51lhd0cow8ip,936cfbf2e9bfb21,1024,0/0
/spttest/zcy9tykfy6v3,4096bc4eebcbf63f,1024,0/0
/spttest/ffyfdu83sgsp,1c35797a842a6709,1024,0/0
/spttest/2v0z0yf2ty7z,53a3f50550b507f,1024,0/0
/spttest/fg9k3gdnjk8o,1c397d9e37d97838,1024,0/0
/spttest/7talv0y5iqz2,e45d0ea964e060e,1024,0/0
/spttest/itzh3g3c94m3,22668b8f0b22b79b,1024,0/0
/spttest/n3znidsvfp7k,2a36f58df016ec60,1024,0/0
/spttest/j6dl7dmreckq,230782569918da2a,1024,0/0
/spttest/68a8a2s1zaod,b614a6f38b951cd,1024,0/0
/spttest/po3zdg5u1a9h,2ee3891595503c35,1024,0/0
/spttest/tyt1p995rmc9,36bcedccca2462d9,1024,0/0
/spttest/wpd4wts1tw4h,3bbd208fadeda8e1,1024,0/0
/spttest/pzw5erhy22u2,2f7c94b52230f0da,1024,0/0
/spttest/jw4jsw3861rz,2455f819caf5427f,1024,0/0
/spttest/8p8fu6knkhfd,fe4b0f0bd75bc39,1024,0/0
/spttest/82xhru4f2481,ec2fa34bed620e1,1024,0/0
/spttest/rwkzff0v8gkx,32f8d005ebcb34f1,1024,0/0
/spttest/c3zryw7a4op9,161f3f54499b9c0d,1024,0/0
/spttest/tjjy31j6njmh,35f6ce5aad3c8519,1024,0/0
/spttest/b9prri4wywps,1495f56b0d466a20,1024,0/0
/spttest/l6lbukw2wyj8,26b187c3b9f6f8d4,1024,0/0
/spttest/rqrb6f8uy93b,32ad28d7324cd087,1024,0/0
/spttest/yr41b5xewao,1c36b0723618000,1024,0/0
/spttest/9g075pd19i9e,11406da7c10189b2,1024,0/0
/spttest/r57sibjg1f2e,3195578cfa136e86,1024,0/0
/spttest/yo5r7jkvktba,3f54b40de00f1066,1024,0/0
/spttest/80dk47pewj8r,ea1ce5769326b6b,1024,0/0
/spttest/xsnkm3lmois8,3dbb798b4d9b6f18,1024,0/0
/spttest/xy1y1pxd6e4c,3e019b73a0edadfc,1024,0/0
/spttest/bq6g4m8367ok,156bcdee6252cf64,1024,0/0
/spttest/j3c1yc0mx9yq,22dffcce27a5c6b2,1024,0/0
/spttest/5uak2l6ws7ek,aab8f188eecdc7c,1024,0/0
/spttest/ue5giq79xye0,37843f175b657158,1024,0/0
/spttest/qh75cpnuytpo,305d5df9f8e2f4ec,1024,0/0
/spttest/j9lmbk6bb1l4,23315feb11159fc8,1024,0/0
/spttest/w3ojrs8bvbc1,3aa37b1758bed621,1024,0/0
/spttest/wijy3aykwmkz,3b64a8d7ce20f653,1024,0/0
/spttest/uti1k7c3fasq,384ba0590746e76a,1024,0/0
/spttest/37robdja65zu,5dfc0db2ad369da,1024,0/0
/spttest/5zbdzvb56e2c,aecce28c9f86db4,1024,0/0
/spttest/6fymf94jcekf,bc5045bfae5a7bf,1024,0/0
/spttest/qn600i3swo7k,30aae3730eebea90,1024,0/0
/spttest/rzg6wvua4s5a,331e0d2852c3d97e,1024,0/0
/spttest/4r52o9mo9krw,8aeff9a6c2b916c,1024,0/0
/spttest/289woj984e8x,412b7b4d2a81d21,1024,0/0
/spttest/ksehk4pm9khl,25f9363e1ab6e9f9,1024,0/0
/spttest/y5lfyaevvi2z,3e63912f5b34044b,1024,0/0
/spttest/ewbb10tn5mzm,1b3655f45b8b4ea2,1024,0/0
/spttest/ut0hziv36s0u,38454bdd257e725e,1024,0/0
/spttest/uu70c4ukezj,19092bbd34db6df,1024,0/0
/spttest/wz90j7v00tuk,3c3d886c29e6a31c,1024,0/0
/spttest/n3rfykthursr,2a33ff3c894aed3b,1024,0/0
/spttest/cwcx3a67087b,178fb0724e75c887,1024,0/0
/spttest/uzpoag4bq342,389c50c897828d42,1024,0/0
/spttest/vf4xljlkhbgh,3964a90a84c6cc41,1024,0/0
/spttest/j1e057uqcdo5,22c6b6632d1b1235,1024,0/0
/spttest/x7nsx0mvxkey,3caac8750c2abc9a,1024,0/0
/spttest/2i3f5ghbvhl1,4924516109879c5,1024,0/0
/spttest/a9i826cezc9q,12bf9f0b0b9686de,1024,0/0
/spttest/r9pu7xgw2nd7,31cfcf98d30712cb,1024,0/0
/spttest/900cgvp6ohwc,1070a72c4e182a9c,1024,0/0
/spttest/audmgrql733r,13cebc8deda89877,1024,0/0
/spttest/do9yrnra85bw,18fa52d55b9692fc,1024,0/0
/spttest/kj5cxk0as6d8,258103bee897d93c,1024,0/0
/spttest/themjfa015jo,35dae860af99ea54,1024,0/0
/spttest/donhx63qaj3l,18ff34c35edf6531,1024,0/0
/spttest/soixh1s9q63w,3463c575b8cd8a6c,1024,0/0
/spttest/ufr5n5jh5sxg,3799108a87660eb4,1024,0/0
/spttest/4p2jxmeq09nx,8941c4525cc22ed,1024,0/0
/spttest/wb11cybqwirf,3b02e96f3036acfb,1024,0/0
/spttest/u24bq5asbnws,36e7f757942921cc,1024,0/0
/spttest/g0nkmrn16wma,1d425548d49377a2,1024,0/0
/spttest/7r93fajqzt96,e2b4abaac2164da,1024,0/0
/spttest/r26blrf3zb7c,316dd80a075a9278,1024,0/0
/spttest/rwzfo9pfd9nn,32fe06dcabac7523,1024,0/0
/spttest/illu6sdxazo4,21f9b5f160ad2814,1024,0/0
/spttest/xzy036kpjpax,3e1a29ba5bf0afd9,1024,0/0
/spttest/hyhw1z4xsyda,20cd885a8bae5dfe,1024,0/0
/spttest/o1jfv2ma16k4,2beabec4fe3e1974,1024,0/0
/spttest/wrtps7k44sfg,3bdd1684dc242cec,1024,0/0
/spttest/g3zfws0o4jn0,1d6d955baf03146c,1024,0/0
/spttest/m3sqh0i8u5xh,2860d9558fbe4985,1024,0/0
/spttest/q5dh4y1pzcxi,2fc3c7574b02a936,1024,0/0
/spttest/l7h8yj82nlmy,26bd0c21fbe7df4a,1024,0/0
/spttest/s8v9yfouumkf,339865ccb5717bbf,1024,0/0
/spttest/nh6yywlorenn,2ae275deeeda8ef3,1024,0/0
/spttest/wk38vuybmbjy,3b789cca13b536fe,1024,0/0
/spttest/x7khq9i9dy7x,3ca996a5c3eb2f7d,1024,0/0
/spttest/likuryi3i4id,274d3b0a44d83255,1024,0/0
/spttest/l0ac3clme6ms,265fa0cc6d30e314,1024,0/0
/spttest/xf9m83rfvjrm,3d0d942f731f60d2,1024,0/0
/spttest/u18ocpdhd7ka,36dc8bf49a72fc8a,1024,0/0
/spttest/s30l6fk4i71t,334c60e4de74b831,1024,0/0
/spttest/ot93jz4ic3ch,2d52b6b1f8b56df1,1024,0/0
/spttest/6jp1sevz4yj6,bf58520e57546d2,1024,0/0
/spttest/8lwmoo51e2kz,fb97651a54e5993,1024,0/0
/spttest/i0z5e27uh7s0,20edbd14a89e3ba0,1024,0/0
/spttest/dats1hnh7orq,184b9f581d3c3626,1024,0/0
/spttest/urpdelh196ab,38344acd4139dd13,1024,0/0
/spttest/tw0bjqkhu5x9,369895df38cf5a7d,1024,0/0
/spttest/dk6q7a8eoytn,18c532b929ca144b,1024,0/0
/spttest/6rocs7fzrmh8,c5d2f05e2c8b98c,1024,0/0
/spttest/j51bapthlupa,22f6173e239de3ae,1024,0/0
/spttest/lzjxcfhnprmq,2829b6a07dbea322,1024,0/0
/spttest/y3bqk57gzrv0,3e46163461dc53cc,1024,0/0
/spttest/rq9tnytw40y3,32a6d9a5921471cb,1024,0/0
/spttest/kl5im75t4s3y,259b0cd82fd8c84e,1024,0/0
/spttest/bvdvu5a2qpjq,15af6f194c7a7dd6,1024,0/0
/spttest/h5iax8gd9yhw,1f54fe0eb03f43e4,1024,0/0
/spttest/txm0raubvbyw,36ad678ba19ed158,1024,0/0
/spttest/25qqd797jh8u,3f1d1fe6ac5b90e,1024,0/0
/spttest/wxnklt3pnt,be2227b5f55a9,1024,0/0
/spttest/xhl0l6pe34,c1544a98b8d90,1024,0/0
/spttest/i39d8dqyll6e,210b6765e7123876,1024,0/0
/spttest/chl7fa4yl04y,16cfd70df62845f2,1024,0/0
/spttest/ab3yvoo2hhg1,12d474d8b5d05491,1024,0/0
/spttest/xvaejqofrofi,3dddb0f6e01fe36e,1024,0/0
/spttest/agi4v0u1rzlr,131a83a2124285ff,1024,0/0
/spttest/c07ocbx6fsvv,15ee23f15a48d9fb,1024,0/0
/spttest/m4oabvo83qka,286c3bb312a8c13a,1024,0/0
/spttest/zmv3nbijr55t,41177be723463de1,1024,0/0
/spttest/g0b7dcs1jcq3,1d3dded6eaa2582b,1024,0/0
/spttest/3sh1uxk4uxcs,6ecb1f21f62e85c,1024,0/0
/spttest/6iaps6ammoav,be35be8f278c287,1024,0/0
/spttest/2dfotdf6vv2g,455c0049a252108,1024,0/0
/spttest/ds4n25so25qh,192c5bfa68316189,1024,0/0
/spttest/8yw0a6ffgn7,7480b30809e903,1024,0/0
/spttest/ii4grzt4c7ox,21cc7980c3c3b9f1,1024,0/0
/spttest/tbaidtgq2zgy,358b7cb39f1eca12,1024,0/0
/spttest/6vwlyfe8ijwf,c941e88024aa53f,1024,0/0
/spttest/2mxqfdqkjpfo,4d12a175f9ad384,1024,0/0
/spttest/kkv4rjt2jzwd,25974d9f5a05027d,1024,0/0
/spttest/7t35to8km746,e4321308e3d4186,1024,0/0
/spttest/967xvcf5jm63,10c154341a7937fb,1024,0/0
/spttest/7g8vynymjyev,d9c55c27539c2f7,1024,0/0
/spttest/clglm4e23rvc,170222a614a5a9d8,1024,0/0
/spttest/x172y1g44cu,1ad1402c14f430e,1024,0/0
/spttest/xyogb4u5jl4q,3e09ba6879064eba,1024,0/0
/spttest/hal8t4dycscd,1f9700056350507d,1024,0/0
/spttest/an96dv9a6ryc,13723506619b1104,1024,0/0
/spttest/thrdyil37cmw,35df8325fd5e32b8,1024,0/0
/spttest/32wh6tahb36s,5a08a20c6514de4,1024,0/0
/spttest/deepbylyith1,187a23e57b821bb5,1024,0/0
/spttest/mpxq2abaikep,298069c61a33add1,1024,0/0
/spttest/2zb0sah2iziv,571d48981874a57,1024,0/0
/spttest/q2nbt046li1h,2fa05d92b8e7e495,1024,0/0
/spttest/evjf17xja60,c13ad4c569c738,1024,0/0
/spttest/4uuotwkhhez,3f16d144f2566b,1024,0/0
/spttest/vkp4i84n2igo,39ace469dedad0f8,1024,0/0
/spttest/15ieq7b15rsy,21b33f15c34b902,1024,0/0
/spttest/zgg1dbot1kfm,40c41cfeb327aab2,1024,0/0
/spttest/paqy3rfir7ur,2e35f8b416dbbe83,1024,0/0
/spttest/5qdrwo7ufpv9,a78c34743870ab5,1024,0/0
/spttest/5e465dyxh5u9,9d96d0ead24d0d1,1024,0/0
/spttest/14s352pwxugv,211b4a39b6e9c7f,1024,0/0
/spttest/mb5bn5gwog5v,28c050de8251d7d3,1024,0/0
/spttest/8l8bsxg7c2bj,fb0b18f9d914dbf,1024,0/0
/spttest/kk1y920oyjd1,258cc63b09d40e85,1024,0/0
/spttest/scz8mwhng6ha,33cdc8e9684d5fce,1024,0/0
/spttest/52o4ya9aa8zx,944c244f6367a0d,1024,0/0
/spttest/emlofmwrz2os,1ab82f77647e935c,1024,0/0
/spttest/yj44a7c336gq,3f132a942ebac67a,1024,0/0
/spttest/76m4o6orglko,d1f385318cb8c38,1024,0/0
/spttest/pq010cfmfxlo,2efc16528c6489dc,1024,0/0
/spttest/dwvgiijgvt4w,1969fe2717e68140,1024,0/0
/spttest/8n5k49xwopx8,fc9ac4e029d6d3c,1024,0/0
/spttest/2v3jv6y5i3um,53b2d856129f0fe,1024,0/0
/spttest/cpl659sgz1ri,1737bdd445b5c3ae,1024,0/0
/spttest/agcipfa3vjpj,13187cf21215f087,1024,0/0
/spttest/srqxs1h89xpv,348da0f598e00ef3,1024,0/0
/spttest/sovuvmg7yzpf,34686f969f45b043,1024,0/0
/spttest/9fi6sz6samnd,1139ee1eae213529,1024,0/0
/spttest/2391u27yay5u,3d17646fb684972,1024,0/0
/spttest/vulromkufm3v,3a2d92fa27d12bab,1024,0/0
/spttest/sgu4djf0znhs,33ffe52abfdc6db0,1024,0/0
/spttest/23lqyk6kmw2k,3d60b29546077dc,1024,0/0
/spttest/s3qaqafjydh7,3355a7a8f47a27bb,1024,0/0
/spttest/51gch28klry0,934f55d90c194b8,1024,0/0
/spttest/exdu6nsryqt6,1b443d197818973a,1024,0/0
/spttest/yemjsagx3brf,3ed8deb30d0aff4b,1024,0/0
/spttest/iaq67a25qrpy,216c646a8da0dbd6,1024,0/0
/spttest/60unjztm1v5x,b00bef068e6ae05,1024,0/0
/spttest/p8yj4ofrn13s,2e1ebab6eb917c58,1024,0/0
/spttest/sn7mytr3y2qr,3452b53220dfc163,1024,0/0
/spttest/uvk7h9oe36i7,386662c8826941af,1024,0/0
/spttest/5vzq182aob8m,ac1a0db2dd3a0e6,1024,0/0
/spttest/6ih68u2wglfn,be5b05c01551883,1024,0/0
/spttest/3evwv1tnh6ho,63c350e02a3161c,1024,0/0
/spttest/lru9v0az6h27,27c5885e77eac6df,1024,0/0
/spttest/ajopi5qdbh4h,1343da93ceced071,1024,0/0
/spttest/97z2fm9x5ifs,10d81b1c63509198,1024,0/0
/spttest/2d39ul1wmwx5,4514532dc9be429,1024,0/0
/spttest/wmd7yjyomn8g,3b96309c8caeaf20,1024,0/0
/spttest/bwnn0kmgm293,15bff16767b41ce7,1024,0/0
/spttest/9ruyv1o4j1hx,11da699be3664255,1024,0/0
/spttest/4sxozenp51qn,8c6506974baad0f,1024,0/0
/spttest/e18bxptn1ht4,19a29838aa9ceb68,1024,0/0
/spttest/5l4qhdyniy3o,a348e067f14cc24,1024,0/0
/spttest/jgjhwquxxwav,238b88a8ed71bac7,1024,0/0
/spttest/gj4d18f51kk4,1e3232aba6749f54,1024,0/0
/spttest/wz4gf47h4fd1,3c3be3576ec353c5,1024,0/0
/spttest/gj6os4d33ml,d6c043e3a7b21d,1024,0/0
/spttest/wos3e2cabm2q,3bb588ecd720de82,1024,0/0
/spttest/1oxq7koenn4s,31786ce58f602dc,1024,0/0
/spttest/t6xwxj92z8jx,3552fc36b9f48c0d,1024,0/0
/spttest/2yr3e82zneqd,56aa3ddfa15f555,1024,0/0
/spttest/rl4hjwfw4bav,3263fa7152988e37,1024,0/0
/spttest/ndgg16v4fms7,2ab1ebf075642117,1024,0/0
/spttest/pym51ry5s7im,2f6bfad7bedff20e,1024,0/0
/spttest/h4r4puh5323t,1f4b30318c2f5669,1024,0/0
/spttest/oaffijrrjtsr,2c5e33b6eb6b149b,1024,0/0
/spttest/79ur1btuwer3,d494c6cb91374af,1024,0/0
/spttest/qu4o1ajrozfl,310555252c9cd061,1024,0/0
/spttest/2lpaotd8xyuq,4c121822b185ab2,1024,0/0
/spttest/qgfb7p2lcjsa,305352b3ed7bbc2a,1024,0/0
/spttest/wao9g3rpgjpv,3afe4d65e645fcd3,1024,0/0
/spttest/7fozim07vbx4,d9527837fc89518,1024,0/0
/spttest/isszqjixe9uy,2257378df40b226a,1024,0/0
/spttest/a5mcrdn6onqx,128d278c6fa8a039,1024,0/0
/spttest/olt3w7hbued2,2cf204e0c59ce336,1024,0/0
/spttest/zzpadd1kkszb,41be3f481ea517b7,1024,0/0
/spttest/jdg2wcp33bze,236355452878066a,1024,0/0
/spttest/uglfz6xcd2pu,37a3fe1ab04c1f02,1024,0/0
/spttest/1ercn8gr134v,29355397747411f,1024,0/0
/spttest/vj9um8gtybv,1999f3abee0630b,1024,0/0
/spttest/sicbc9wvmxj7,341372ec283ce243,1024,0/0
/spttest/88rtgqzxharn,f0edd8944731dc3,1024,0/0
/spttest/eidlq519q2ji,1a81508b75aaac5e,1024,0/0
/spttest/nievmj4an3o1,2af24d7e8379fc51,1024,0/0
/spttest/50rzfunnqeyz,92c2b16109da14b,1024,0/0
/spttest/mg1r8gn5qjjr,28fff9af79d9c677,1024,0/0
/spttest/sem971xidbwr,33e3141302d9c38b,1024,0/0
/spttest/b8hy6a7rhd2q,148625a9e1ecf372,1024,0/0
/spttest/29h1iyoqmdos,42247f8fcdf48cc,1024,0/0
/spttest/3w9pd37604a6,71e005578b7c7ae,1024,0/0
/spttest/llef2k3zz1pn,2771e04dc56aa26b,1024,0/0
/spttest/mnejjnzpw9it,295f838abf204d35,1024,0/0
/spttest/xqq1nmtxvd14,3da2637eaf14c8b8,1024,0/0
/spttest/s33q7asn2oqs,334d82e3b6f9b0c4,1024,0/0
/spttest/ifvufnl2m0rm,21af62b7848c9362,1024,0/0
/spttest/8axsr8uz7ta9,f2b0071006f0b01,1024,0/0
/spttest/1fsjwo6aiesm,2a0c17b8451bd66,1024,0/0
/spttest/9pi7jn2peu83,11bbd4966688c183,1024,0/0
/spttest/5la6umqeg3xq,a3685dcf01bcdee,1024,0/0
/spttest/agox46bld2zq,131cf65639fcf166,1024,0/0
/spttest/1g4xezwgyu9b,2a538900d7f0daf,1024,0/0
/spttest/nuu2fzz9smo5,2b93a797f39e66c5,1024,0/0
/spttest/7mkhq2a872jy,dee752f502e18ae,1024,0/0
/spttest/eqqhg79zfqkx,1aede06a12326b51,1024,0/0
/spttest/m1jdh5nv3343,28437e295e07fd83,1024,0/0
/spttest/wsb0aaksnjrd,3be353b9cf644fc9,1024,0/0
/spttest/sxgp6io6wcfa,34d7dec1d17dcce6,1024,0/0
/spttest/xa9i07f87gv5,3ccc97135cd16521,1024,0/0
/spttest/iq0cgbyxe921,2232e6fd52275e59,1024,0/0
/spttest/jqxlgm1grve3,2412837eedf0ebab,1024,0/0
/spttest/4soqd716tmyx,8c314a570863389,1024,0/0
/spttest/doc8wv7jk1g5,18fb25994f92a355,1024,0/0
/spttest/cl9rh8q939f0,16ffab1e34c7636c,1024,0/0
/spttest/u3ikiy8i59ko,36fa185559f2d1b8,1024,0/0
/spttest/l60lio53qo8i,26aa0cd729e41432,1024,0/0
/spttest/3os3ft85u8t3,6bcb90601085d17,1024,0/0
/spttest/zyzxf2zp7986,41b518d7d55b2f76,1024,0/0
/spttest/8x5a7c9xhtz4,104b776ec020b700,1024,0/0
/spttest/k25k6k4mv4pr,24a444fbc6bf4f9f,1024,0/0
/spttest/3bx06ssd3prh,615a2300069022d,1024,0/0
/spttest/zr5zedrmfxvj,414f5e149170cb3f,1024,0/0
/spttest/3yl3x8coaw2,33727396a2c922,1024,0/0
/spttest/avvcgnr2p3l5,13e21ec6157adc69,1024,0/0
/spttest/uc3gemuxvqbe,37698b8cb1d26ffa,1024,0/0
/spttest/mgesjls964ma,2904add5229405e2,1024,0/0
/spttest/b962cr9qyd88,148ed939d85e4578,1024,0/0
/spttest/4vlsxmtan9dy,8e8fde663a70d46,1024,0/0
/spttest/58rh9s6jgni2,993e685fc25a5fa,1024,0/0
/spttest/fs8jzttcvcgy,1cd50012734900e2,1024,0/0
/spttest/5k6c12unue7w,a28246bfb42b27c,1024,0/0
/spttest/4tu58to19470,8d205eb5e834e7c,1024,0/0
/spttest/7l6jsq6whktx,ddc701819521bb5,1024,0/0
/spttest/9rxu1bmeutpw,11db7255030cc7f4,1024,0/0
/spttest/ailswdyedi1v,1335d0ed672602a3,1024,0/0
/spttest/dnwp0cecpr5m,18f58901e43899ba,1024,0/0
/spttest/5exchzrp613c,9e3f4078c85c008,1024,0/0
/spttest/d90tjqkh4rjj,18342f4656df456f,1024,0/0
/spttest/icbyug6lpra,ee41bf48d6dba6,1024,0/0
/spttest/345kzdro0eay,5b0d06eb4953c6a,1024,0/0
/spttest/qel5ymk12rjx,303b74ec69b948fd,1024,0/0
/spttest/t1tc1fj3mvo5,351062da785788d5,1024,0/0
/spttest/roti1ceieqeo,3293f8a98205c730,1024,0/0
/spttest/f8m4hlkafi1e,1bd61c4e8eeab312,1024,0/0
/spttest/6fqgon2x7t27,bc212b00eb107df,1024,0/0
/spttest/wzb8itb88in7,3c3e55a80e817463,1024,0/0
/spttest/ent51ugeq50j,1ac7ddefafaec9e3,1024,0/0
/spttest/o1w5d99b0caz,2bef54a10a5fbd4b,1024,0/0
/spttest/s5tt7vqugfl,16dcd8517a194b1,1024,0/0
/spttest/9b53r115l7ux,1101407832c0b409,1024,0/0
/spttest/ua9e1sopn0c,189617a4ddad8bc,1024,0/0
/spttest/xi411y94fybs,3d3287cb58510388,1024,0/0
/spttest/x43p9a9zeftn,3c7c8feef286ee9b,1024,0/0
/spttest/jy6zn74s2gr7,2470d3ff5b061d53,1024,0/0
/spttest/gcr5ij290qks,1ddf7f0ca4bc278c,1024,0/0
/spttest/v6ki6beexp3h,38f5600ce1e0f34d,1024,0/0
/spttest/7sy0n2rmklhd,e41460ca54fabc1,1024,0/0
/spttest/ro4tbek541jy,328b10658dc475de,1024,0/0
/spttest/iup9i5tu0snh,226fd9a7d20ed30d,1024,0/0
/spttest/xyp8kno7sbhe,3e0a02edc5ba6022,1024,0/0
/spttest/ci7c1p069jau,16d7d304344f5ff6,1024,0/0
/spttest/ajrr7t7rse8r,1344f41380123e1b,1024,0/0
/spttest/bjl6k2bryi6c,15163219cfb6b784,1024,0/0
/spttest/wpricsuz3adb,3bc25035dae1523f,1024,0/0
/spttest/sx4od0u6iytp,34d3883c6ac7becd,1024,0/0
/spttest/3o3j9skezvro,6b3dc70e5ca2994,1024,0/0
/spttest/1aa9pnmt3lsi,2593669a3a39612,1024,0/0
/spttest/q9q11dg9gdvx,2ffc43d91127a34d,1024,0/0
/spttest/vlnref5o1kqp,39b963acf8eddb41,1024,0/0
/spttest/dt152lv2gd9k,193815fa53da9528,1024,0/0
/spttest/yb4rek6xd2vn,3eab7bd93ca6a8d3,1024,0/0
/spttest/g0mzsg2pr8r6,1d421fcec9046612,1024,0/0
/spttest/9co3fc2u7cme,111517e3b458e1a6,1024,0/0
/spttest/g254p3o8vacx,1d55a8488d2c1e31,1024,0/0
/spttest/7t1zkk45213c,e42b4c6f0cd6708,1024,0/0
/spttest/whrawd69u10p,3b5a53064e7db1a9,1024,0/0
/spttest/d1tfdxuri8b,a98435cd0e270b,1024,0/0
/spttest/dnahamyz5y57,18ed851d0991e71b,1024,0/0
/spttest/8i2wpua4k7bj,f87c53e241f6e0f,1024,0/0
/spttest/7gs7iajr1pkl,da34e60f3bd7eb5,1024,0/0
/spttest/occmud2zglfp,2c772becff876b85,1024,0/0
/spttest/kken8lrotk1g,25915ac31078beb4,1024,0/0
/spttest/e6vsdw4789l6,19ec012e10a7198a,1024,0/0
/spttest/f1cw3r727cwi,1b77daaec1d46b12,1024,0/0
/spttest/ngiqm9a0xkt,130b6e0bfb097fd,1024,0/0
/spttest/8e1ioo73vsnn,f534fd7e0f381d3,1024,0/0
/spttest/85fvtymg3p7t,ee3976b98bf2a69,1024,0/0
/spttest/1926qtbikdlu,2494e985c562fe2,1024,0/0
/spttest/kh6jybplxo94,2567779da8c16208,1024,0/0
/spttest/w2ap5d9hwyyv,3a917e79e626fe07,1024,0/0
/spttest/7p3s59qrnh8j,e0f656fc3602a03,1024,0/0
/spttest/83ax682dkmfx,ec7d2815fb8239d,1024,0/0
/spttest/igewp0t643si,21b643833e6d8632,1024,0/0
/spttest/61cuv7w0wfxw,b075053f26cc8b4,1024,0/0
/spttest/cji9cgafu865,16e8c164a8fd5bdd,1024,0/0
/spttest/hutaqz531w3g,209db11489c31fbc,1024,0/0
/spttest/j16t7d8fbmwi,22c41e009e2a67b2,1024,0/0
/spttest/qglitwuzo5ud,30559074c8c6ae95,1024,0/0
/spttest/p6a8z4g609yn,2dfbfd4f39b3386f,1024,0/0
/spttest/vur6b07e7ec6,3a2f865596254e56,1024,0/0
/spttest/3ob1vwzy43mv,6b692c792677967,1024,0/0
/spttest/2avyd3kfsubi,434a6a33d4e377e,1024,0/0
/spttest/nbrrgah5bd5a,2a9c06c6bf3ec04e,1024,0/0
/spttest/7h2gvbe7wi3w,da70214d786f2ac,1024,0/0
/spttest/mgtpb0eco8jn,290a0f0bdc338543,1024,0/0
/spttest/qprodcmjviz,15b04e4e90a7c5b,1024,0/0
/spttest/zxpx3yhk5fke,41a47f1c6cf9360e,1024,0/0
/spttest/xojd2u1s2eef,3d85ffb5f0435567,1024,0/0
/spttest/tz8abnk69jrw,36c26d723886925c,1024,0/0
/spttest/97jyk6uf17jc,10d2a7a66175e368,1024,0/0
/spttest/8ea87ptefvt6,f56744a8c0300ca,1024,0/0
/spttest/daj5s4f2gkcl,1847ca8bff6ae905,1024,0/0
/spttest/kektesi88f01,2545a54447cccdf1,1024,0/0
/spttest/dz4nc67mzebl,1987497d2243e541,1024,0/0
/spttest/vnwpuefij5wi,39d69982ba71f2a2,1024,0/0
/spttest/m4m9eybg68yt,286b809dc4ec2ee5,1024,0/0
/spttest/ofl5mibzfh17,2ca136d4ffe2b2fb,1024,0/0
/spttest/a0zicd25j33l,1250f46065dfd371,1024,0/0
/spttest/uaze0ft3mh22,375b16ad32ad66da,1024,0/0
/spttest/rty0xao49yhy,32d68ce15161dae6,1024,0/0
/spttest/zp9jzd7itv71,4136ad7b9f9aa12d,1024,0/0
/spttest/5idgucl8p5k8,a10bcd5d8d2a468,1024,0/0
/spttest/nmekijnqnbiu,2b262603728a6016,1024,0/0
/spttest/gg8zvuzq8kr3,1e0ce700de15810f,1024,0/0
/spttest/h6s1gz4k2otl,1f657ebee3413e29,1024,0/0
/spttest/jswgeytlkp1k,242c14b1e34524c8,1024,0/0
/spttest/kqtbb1e3dc1,10d75ec290b4841,1024,0/0
/spttest/rl9lxiob2vu,1666251e717d35a,1024,0/0
/spttest/rj79ee70swjl,324b001d7c1e6fc1,1024,0/0
/spttest/q3ln0ffedkp7,2facbed8a22d040b,1024,0/0
/spttest/zgsqxrysuw9o,40c8b3041f8452dc,1024,0/0
/spttest/k96cvpitok1p,24ff7b6a40de907d,1024,0/0
/spttest/gx9fx3pub0pt,1ee9e18247292a61,1024,0/0
/spttest/orpau8clsmd2,2d3e94c3dd304536,1024,0/0
/spttest/wgv2ai9f9657,3b4eb1281cf25a5b,1024,0/0
/spttest/2xy0uom56nuh,56026a9ee1bfb39,1024,0/0
/spttest/n9brsn73s0gd,2a7c47405fcbc04d,1024,0/0
/spttest/er6fvh0ayjfa,1af3a2435389b0d6,1024,0/0
/spttest/vcj13kkqjm7s,3942c76891b22138,1024,0/0
/spttest/ok9m9ctsqp0z,2cddff60af443133,1024,0/0
/spttest/sb6y5ems8l35,33b696707d11f0c1,1024,0/0
/spttest/kw6xa4ozamdk,262a70a9d2ebb2c8,1024,0/0
/spttest/14vi3zurx64j,212f0275512c043,1024,0/0
/spttest/lr21l05r5lfw,27bb58d1a6716acc,1024,0/0
/spttest/eiyz6hwlx719,1a8906cc83b6e6dd,1024,0/0
/spttest/7cybxocjiqq9,d718eebb8d6bad1,1024,0/0
/spttest/q1eejvhegf62,2f90280c886f12ca,1024,0/0
/spttest/3mouueosgnl4,6a1935a7ef53768,1024,0/0
/spttest/rbxelpjivfnd,31ec84fc65e3aef9,1024,0/0
/spttest/64qt8i7sf1ax,b335111a438ec59,1024,0/0
/spttest/2luyieaexlgo,4c32c78954680e8,1024,0/0
/spttest/tzsqfdnxotd9,36c9ce210af7b7ad,1024,0/0
/spttest/jhzqots6eq0p,239e62560e5f0139,1024,0/0
/spttest/1u46j27emnlt,35acd2b9ee44b01,1024,0/0
/spttest/wgce3iyuu74r,3b47f473b5e8059b,1024,0/0
/spttest/ul7tgcy0qs68,37e005cfad9e9920,1024,0/0
/spttest/e5i94up620bf,19da21bded33181b,1024,0/0
/spttest/oxpw76qqj843,2d8cbb1c3c9ed1d3,1024,0/0
/spttest/8ht4xei111mt,f843ea0223b0785,1024,0/0
/spttest/ihlxda3sz9m5,21c5c913765b836d,1024,0/0
/spttest/tu9yvgp2wnd4,368216857d454448,1024,0/0
/spttest/v9h6bvn5pmwh,391b2452a360d131,1024,0/0
/spttest/vcw6luio69b7,39478653be7034a3,1024,0/0
/spttest/yxa62mxxaaiv,3fcb32f98cea18c7,1024,0/0
/spttest/oxu0eac13228,2d8e375a38419e30,1024,0/0
/spttest/avy23w6auvar,13e3194f8fecdbf3,1024,0/0
/spttest/j5w68hc8sh6v,230139ab84d90e07,1024,0/0
/spttest/q3cfyu54259y,2fa96d7548849f36,1024,0/0
/spttest/or27hznmzoba,2d363fb9c6d267d6,1024,0/0
/spttest/v9qt1sny44iw,391e9dee71680de8,1024,0/0
/spttest/tn1wzff5rz2z,362441edec2c5b5b,1024,0/0
/spttest/6oucosvyue6x,c3861383936a159,1024,0/0
/spttest/ki1l5dzi64v0,2572aa19be9a2c1c,1024,0/0
/spttest/14vgqfvpm0cn,212ec9f2cfab047,1024,0/0
/spttest/q4wag8gd0gte,2fbd93ecca9e4222,1024,0/0
/spttest/pjf8a2nfotvq,2ea6a5b3ec377846,1024,0/0
/spttest/bpyx48g5z30d,15691693892ddefd,1024,0/0
/spttest/46hzegwo28dk,7a2e19a767caee8,1024,0/0
/spttest/uw1p3d6kap4p,386cb23c92f399b9,1024,0/0
/spttest/ar5ninzb0flf,13a4e48a06c495f3,1024,0/0
/spttest/y1g898fo0q8g,3e2dba921617f8d0,1024,0/0
/spttest/m1pl8l4ydfyr,2845bc4958e2d413,1024,0/0
/spttest/3oihrhaxl3pb,6b94217faa0feff,1024,0/0
/spttest/9ml2s93pzxqo,1195e5b4f786ca90,1024,0/0
/spttest/v8vn54rk01y8,39135f5be51669e0,1024,0/0
/spttest/31depwz7mce,27768af14bffde,1024,0/0
/spttest/69elh3hosz2m,b6fdb05091d0c8e,1024,0/0
/spttest/mdh4ccj55n7q,28de8d12301615c6,1024,0/0
/spttest/2mh6axnzz772,4cb30911b985e2e,1024,0/0
/spttest/j72d4zknun7g,231072d901d547fc,1024,0/0
/spttest/txdlilsv8d59,36aa5d7e33d0338d,1024,0/0
/spttest/8l1qm6mg10le,fae50fd4486c142,1024,0/0
/spttest/nnru6tkoeksd,2b37ece12afa98bd,1024,0/0
/spttest/pgnsaa97fnt2,2e82c43595eb7146,1024,0/0
/spttest/z775noex2o2y,404c015f0816df6a,1024,0/0
/spttest/8zk0gb7n8b3a,106ac27382a78d26,1024,0/0
/spttest/16a731sar1ty,2253aa497264c06,1024,0/0
/spttest/vmo065kcq9ad,39c6776f6fcbdd85,1024,0/0
/spttest/xtsfz2hwqjy3,3dca38bcce3bcb7b,1024,0/0
/spttest/lpr7ze4dfrux,27aa73ee83fb97c9,1024,0/0
/spttest/pmr1664lr7f1,2ed1dfa739f5034d,1024,0/0
/spttest/ufkys77pbyrh,3796d4bb192e29bd,1024,0/0
/spttest/7z8hjvh16tse,e92fca98b66114e,1024,0/0
/spttest/iea7h2o6glmb,219a96d0acf45773,1024,0/0
/spttest/yajto6qqigo,1bd7146a2bed1f8,1024,0/0
/spttest/z1pi7l7eguhx,4004b0aaee535865,1024,0/0
/spttest/fx9awun6sj1,ced6df6ddf04ed,1024,0/0
/spttest/lj2lkc2kznje,2753a20879adfdea,1024,0/0
/spttest/1yo1jwy3bisc,395eccb4a409edc,1024,0/0
/spttest/t4s3vmfseipj,3536e950ab6fae37,1024,0/0
/spttest/acbkuki4fg4t,12e4310c7729cb6d,1024,0/0
/spttest/35wpkex07sd7,5c79764d2ad8f5b,1024,0/0
/spttest/w5v3n92lwz69,3abfd2ce89854711,1024,0/0
/spttest/at51s3un4nf1,13bea7473a412e8d,1024,0/0
/spttest/74lf8ym7yg6p,d04fc94db2b2571,1024,0/0
/spttest/k24ktc8r99dr,24a3ea3d2875b2bf,1024,0/0
/spttest/1e6a64jskmkw,28bbb23f40a3750,1024,0/0
/spttest/9nv9cwxapgb2,11a68f836ba38cce,1024,0/0
/spttest/5a7c0tfk0st8,9a69c343f9d91dc,1024,0/0
/spttest/wjukgnrpbai4,3b757b2e69627eec,1024,0/0
/spttest/4xfo3libzim8,900c1ccd29dcc00,1024,0/0
/spttest/6t8r5fkvqw9z,c7188821916a4e7,1024,0/0
/spttest/i0j2vs4fx4lf,20e7f0c11e801483,1024,0/0
/spttest/vbd9csd6udny,3933b5201c677aae,1024,0/0
/spttest/5biqcy42rbv9,9b7b64c088e66d5,1024,0/0
/spttest/x72l0krs7eyz,3ca32073975c6f8b,1024,0/0
/spttest/hes5vgql6h84,1fcd7418660339b4,1024,0/0
/spttest/89jgle24uzrf,f18d6d291abfc8b,1024,0/0
/spttest/x1d8v7wkqrc2,3c5909ca62b750e2,1024,0/0
/spttest/a4hx0q5axyli,127e906eba0a4b66,1024,0/0
/spttest/l0lfukp4jzx0,2663a27ca78a8494,1024,0/0
/spttest/eo2hact4mu8u,1acb3ca579379a9e,1024,0/0
/spttest/571pzo2ios2n,97d9e10448d7e1f,1024,0/0
/spttest/vys68j5hl4yw,3a63d78d9d3e2168,1024,0/0
/spttest/t272q0hn5lyp,3515581a5c06d971,1024,0/0
/spttest/9tm6dxihoqgp,11f1381d593d24f9,1024,0/0
/spttest/tpngry3lzp4m,364602f55bf06af6,1024,0/0
/spttest/und20rj2uvam,37fbe425813017ee,1024,0/0
/spttest/e3wijmp2tj47,19c54c87750e6c07,1024,0/0
/spttest/f3mao9mkm7gu,1b9539e4a87a0b4e,1024,0/0
/spttest/bmwidms1ndbu,15414040affad43a,1024,0/0
/spttest/ul9oa6qsslvb,37e0b14765eb81b7,1024,0/0
/spttest/8va029jeckin,103330bda1b5fcdf,1024,0/0
/spttest/y216ck0x6twv,3e354968aff4ddef,1024,0/0
/spttest/i5r3ypeeszr5,212bc8c2177c7a01,1024,0/0
/spttest/7t1l43f7z9ug,e428faec79b4f98,1024,0/0
/spttest/9ihy3c9w9a8,7b93fcb4680000,1024,0/0
/spttest/xealqshpu85t,3d00f2101c3061d1,1024,0/0
/spttest/pr1oyombnw5q,2f09ad68680f058e,1024,0/0
/spttest/fakhf3lutqmp,1bef7f42cd896e11,1024,0/0
/spttest/u6vtaj2vujms,3725d761f3db35e4,1024,0/0
/spttest/mdj87h63auxw,28df4fb936bc4624,1024,0/0
/spttest/g3bn52dkx0hz,1d64ff124d5ac8c7,1024,0/0
/spttest/hq2m2wzoh1qa,20601b2f75f42702,1024,0/0
/spttest/7nb4f84ozmwe,df810ffefa946ae,1024,0/0
/spttest/rkhlpm58g5ec,325bb8a4bab65b54,1024,0/0
/spttest/4il800f91zih,83febd9b913af09,1024,0/0
/spttest/ynrv2edyuws,1c236b05279d5fc,1024,0/0
/spttest/ad2sb49wosf7,12ee022197f289e3,1024,0/0
/spttest/wca9q92t17el,3b133b7ab5d870bd,1024,0/0
/spttest/8tlyqig95zer,101d873e27fccb83,1024,0/0
/spttest/sfj4ltqgx2c9,33eef0733fe65219,1024,0/0
/spttest/eq59phrvsxoy,1ae638d133ffb492,1024,0/0
/spttest/6zlw18sxe3o6,cc4355dbbdc7b16,1024,0/0
/spttest/q4hts8z2ho1g,2fb85c01ed2cc1f4,1024,0/0
/spttest/c3gf3f1tjoaf,1618434cc29b92b7,1024,0/0
/spttest/tyspv8vpama8,36bccf6ffbcd6450,1024,0/0
/spttest/p0yby6ve2dc8,2db6be3cdff43a08,1024,0/0
/spttest/3y7hn0pe4een,7372e4ad7a8b3ef,1024,0/0
/spttest/m9xau1lv479g,28b06e978bd580c4,1024,0/0
/spttest/9q5czu8zput2,11c42f0a61cf2b36,1024,0/0
/spttest/fmsefxt9wz0g,1c8e39a66cc78640,1024,0/0
/spttest/4cxthu151xgl,7f687e1770348a5,1024,0/0
/spttest/2iuevs5badck,49c0256d05c0114,1024,0/0
/spttest/azyr4we55smq,14174e8dd4a73d32,1024,0/0
/spttest/gv2ia4ozmg6p,1ecd667a4f851e71,1024,0/0
/spttest/to41zedtesqe,363204bfdd32b9f6,1024,0/0
/spttest/i1h3q63c0kl,ea56df938ca8e5,1024,0/0
/spttest/mczk7r3o5kuk,28d8372aefb56ccc,1024,0/0
/spttest/mdyjlk5o8nts,28e4d6797785f6a0,1024,0/0
/spttest/j2j94q4vjabs,22d5988ad6486a08,1024,0/0
/spttest/6a7igzvc43p4,b7a49fe82a183b8,1024,0/0
/spttest/byng0dyyapto,15d9d9f197d89b3c,1024,0/0
/spttest/e40yfxsqyt0x,19c6e6caa2a5e171,1024,0/0
/spttest/x06kqi8okxsh,3c49a468df78c011,1024,0/0
/spttest/tpol9zirfui9,36466ae022133b31,1024,0/0
/spttest/r5zl6cdin5xr,319f5f0c213363cf,1024,0/0
/spttest/97bvnnm8nkny,10cfbd40ef65185e,1024,0/0
/spttest/pczkvsej5d7x,2e53109b902f3d2d,1024,0/0
/spttest/tjlck59d7ayq,35f74fdcc84a7442,1024,0/0
/spttest/m6zawa7t8l1s,288a2fb7c5bc7590,1024,0/0
/spttest/umsh9d6mdjq5,37f477836282631d,1024,0/0
/spttest/veegj9nfi0vb,395b1bafab504fe7,1024,0/0
/spttest/2qh4lf962cc,2388089a38e65c,1024,0/0
/spttest/9ze3w92pn3vi,123c3e514871045e,1024,0/0
/spttest/cvgt7ie06kwg,17841ab372898750,1024,0/0
/spttest/g6e2ia3m4mcg,1d8cd701baf82c20,1024,0/0
/spttest/kt5pdzwb9ezk,2603084635ba8f20,1024,0/0
/spttest/um0chkwuceh3,37ea50f57ff9b247,1024,0/0
/spttest/sqw9fslsqnuz,34828f75dee48b4b,1024,0/0
/spttest/xlqqqtxrp34u,3d61b1956dbe4b1e,1024,0/0
/spttest/7399l8y7vr0b,cf39c630804897b,1024,0/0
/spttest/m27dylavgkx,11e8f570dde83b1,1024,0/0
/spttest/a0h9yapdb3g1,124a60382d973731,1024,0/0
/spttest/zyu3vh4apwp6,41b2ff3258f21bca,1024,0/0
/spttest/loc6ls8oiv6k,2798099d9e60a65c,1024,0/0
/spttest/belvq1ghugjh,14d580634038303d,1024,0/0
/spttest/ngdtv0uziwxr,2ad7f2161288723f,1024,0/0
/spttest/cf6588am52zo,16b06d6221395c64,1024,0/0
/spttest/bvi1e2hm4gsd,15b0eed2149a87fd,1024,0/0
/spttest/qqgi8tmr1zfh,30d5a5adde884c9d,1024,0/0
/spttest/ocbh7s2xcehz,2c76c11e7a225d67,1024,0/0
/spttest/6hwds6unczqb,bde2ff75b9c4ee3,1024,0/0
/spttest/d2byodiuqt78,17dd47b0120b4c54,1024,0/0
/spttest/236lxmv64pdt,3d094be30459b81,1024,0/0
/spttest/n9nupnf39vr4,2a80a327836c3800,1024,0/0
/spttest/bd34hjoul6r0,14c1be9efe7fc36c,1024,0/0
/spttest/3z8d2xethe4g,7447c38e42326c0,1024,0/0
/spttest/e1dm6nm287e9,19a4805b83dd2171,1024,0/0
/spttest/uvk8ll8d3hxh,386665a830545a85,1024,0/0
/spttest/ytlbjdpyzoxa,3f9b440555dc5eee,1024,0/0
/spttest/5pe671htlrsf,a6beaae7f5c70ef,1024,0/0
/spttest/dbx3wazewj9h,1859d02021380385,1024,0/0
/spttest/l2l2jgwwcxhr,267d7ada8cd7948f,1024,0/0
/spttest/7uxbpv17zhsm,e5b009de34d7fd6,1024,0/0
/spttest/x2zemijjreog,3c6e05ec46d74210,1024,0/0
/spttest/gt0il27neyhc,1eb2b401c4adf910,1024,0/0
/spttest/sopfdg42hd93,34661d98c1b76f57,1024,0/0
/spttest/8fa2viob2iqf,f6363d97fcdf657,1024,0/0
/spttest/qk9n4vw0vzcb,30853c1c01e234ab,1024,0/0
/spttest/w90ui4yipobk,3ae8dd5472342160,1024,0/0
/spttest/y70iamfayie0,3e75fdf9d8c45798,1024,0/0
/spttest/lzxuhim11idi,282ebc728f482c46,1024,0/0
/spttest/vo1058pcudis,39d8256a0416eff4,1024,0/0
/spttest/m8fz4ffanstm,289d310699cac7aa,1024,0/0
/spttest/r4r5318kgxu7,318f558e694c934f,1024,0/0
/spttest/j4chzpuyqeam,22ed233697a5b4de,1024,0/0
/spttest/48y4ns1u2cb2,7c2af804ac6acce,1024,0/0
/spttest/22agcwupxwov,3c4faa73f1d14bf,1024,0/0
/spttest/kan61cf2v627,2512895f838e0e6f,1024,0/0
/spttest/rsxiuj7i7tlo,32c9613e0cfd0f9c,1024,0/0
/spttest/h2uv48g8ck78,1f328e854b68b944,1024,0/0
/spttest/tn6cay8vtz6e,3625dab5dba79656,1024,0/0
/spttest/lqcmq4w1j3pa,27b22d7de9307a7e,1024,0/0
/spttest/4xcu79617k0g,8ffbc59c8e82a10,1024,0/0
/spttest/z7rcxseneohh,40534b6acc60e275,1024,0/0
/spttest/1aajmyyy06vp,2594fe10e85ecd5,1024,0/0
/spttest/e7asc55qfpi6,19f16a9435450cde,1024,0/0
/spttest/25x3rap4hcrs,3f41e9026ab42e8,1024,0/0
/spttest/qtzpo90143rt,31038b81873f1d19,1024,0/0
/spttest/8wjcmc1n062t,10438d880eae79c5,1024,0/0
/spttest/4u58siif142r,8d607121ebae1e3,1024,0/0
/spttest/13xmwwfgmsei,206b7f4e60de54a,1024,0/0
/spttest/t596p0ua8vjn,353d12cd5d3413b3,1024,0/0
/spttest/d9xf65xly2cm,183ff289d4556966,1024,0/0
/spttest/l68u0fhcjnwe,26ad059415165fbe,1024,0/0
/spttest/mjapwrzup5h7,292a2d5f0a96e1fb,1024,0/0
/spttest/8miigmvvf805,fc15b959fa89145,1024,0/0
/spttest/ch5vth6lmhll,16ca4fc0d44a5f99,1024,0/0
/spttest/qy5tjqueb8rb,3139b4af38256717,1024,0/0
/spttest/aw50pfw7r6t7,13e59c4aec35723b,1024,0/0
/spttest/24455pvnxsy0,3dcae3891b433c8,1024,0/0
/spttest/tm0nhtoqshqp,3616cff52c0c12d1,1024,0/0
/spttest/yx0jot98usv,1c58c48bb9dcaef,1024,0/0
/spttest/3a0qr1eezda9,5fd00ee811ec401,1024,0/0
/spttest/jamw7x0bgoa1,233ed2f0fd7299e9,1024,0/0
/spttest/886i3sj4waqb,f072ca7ee622e53,1024,0/0
/spttest/jw1odvlfpnlr,2454eec140aa56bf,1024,0/0
/spttest/wolsnzk8n8z2,3bb343330499552e,1024,0/0
/spttest/xkb4ijw9shs3,3d4f11c41a2e2203,1024,0/0
/spttest/cqrd5wmx4983,1746f74d148d20b3,1024,0/0
/spttest/93t7cdbl3atq,10a20878ce2b6a8e,1024,0/0
/spttest/fbaijbgxhgd0,1bf8e3b3a222de14,1024,0/0
/spttest/6qjnhx01n5ek,c4e7f6a50306c1c,1024,0/0
/spttest/4woqflygbipz,8f709d862d81b87,1024,0/0
/spttest/82ec6z4ewhqo,ebc10e4c9612fd0,1024,0/0
/spttest/qj60y5isbdfs,3076f0d2237d0cc8,1024,0/0
/spttest/t37he2lxokhm,35227afed27152ba,1024,0/0
/spttest/w1ar5x5vdwps,3a848663f174e9e0,1024,0/0
/spttest/k7t66s8jjze9,24edbc3335ef8cf1,1024,0/0
/spttest/sh23b07qr3c7,3402c55dd88fdfa7,1024,0/0
/spttest/efctnkhtmr2w,1a5a10bfd89e5398,1024,0/0
/spttest/itoaai1ledqb,2262820ce516b603,1024,0/0
/spttest/m2ep9fq7wy22,284ecbd0f772b36a,1024,0/0
/spttest/tbo2jk6auf7e,35906136b6f3ca7a,1024,0/0
/spttest/lg4ch9kjze03,272d4bb0466ac4a3,1024,0/0
/spttest/y5zi99mvnoe,1bbcbac79c9339e,1024,0/0
/spttest/udi6zl1o9c1r,377bda2a4c75713f,1024,0/0
/spttest/8e674oqmvmfz,f55000957e0815f,1024,0/0
/spttest/cbf9fdgn1m1w,167fc2715ec76ce4,1024,0/0
/spttest/j44mtyom8w8p,22ea4cafa26ceb39,1024,0/0
/spttest/v7jaqua2bqj5,3901ede016a26511,1024,0/0
/spttest/nfq1eijd9oyk,2acf5c9919fddf9c,1024,0/0
/spttest/lfw38uxfi83c,272a510d29456c78,1024,0/0
/spttest/oh8x239st0gc,2cb6c6f1eedcb78c,1024,0/0
/spttest/koecrgy7hj34,25c534e8ee2f69e0,1024,0/0
/spttest/t7bhc1751whs,3557e15996730bc0,1024,0/0
/spttest/49d8ns7m41pl,7c82349c9bab3a9,1024,0/0
/spttest/x1pr94i5wqra,3c5d8d6279f27c76,1024,0/0
/spttest/on7zv8evhwbh,2d04615368cd74dd,1024,0/0
/spttest/qep1ahz8nq3m,303cda69ea85e7e2,1024,0/0
/spttest/9dvfwtsm2cp4,1124bbc28fc742c8,1024,0/0
/spttest/10ubrgynhwub,1de8e789a88bf83,1024,0/0
/spttest/inc2ax5qmob2,221029984021428e,1024,0/0
/spttest/bxhfehp462g,9af6b12fe634b8,1024,0/0
/spttest/ic7h6il8k8a,ee36399dd3756a,1024,0/0
/spttest/2b6wl5fj8wf4,4389a21701b7520,1024,0/0
/spttest/zuu58y50lp5l,417f0db21d83c699,1024,0/0
/spttest/vctd3ghwz2sg,394681df4afebce0,1024,0/0
/spttest/m2o9ai8suott,28523e85bc1f3531,1024,0/0
/spttest/t09onmog4d3h,34fc4e9a761bab4d,1024,0/0
/spttest/iez2ule4hde8,21a39027e76daa10,1024,0/0
/spttest/poca9vni41oi,2ee687ffdca21f82,1024,0/0
/spttest/ylmogqstcdp7,3f33d780a5259d5b,1024,0/0
/spttest/xkeeb9ot7hf1,3d5040026db640ed,1024,0/0
/spttest/aj6t97eqxjf0,133d6592f315e28c,1024,0/0
/spttest/3sarmvu7h9tz,6ea6d8141de5b07,1024,0/0
/spttest/kb4j2r2wzm4y,2518cd16b678f2d2,1024,0/0
/spttest/2mzoc8fscvvh,4d1dd78cf2de45d,1024,0/0
/spttest/cr4i04i0icd1,174bb4814ebad715,1024,0/0
/spttest/82d4trg45saa,ebba19f8c60d272,1024,0/0
/spttest/c3d11obmd9ni,16170a2662ef141e,1024,0/0
/spttest/xrguee5hpp52,3dac0ed17b339086,1024,0/0
/spttest/gpq6644e3uj2,1e8800b317c3db4e,1024,0/0
/spttest/un3h0zplces9,37f86ef790093ed9,1024,0/0
/spttest/um0qyuk0xt03,37ea761c558f4113,1024,0/0
/spttest/6gwam3v0km2r,bd12a941fa938c3,1024,0/0
/spttest/s7218g2uygt7,3380db7c3d2aaf9b,1024,0/0
/spttest/se644y64v80a,33dd413416b1b64a,1024,0/0
/spttest/ii6op85d3neq,21cd46918591ba42,1024,0/0
/spttest/ze72xofmi2a2,40a6e72f08fe0e0a,1024,0/0
/spttest/83a4wqylvmah,ec789fcf3861f99,1024,0/0
/spttest/816btktajmlx,eac2fbc75605735,1024,0/0
/spttest/k4s79cm3h4da,24c66acf6e5f2b5e,1024,0/0
/spttest/mln2bjv6b2ib,29489c2561a47373,1024,0/0
/spttest/rbw0vbtxt4au,31ec0561dcf68006,1024,0/0
/spttest/zer3rjbsezqo,40ae20ad374b4470,1024,0/0
/spttest/30qb1brh7vt4,584559e8d4f89c8,1024,0/0
/spttest/om3i9bgv1ecr,2cf5c56a7529adeb,1024,0/0
/spttest/jt8of0kzdezk,24307da4bf6d2020,1024,0/0
/spttest/jd4z0auz1p0g,235f533ce01b0fe0,1024,0/0
/spttest/4wms5we88ehn,8f6558c5cb53b5b,1024,0/0
/spttest/pj26zj232866,2ea1f1992f52b0de,1024,0/0
/spttest/vvl62cjglqnd,3a3a58c3bafef629,1024,0/0
/spttest/3mdgm4ropene,69d76cac2e23a6a,1024,0/0
/spttest/jhgoqk34ttvv,23978254d1f36c8b,1024,0/0
/spttest/3dg2hbdccbas,629805269609434,1024,0/0
/spttest/tgot4fh40ryc,35d197b1f753e584,1024,0/0
/spttest/1l89hacmgro3,2e75ee75ab15613,1024,0/0
/spttest/ydob6adv2e96,3ecc8415b21da7aa,1024,0/0
/spttest/vsoms190cxxa,3a14a0fb7cfd0abe,1024,0/0
/spttest/qu8ejdw18gsl,3106ae3ff5b4b805,1024,0/0
/spttest/75yg9g9r7q6z,d16ad39e0d27f5b,1024,0/0
/spttest/4nno2eh30rmt,881c017f185b2e5,1024,0/0
/spttest/k4mdp8nngve8,24c45120c78ff5f0,1024,0/0
/spttest/95vota910avz,10bce88bb4317c1f,1024,0/0
/spttest/g3whq0st94sb,1d6c84e7496b2d7b,1024,0/0
/spttest/hfbcdbqw1yhd,1fd45fc277311cd1,1024,0/0
/spttest/jwsqansodxj9,245eb199897de305,1024,0/0
/spttest/hjnjeycjgjpf,200cbb482f390ac3,1024,0/0
/spttest/l0krvxviccwi,266365016605ca52,1024,0/0
/spttest/g18ua06fr9e3,1d4a01c40bb02f4b,1024,0/0
/spttest/uia96tvaxk77,37b9ef269ffd5a83,1024,0/0
/spttest/echtzpe5i9n2,1a34e7af750e6e4e,1024,0/0
/spttest/a4gpb6xuwjvm,127e2048b2674ea2,1024,0/0
/spttest/8xfqcvlkj3ca,104f3c8fed118faa,1024,0/0
/spttest/jiayaqbwhowj,23a26de890e5e453,1024,0/0
/spttest/sg0p4ipap3vt,33f5475bbb6d4de9,1024,0/0
/spttest/851iwpbeflc7,ede691ae78d83c7,1024,0/0
/spttest/5nmgo3g44gsu,a54edfcc8ff220e,1024,0/0
/spttest/cjui5tslvj37,16ed2c6e9810a763,1024,0/0
/spttest/mdc8hhrzvtyk,28dcc9dc1661486c,1024,0/0
/spttest/l7kvbz1otzoy,26be5aa4812205f2,1024,0/0
/spttest/fl9y5scentby,1c7a93fd28ea723e,1024,0/0
/spttest/8879vu0cttxq,f0773ee425b68ce,1024,0/0
/spttest/fjmxl8wdfw4o,1c6548cc7549bd68,1024,0/0
/spttest/e03jwcs38s9z,1993e18d76b8d427,1024,0/0
/spttest/a0viiwfne4pn,124f835e9c57a25b,1024,0/0
/spttest/hbjokdxu75o2,1fa36cf8a7b9ea72,1024,0/0
/spttest/rm12dtm8vady,326fbbacb7e17656,1024,0/0
/spttest/uw387fustrk6,386d3fa5283bb4c6,1024,0/0
/spttest/5ttznbncfto,4bb5e93f498e1c,1024,0/0
/spttest/mxvb2fqrvbav,29e7749d7c245df7,1024,0/0
/spttest/gundt6c0cvxh,1ec7f17b8d597ca5,1024,0/0
/spttest/ng2vtvmqzbxb,2ad3ff15e334c91f,1024,0/0
/spttest/70tcx89nkj4e,cd3e488634a98ce,1024,0/0
/spttest/z4dgt86ex545,4027506dfa27fe25,1024,0/0
/spttest/n2kjxgi5f8zd,2a248595da84c839,1024,0/0
/spttest/9imovtyb2l94,116285c025c41b18,1024,0/0
/spttest/yi3du2wvrcmo,3f05e9766d6517b0,1024,0/0
/spttest/7a2i60zkd962,d4c189d0c9defaa,1024,0/0
/spttest/8n8m84cgha6q,fcac6d0a5fa4dd2,1024,0/0
/spttest/tkkjrkxyksgf,3604033dc9e6530f,1024,0/0
/spttest/4qyjcuu07x7l,8aca3d4a02ebbe1,1024,0/0
/spttest/8q5m8q7dbcj5,ff0a98615d35d31,1024,0/0
/spttest/sfd9hu415ab8,33ecd2c90abb1474,1024,0/0
/spttest/vpeuc63v1tm7,39ea20ece0b7172f,1024,0/0
/spttest/i8sfdyt3feoe,21533a353b44cf0e,1024,0/0
/spttest/dio1uyvh5gq3,18b17861b1de10eb,1024,0/0
/spttest/evxiuq5gcprj,1b315ce06bc1716f,1024,0/0
/spttest/60x035vbbxii,b0197d4c556556a,1024,0/0
/spttest/d45wqpsasko7,17f51306eb8da1a7,1024,0/0
/spttest/33ykw5aqk735,5ae499fc90272e1,1024,0/0
/spttest/9if9n2kaoga3,115fd80fcc61626b,1024,0/0
/spttest/enfw2ka4bwnz,1ac3161bb24f261f,1024,0/0
/spttest/m22p9401c68,11e8350e20153e0,1024,0/0
/spttest/k5lni7jb7ekh,24d10b2c5a8e4c81,1024,0/0
/spttest/aj81ur0fp2x9,133dd80109d57a0d,1024,0/0
/spttest/j2bgf1s318ew,22d2c84aeb7883d8,1024,0/0
/spttest/nf5t95x1hrst,2ac810535961fbfd,1024,0/0
/spttest/nax57ugbami8,2a90faae0f8c5b70,1024,0/0
/spttest/sgjs1cnywcdo,33fc29d396fe24ac,1024,0/0
/spttest/ok4wiwlbrrle,2cdc4bdff84fa372,1024,0/0
/spttest/kb0l0ab24z0n,2517609252577847,1024,0/0
/spttest/ftdss3cb05k,cd70efb8910d88,1024,0/0
/spttest/r1e6yn8sjm7z,3163b1d156ada33f,1024,0/0
/spttest/7zvben4lm7v2,e9b395d40fd864e,1024,0/0
/spttest/slphkuu19xnn,343f2b7c7325cba3,1024,0/0
/spttest/l8qr6toyvxnu,26cd777a8b1ace2a,1024,0/0
/spttest/z3vlhey20j99,4020ddc9cd938b7d,1024,0/0
/spttest/h5x0c2khhonp,1f5a4c6a30f23815,1024,0/0
/spttest/5otgujgvqnjk,a647247fdf568b0,1024,0/0
/spttest/mntgm65kzmd9,2964e58bf8c703fd,1024,0/0
/spttest/e1cp8krxk9cg,19a42bd2d223b950,1024,0/0
/spttest/ef2vacyidwbo,1a567941d09b3ee4,1024,0/0
/spttest/bbbhfooz19k0,14aac846af3d89a0,1024,0/0
/spttest/jyar25w4u7nm,24722f71ec6b5642,1024,0/0
/spttest/olwxvy2px6vl,2cf366f00a488211,1024,0/0
/spttest/ipq12lk1tj2b,222f2e1acaa546c3,1024,0/0
/spttest/5fpp06ogh0zf,9ee2e6d1facef3b,1024,0/0
/spttest/452x9hm4reb,35ca5ed64fedb3,1024,0/0
/spttest/xrktm7c2ic4r,3dad7e483aefefeb,1024,0/0
/spttest/5ye1olay0409,ae0c66a038d2e49,1024,0/0
/spttest/jf4d1ph73lrr,237915677a0eabf7,1024,0/0
/spttest/t4br6mz1supd,353102da63da7771,1024,0/0
/spttest/b8wgvz10fo0,92181427354c50,1024,0/0
/spttest/ss5umuzivmvh,3493026a9b97a38d,1024,0/0
/spttest/ecrv8hnpxqwy,1a38868f4a0a8b82,1024,0/0
/spttest/t1g411mhhg4p,350b9d832f3b84e9,1024,0/0
/spttest/oc9uefzuhbnd,2c762a36762d0f39,1024,0/0
/spttest/ydh37ix12yrp,3ec9e911a604c185,1024,0/0
/spttest/oj7of86pmgwc,2cd04eef3972d00c,1024,0/0
/spttest/ga7x5o3xhoau,1dbe9418b4680246,1024,0/0
/spttest/rle12y2ap4xh,32676bdd37ad1735,1024,0/0
/spttest/n2svltatxj8m,2a27867da49894a6,1024,0/0
/spttest/votkfvrnd51,19b9fa93cba6945,1024,0/0
/spttest/zbgw0s9z8hmf,4083795b5dac9237,1024,0/0
/spttest/nbrood59ig1e,2a9bffa78ad6ceb2,1024,0/0
/spttest/v2j78poekcst,38c0f29a32e23bcd,1024,0/0
/spttest/o4p1wzdb4xai,2c13bcf6dae3f08a,1024,0/0
/spttest/hhz9b5as9iol,1ff6fb421cabdad5,1024,0/0
/spttest/720rgqp0d6ia,ce38dadc72a0632,1024,0/0
/spttest/olhouqptwyxr,2cede63c7257d9df,1024,0/0
/spttest/f3ry5gx7ykon,1b9743f938616837,1024,0/0
/spttest/n531vft1vs9g,2a452cc4738d85d4,1024,0/0
/spttest/c1slo5c0bj4m,1602ae13d52e3596,1024,0/0
/spttest/q47ofjbr0qhp,2fb4b29713617d1d,1024,0/0
/spttest/hdp2hoqecahy,1fbf590df4e5f626,1024,0/0
/spttest/ijt6gn593kog,21e2617fb646d870,1024,0/0
/spttest/2t91v9yftmx9,5232f09f195a04d,1024,0/0
/spttest/93sjstq3wdfg,10a1cc10de3f66fc,1024,0/0
/spttest/ddpomofo5pd2,18711ce36f29c3a6,1024,0/0
/spttest/vuj39foq7q9f,3a2c9b9442306ab3,1024,0/0
/spttest/xfzon6hacdts,3d16fbf736f41f00,1024,0/0
/spttest/weixbzr418i6,3b305580552ba14e,1024,0/0
/spttest/uz861g82u2j4,3895ffb2b5430a50,1024,0/0
/spttest/rxc9kdvpkyta,3302a7fa4523523e,1024,0/0
/spttest/j51iyx02khze,22f62aed8f2d6a0a,1024,0/0
/spttest/4vp8cr4d84ng,8ea3a91adcb368c,1024,0/0
/spttest/4ubfw5fatoa6,8d8437ff9e3562e,1024,0/0
/spttest/inb4aw6ifywj,220fd25b2a890873,1024,0/0
/spttest/bo2xelhr92q4,15508e463cbc250c,1024,0/0
/spttest/4pvjdn7n3tw,3d4b274a7e2624,1024,0/0
/spttest/2okxhc90fa7o,4e685eaee62a574,1024,0/0
/spttest/mrgti6trk6k8,29944adba42ecd38,1024,0/0
/spttest/evdhn9eqgt3s,1b2a2269f95f9958,1024,0/0
/spttest/5vcbvgre2ph7,ab9300e213dc77b,1024,0/0
/spttest/u9bqcagfhgwr,37459037514ebedb,1024,0/0
/spttest/uwnr15oymjn,191766ce2ebc2a3,1024,0/0
/spttest/71ptb95qwn9t,cdf9a5e5fac1bd1,1024,0/0
/spttest/tqm9uf00ddai,3652920ffb87f48a,1024,0/0
/spttest/npy2vs02qt1z,2b5427e84dafd797,1024,0/0
/spttest/7d4k14tf4kus,d73cde72716c594,1024,0/0
/spttest/bonmom1lor7h,1558067f6519d8bd,1024,0/0
/spttest/qeoywkivefk5,303cd44a161b8d45,1024,0/0
/spttest/amtb3bx7h8b4,136c7b36023e3f50,1024,0/0
/spttest/piv4g3r69282,2e9f648130d0b582,1024,0/0
/spttest/pyx5gefyzl7y,2f6ff3ef8e30342e,1024,0/0
/spttest/vlt2slib2y03,39bb4ec03a9cdba3,1024,0/0
/spttest/30kfkwki1fnc,582371181812778,1024,0/0
/spttest/ifkw2yxppu2q,21ab6ee4c9fee182,1024,0/0
/spttest/p8dtxrw4za45,2e1742b6879211f5,1024,0/0
/spttest/65yz2oa34d5x,b4340402b7b66a5,1024,0/0
/spttest/u6t41wkhcev4,3724dde304899740,1024,0/0
/spttest/yhoek9kwu4qi,3f0081ce23f0f37a,1024,0/0
/spttest/mbt405vlwoe8,28c8e61ba9eea480,1024,0/0
/spttest/803teyylsgo9,e9e4a848c08e069,1024,0/0
/spttest/zm0t5mnxtzra,410c8defdb877746,1024,0/0
/spttest/s7mbgftd8wau,33882d13e1410686,1024,0/0
/spttest/q0w3ky5vy40w,2f898d4606b81be0,1024,0/0
/spttest/o2ac4cvnux4i,2bf4731c551f1632,1024,0/0
/spttest/6n74a5cbejmg,c2301ec30bdc5d8,1024,0/0
/spttest/35z90ix6ci9r,5c882074c45f17f,1024,0/0
/spttest/qic265cgad4z,306c20e8c0a3f103,1024,0/0
/spttest/cp48c3fcdbc8,1731a12fdb1cd2a8,1024,0/0
/spttest/gn6gqexs48pq,1e66e9ed0c1d251e,1024,0/0
/spttest/hcnjjpweaskn,1fb1ced311f94d27,1024,0/0
/spttest/kfg5zq1ptunc,2550f4f6a76ffd68,1024,0/0
/spttest/22c02iw0ydw9,3c58998cce89ad9,1024,0/0
/spttest/xghcsowgg820,3d1d5c328ce29cc8,1024,0/0
/spttest/8hjirhbvi5qc,f80c6712a3b4884,1024,0/0
/spttest/jpp18hhpqii1,24026f65f58f8d29,1024,0/0
/spttest/x6te38r9du3,1af1b17f139794b,1024,0/0
/spttest/b83dbc9l34ek,1480e2fcb606b20c,1024,0/0
/spttest/31bjnsp24ffr,58bff7aef5ced27,1024,0/0
/spttest/39f8aopxnymj,5f53dd95784d40b,1024,0/0
/spttest/jqzjm50q26yo,2413377ea28fb9c0,1024,0/0
/spttest/9iifq3nntlzn,1160fcc6f1cdf793,1024,0/0
/spttest/a13zxhln9bek,125292f93b38dcfc,1024,0/0
/spttest/tiy5iy6yihoh,35eef158db820401,1024,0/0
/spttest/7u9kx1t3zhfi,e526f62204809fe,1024,0/0
/spttest/ceg3pej2ftzy,16a707e6c2c2d39e,1024,0/0
/spttest/6g8cyaaj8su1,bc887bd879ebef9,1024,0/0
/spttest/x5lkiwekd5ny,3c8fffacc09969ee,1024,0/0
/spttest/wug95560li5w,3bff32ce342ab734,1024,0/0
/spttest/1smwpqzm68bd,3479478eeb09199,1024,0/0
/spttest/zxl8c85k0gxj,41a2ce1530359db7,1024,0/0
/spttest/5zzu5p96wsbx,af5a077211ab16d,1024,0/0
/spttest/4ib4u4nucivo,83c480d2ca64494,1024,0/0
/spttest/pb1mdic12gc4,2e39d2a8d0bd7034,1024,0/0
/spttest/u1jefyu911d8,36e06a94b3367e2c,1024,0/0
/spttest/j7jxq23ftwpj,2316c9ecd9b345d7,1024,0/0
/spttest/5arqbclik78p,9adf83d9752a7a9,1024,0/0
/spttest/8spfumnt7330,1011cb00a75ae45c,1024,0/0
/spttest/pi2ezwusvvhj,2e9508e52e7e4527,1024,0/0
/spttest/9fpw8mtqijmq,113cb5f5415d81e2,1024,0/0
/spttest/bjziadr9xll6,151b5d5b051e308a,1024,0/0
/spttest/d55oa6rqwlhl,1801fa945985bac9,1024,0/0
/spttest/gcask89mban7,1dd997ec694524a3,1024,0/0
/spttest/eppz5o4acgeu,1ae0b4390c2b7816,1024,0/0
/spttest/18fbb9c2sqk,10077ee766bdfc,1024,0/0
/spttest/aen2mqhacfmh,1302513d14ed2819,1024,0/0
/spttest/xcir5jgw4pbe,3ce9e86023ca292a,1024,0/0
/spttest/y1z174vo0b1q,3e34837509ee2bee,1024,0/0
/spttest/d5y2crm2hbqw,180c38febcf55fb8,1024,0/0
/spttest/uzywxrdqqogi,389fa6491aec9c52,1024,0/0
/spttest/bspoqv45yn2f,158cb98d98d4ce47,1024,0/0
/spttest/kt6vzulp3xbp,260375983e809875,1024,0/0
/spttest/w4q1q21qnczg,3ab102c6f57f3f7c,1024,0/0
/spttest/1jovdlxaemhk,2d362779c9e6758,1024,0/0
/spttest/qb33wba8jkv5,300df93a7f421061,1024,0/0
/spttest/ierqne59qnji,21a0ea46882f76ae,1024,0/0
/spttest/uv5capgr40l,190ead2a32a0115,1024,0/0
/spttest/ddwef5zv8zmx,18738945da246169,1024,0/0
/spttest/wzr4jknyqguo,3c441156e0caf5d0,1024,0/0
/spttest/xkvi1fozbg75,3d566bd4f886b9c1,1024,0/0
/spttest/wi3oupy7ox4h,3b5ecb3f4da6fcb1,1024,0/0
/spttest/l2kslm6nky1v,267d61594deed863,1024,0/0
/spttest/x3u0hnl7d1so,3c7911123500d558,1024,0/0
/spttest/17zk3j1m4x7b,23b5e7ebe4aeb17,1024,0/0
/spttest/ahdodm0vuldv,1325e51f9460e6c3,1024,0/0
/spttest/lueszyrngojh,27e6eb59bd9f833d,1024,0/0
/spttest/c04a38rhjxp,9bea1023454a2d,1024,0/0
/spttest/mssn8pnddjoa,29a58c76a4dd1dda,1024,0/0
/spttest/q2l5ti4ip78g,2f9f957a43bf32e0,1024,0/0
/spttest/qletnawv6anx,309417ea2906da7d,1024,0/0
/spttest/96ajdzrwhcff,10c244268ed3352b,1024,0/0
/spttest/ng7430fedlbh,2ad585bc55dad72d,1024,0/0
/spttest/3sbj1k6yn7j5,6eab3d3bdc23fe1,1024,0/0
/spttest/4w5r298rfyot,8f030767597885d,1024,0/0
/spttest/jr396tbd621p,24148e37b0f5d8dd,1024,0/0
/spttest/s1658zkb2pro,333467b8386ed9f4,1024,0/0
/spttest/u8ae0e4mt494,373816f4261c00c8,1024,0/0
/spttest/qnihsld9i612,30af657d1f923c06,1024,0/0
/spttest/p6vuc3rjnmk1,2e03c7d9668940f1,1024,0/0
/spttest/trlv20ss3fvl,365f695fdc397f21,1024,0/0
/spttest/updbbxzpee3l,3815f68c7e8c33e1,1024,0/0
/spttest/pfp1ht7868zk,2e763af305680700,1024,0/0
/spttest/q4wwc4v2qxi6,2fbdcc147cc78a1e,1024,0/0
/spttest/x12166e7hm02,3c54fdfe9fbdc8a2,1024,0/0
/spttest/18tlgj8zl0hi,2463508fba048b6,1024,0/0
/spttest/llasu8oqnoju,27709228b542960a,1024,0/0
/spttest/18m3srjl8pp1,24381251bab4515,1024,0/0
/spttest/3xgvhbuq3c64,72d93dd7fa2e25c,1024,0/0
/spttest/597qckb068b8,999c3b49e67bb94,1024,0/0
/spttest/phwijllxhd8k,2e92e7c94b96a244,1024,0/0
/spttest/9zazpna3pht5,123b1e7a97032169,1024,0/0
/spttest/6jqq4rkru5u2,bf61ff4b96ff40a,1024,0/0
/spttest/eo42yjr1ra4l,1acbd09ed0410905,1024,0/0
/spttest/kwqnxc1njetq,26319006310fecce,1024,0/0
/spttest/49jz6dmqs0yp,7ca91888c00b5e1,1024,0/0
/spttest/e1n3dcs5lw4y,19a7ebc47846aaf2,1024,0/0
/spttest/rbbr8elvqr9s,31e4b54aa718df90,1024,0/0
/spttest/aseulgrznsvu,13b5334526e380fa,1024,0/0
/spttest/tj3jpu53hd0k,35f0e399a5259324,1024,0/0
/spttest/n9mo0e610fkh,2a8035975eaca7d1,1024,0/0
/spttest/gvpzxd9osrlt,1ed5e038cf9c66c1,1024,0/0
/spttest/vb5020es1qgp,3930ba51c2245039,1024,0/0
/spttest/yve8nivo79e,1c4f6ae9c31b1c2,1024,0/0
/spttest/mddyz88clovz,28dd6a33cd395d3f,1024,0/0
/spttest/vdzoiv7q31yc,3955c6a9072e72a4,1024,0/0
/spttest/nmh5osn7nnm0,2b271513ac2dba48,1024,0/0
/spttest/7zhkrnq8xr21,e96443a899ce739,1024,0/0
/spttest/flcsmxhg5huk,1c7b9aebb4796d9c,1024,0/0
/spttest/8tco7p6xpqw4,101a2cee11543d64,1024,0/0
/spttest/bvflo8dtrevx,15b00dc187c4951d,1024,0/0
/spttest/scyhn5jpttqf,33cd83a74b9c30c7,1024,0/0
/spttest/t8v3e80aqneb,356bf234e21242f3,1024,0/0
/spttest/5wolpxuxngak,aca9afeb1c7fb3c,1024,0/0
/spttest/2ncjlro31ynw,4d6821c12a298bc,1024,0/0
/spttest/rfemakvh16p1,3219b2bfd1482525,1024,0/0
/spttest/wrli6ajh1pbm,3bda200cec113372,1024,0/0
/spttest/hipbmepvemd5,200062c44a7a4bb9,1024,0/0
/spttest/8p6n0qzw4lfc,fe40aa1e9027178,1024,0/0
/spttest/e2lwum0t2iyz,19b47bece513e98b,1024,0/0
/spttest/l5nasr2fyc6h,26a5408c5799d929,1024,0/0
/spttest/28936pre56lr,4126c07509edaaf,1024,0/0
/spttest/34so9vdbse4t,5b92558d103a58d,1024,0/0
/spttest/sqqj1fqvcv70,34807de2b4037fec,1024,0/0
/spttest/1jiwiu771vag,2d13b32410b97a8,1024,0/0
/spttest/onk376ky9crk,2d08be4b3113fae0,1024,0/0
/spttest/f66k1s9mlzi2,1bb683d3b68340fa,1024,0/0
/spttest/wurls5j7waxp,3c034b49194fe25d,1024,0/0
/spttest/3wwo81ps64zf,72649e0dcf50ebb,1024,0/0
/spttest/t7qd2vup2cv1,355d3ff55b260e9d,1024,0/0
/spttest/rtkuk8wryl3f,32d1cbc4ad749a4b,1024,0/0
/spttest/9ul2tcmdr1u7,11fdcfd6c762870f,1024,0/0
/spttest/cz8bflm49027,17b4ff2ca484148f,1024,0/0
/spttest/q71g2kp9mhwm,2fd96ab366de7126,1024,0/0
/spttest/fwvt9bntmzxj,1d115956605b4867,1024,0/0
/spttest/4j2znko5le74,8465510ed4ec020,1024,0/0
/spttest/8p71oy7v8njd,fe430473c5e4429,1024,0/0
/spttest/t9moo20bl1p4,3575e6bb3f7d06d8,1024,0/0
/spttest/xabr6ke3cvxx,3ccd675b8434c7b5,1024,0/0
/spttest/9rtjavxuqe8z,11d9e55130ab3ca3,1024,0/0
/spttest/26wnzoszf1md,400f35d88f8e8f5,1024,0/0
/spttest/mr1ek7uveiqb,298ebafdfdbc7d53,1024,0/0
/spttest/bkhhncvdwd2l,1521da57c8bf932d,1024,0/0
/spttest/fa4oedwb2zuf,1be9cb475653dcf7,1024,0/0
/spttest/sekzw9y0rm8,170f637cae871d0,1024,0/0
/spttest/zjl37trhn0op,40ece7589672f039,1024,0/0
/spttest/b0drnwufuw09,141cb96ec6fe6489,1024,0/0
/spttest/djgsduv2occ3,18bbd6bfc0779273,1024,0/0
/spttest/wkj6ia04p2vu,3b7e5c94e8017eda,1024,0/0
/spttest/ukhob547ed99,37d6970941ac419d,1024,0/0
/spttest/ep4aszcy9htf,1ad8e201b3460473,1024,0/0
/spttest/2tq4qwfpsmoz,52958af391536e3,1024,0/0
/spttest/ff27xt9blz0i,1c29da9791a36382,1024,0/0
/spttest/6k11n8imno85,bf9d92dae397865,1024,0/0
/spttest/4yugxmj9krct,9131631c1e93c7d,1024,0/0
/spttest/t9bw4vrw7k7f,357201d72da0be0b,1024,0/0
/spttest/xq1p3qqdc1rj,3d999a732d69c8ef,1024,0/0
/spttest/5qpxy2bbgzfq,a7d2730f092ae66,1024,0/0
/spttest/n5y4m45wa3je,2a5063373c32446a,1024,0/0
/spttest/tt7g998iestn,367430c2e850cb6b,1024,0/0
/spttest/s2h9ris7ew28,3345689c7054d0d0,1024,0/0
/spttest/octi8od4s974,2c7d42608a967590,1024,0/0
/spttest/k7lkch0pnkd1,24eafd949c248fd5,1024,0/0
/spttest/7p8h007up8bf,e1116adcf0e505b,1024,0/0
/spttest/h6rr71ngwczr,1f6564614dafa5c7,1024,0/0
/spttest/cg2i7o8kio9n,16bc1a7b89ba3f5b,1024,0/0
/spttest/w8cafxt2ign8,3ae001050825cac4,1024,0/0
/spttest/zyi09nt8y9x9,41aea18692ccb2bd,1024,0/0
/spttest/k837y0lfeurz,24f15c639e71f64f,1024,0/0
/spttest/hvw63xved83o,20abb7896a9be444,1024,0/0
/spttest/tm23364wbwqu,3617545585674a86,1024,0/0
/spttest/t29tyh4o2e81,351656b80008ec81,1024,0/0
/spttest/x5crejjmz6qj,3c8cd202b537bedb,1024,0/0
/spttest/6zc1h1txaeaz,cc0a7a3a1fc0beb,1024,0/0
/spttest/rhyvx9h0d6hr,323afd561a23161f,1024,0/0
/spttest/csur0prx7ueh,17622a78671e32a9,1024,0/0
/spttest/ic22wlzd3vya,217dada255f2ad82,1024,0/0
/spttest/vloyyxrvjlqc,39b9d37779af4fc4,1024,0/0
/spttest/iqg0zjuzg3tz,22388f76379ca267,1024,0/0
/spttest/1p3qw59ugi8b,319b2c44cd5b24b,1024,0/0
/spttest/g3yp546tx88b,1d6d50ad1d433ceb,1024,0/0
/spttest/vta9gb3whf72,3a1c6ee48c6b232e,1024,0/0
/spttest/q8bhnrxckb42,2fea07b77c2c9542,1024,0/0
/spttest/45xkegpx8oyu,79b83c05a8e7566,1024,0/0
/spttest/uga7jc7bkcdl,379ff065bc8562a9,1024,0/0
/spttest/srw0y7q5vxw0,348f76f01c397a50,1024,0/0
/spttest/9zrrpao6rx7,81cf731ce6a2db,1024,0/0
/spttest/fcodoqxa5b3,c769d2fff4625f,1024,0/0
/spttest/nmuskgwr72mk,2b2c009197cf840c,1024,0/0
/spttest/bnrk0639tom8,154c73d7175616e0,1024,0/0
/spttest/mfchatqt09pa,28f6dafd7260661e,1024,0/0
/spttest/1jkyurz7mrpc,2d1f9ea4bfc38c0,1024,0/0
/spttest/vpsokim5s277,39ef1f47eb025723,1024,0/0
/spttest/yx824y06zuhq,3fca7023bebe6b1e,1024,0/0
/spttest/xup75m9i1mi5,3dd60a43a46bde2d,1024,0/0
/spttest/q0zzom2hjpt6,2f8af4be9887626a,1024,0/0
/spttest/xtl9h9d42uw0,3dc7a17eee09b0e0,1024,0/0
/spttest/sbn1fyp273ax,33bc64c7f4e53279,1024,0/0
/spttest/h7e7kc9cx8o5,1f6d7e7b447bba25,1024,0/0
/spttest/q30hz731jnp8,2fa51e324894bbbc,1024,0/0
/spttest/t8rjkmlivj54,356aaa3e1fba98a8,1024,0/0
/spttest/cb0i1fcz2a8l,167a6f0469148355,1024,0/0
/spttest/k3umwq284mll,24ba4e7153333b69,1024,0/0
/spttest/zri8op838bf,1d08cbb3652d8db,1024,0/0
/spttest/16y29hdkui6h,22dd71c3e5aef89,1024,0/0
/spttest/2pmpkvrjr8q7,4f427a3184a93ef,1024,0/0
/spttest/3c9s1w4h3e1r,61a3e193fc0eadf,1024,0/0
/spttest/ljqg5whe0ufl,275c3d036a0d8c11,1024,0/0
/spttest/6hisfdup18uh,bd948628b8e6409,1024,0/0
/spttest/xjvrebcnxofw,3d498695cea950fc,1024,0/0
/spttest/9a89yqlhezwb,10f5684301a2f23b,1024,0/0
/spttest/octjgdv1xmmg,2c7d457e062a3dc8,1024,0/0
/spttest/377805ya1tq9,5d85fa3c47aaec1,1024,0/0
/spttest/b4hrunqx3rgx,14522069db7a06d1,1024,0/0
/spttest/pbj5bwba73ik,2e40258df9fa238c,1024,0/0
/spttest/gl5ja9ol4fph,1e4c999742d9cd85,1024,0/0
/spttest/dqhp77xjass0,191717be76c7f730,1024,0/0
/spttest/1sgeekui16xk,3453b485cd02358,1024,0/0
/spttest/r0qwh3a41llr,315b4a706cf97f9f,1024,0/0
/spttest/sh10tlyq63kc,340262a07f36098c,1024,0/0
/spttest/h0h75kjqbfgg,1f13a5bc88cc2900,1024,0/0
/spttest/hvq0rte77y0n,20a97fa2601b96f7,1024,0/0
/spttest/jgijwqnrb77n,238b316c3ceb5043,1024,0/0
/spttest/9fh7iyu66psd,1139939a9e19660d,1024,0/0
/spttest/1o58ip09fqnf,30d3f1a8bb6edab,1024,0/0
/spttest/egd4ogb1wifx,1a672a4af0f4d25d,1024,0/0
/spttest/gx58jx2t65yv,1ee85d22c10cb8b7,1024,0/0
/spttest/9p6t9s6r44z5,11b7b7e9cb11c531,1024,0/0
/spttest/jx659a404v97,246388c67aa1e73b,1024,0/0
/spttest/59m16tc6lsf0,99eecacc0ec491c,1024,0/0
/spttest/elc78ctohins,1aa7c6c21d25e4b8,1024,0/0
/spttest/alof3ros3r7d,135dba684a101879,1024,0/0
/spttest/1prubm1sq8y4,32264677dad0fcc,1024,0/0
/spttest/qzrzd41xqpx0,314eb0f6e79feab4,1024,0/0
/spttest/mlpnx83vsh2z,29498c4f05c8707b,1024,0/0
/spttest/ayfvoiemku8t,140381f62997c41d,1024,0/0
/spttest/kji8w2utcnhb,2585aa2a1e1596df,1024,0/0
/spttest/uf32egb2qo1w,37905f62c561ca44,1024,0/0
/spttest/ngwqgli9bsp8,2adec45b7638e70c,1024,0/0
/spttest/1y1644wrxal8,38dac07639f6edc,1024,0/0
/spttest/4sl2e3kaeaxb,8c1c206efb9f8cf,1024,0/0
/spttest/tmrryhrc5m3c,36209959f5026718,1024,0/0
/spttest/rxbeahpisqqu,330257bbb0445c66,1024,0/0
/spttest/wbqtlcothu9s,3b0c3714ba585080,1024,0/0
/spttest/z4sidftndgdv,402cbdf5a7d8cf33,1024,0/0
/spttest/cngpwgyzfcpa,171c2829b8d7b90e,1024,0/0
/spttest/qlpzl9x3zklh,30981f372e7f2a05,1024,0/0
/spttest/6wla3nbewutt,c9d0551e9e66e11,1024,0/0
/spttest/s48x2s21yx32,335c5fa031cb04fe,1024,0/0
/spttest/65v2utry8qey,b41d87b461b35ba,1024,0/0
/spttest/2ptd1fm4j809,4f68e0a0b3f7b49,1024,0/0
/spttest/h7xembc3mz8b,1f746b944ece1edb,1024,0/0
/spttest/6manwa0fw1hb,c174c1905f4de7f,1024,0/0
/spttest/w1gwdez4z7xb,3a86bdf683d022df,1024,0/0
/spttest/yd48zvs5qj0v,3ec54721bceaa7cf,1024,0/0
/spttest/sj3tvb3lylxt,341d6067da1b3491,1024,0/0
/spttest/489jfikf89b3,7b9d03161a7001f,1024,0/0
/spttest/dkon90wx6yfp,18cba9c7452e74d5,1024,0/0
/spttest/inm55dph7p5g,2213cc94632b4014,1024,0/0
/spttest/2nijvzeu39et,4d8ad0c12cc1865,1024,0/0
/spttest/88f2bze0jkgc,f0a4380594cd64c,1024,0/0
/spttest/pt8g12hcb30h,2f261793b11cb401,1024,0/0
/spttest/4k3cwvys4ln5,853745783fd9a91,1024,0/0
/spttest/buzbfzdpqbpf,15aa2d9e45e9bac3,1024,0/0
/spttest/yviz22ox2lhm,3fb465c662e49a4a,1024,0/0
/spttest/87ym3t4ptaqo,f0453f9700db4a0,1024,0/0
/spttest/qptijhwd0t4p,30cd59f869871079,1024,0/0
/spttest/6ow5ek0omzuu,c390743ed513706,1024,0/0
/spttest/giwmivvhu67q,1e2f68131e7c77f6,1024,0/0
/spttest/llyizsrkp02z,277921bc2f942cab,1024,0/0
/spttest/h2szcglkp158,1f31e0a23650da0c,1024,0/0
/spttest/84sbjyu28zzy,edb16ec3832c23e,1024,0/0
/spttest/17ra6fabn3md,238621901a23515,1024,0/0
/spttest/dwbrx5094xug,1962e40dc3f2bd58,1024,0/0
/spttest/bqr305pgynfn,15733ffdc5770f23,1024,0/0
/spttest/v2n6uennoem6,38c2630e4163f2fe,1024,0/0
/spttest/z1z3x3w528sm,400827aea138ae06,1024,0/0
/spttest/2kewhv0t7dhc,4b0642717a9ad00,1024,0/0
/spttest/tqip161qbpww,3651478eb256f5f0,1024,0/0
/spttest/8ya5hdsdh9zd,105a366ad78679c9,1024,0/0
/spttest/d2uguq8q51j3,17e3f4f3fc8e30ff,1024,0/0
/spttest/756qf5beoma5,d0cacfaa56070cd,1024,0/0
/spttest/b9wguqw7eiq,927471cd49ed42,1024,0/0
/spttest/isjvabuwrazf,2253ecd25815f85b,1024,0/0
/spttest/3i39dvy27f31,665d388d8c3821d,1024,0/0
/spttest/vixruccoq9yu,399608b90318bcf6,1024,0/0
/spttest/vuq85qlnf5u5,3a2f2eb8e716964d,1024,0/0
/spttest/xz36ib3ku1mo,3e0f0ac9021e13c0,1024,0/0
/spttest/byszh826akmp,15dbd9bc194454f1,1024,0/0
/spttest/4akvr2i7fl47,7d7e25eb1dbe7a7,1024,0/0
/spttest/rg0i5vkuxs99,3221984097f9eb4d,1024,0/0
/spttest/kdla0z0gnji6,2538d2a4b618027e,1024,0/0
/spttest/mqwfcxs7zmqy,298cef32a831c4ea,1024,0/0
/spttest/rixho84kvypn,324779a8e425657b,1024,0/0
/spttest/qwcar7x9uiqz,31221088104fb76b,1024,0/0
/spttest/ioo9tol1bdvo,22218e916b90f004,1024,0/0
/spttest/8cb42ry2bhvf,f3ccb87dbf8693b,1024,0/0
/spttest/sikvzbzbxvig,34168ad3d4bde4c8,1024,0/0
/spttest/w10prq17a3g6,3a80e72159969af6,1024,0/0
/spttest/tbn9vp8graob,359017abd789eecb,1024,0/0
/spttest/r85dhf1odchj,31bb700886406c77,1024,0/0
/spttest/vscew7y62cxz,3a103855e5e4ac07,1024,0/0
/spttest/vyus9286oub3,3a64c8c65202f56f,1024,0/0
/spttest/4j22xc0vur3w,846011740c563bc,1024,0/0
/spttest/xwknn9b6mrph,3dee613f0be557c5,1024,0/0
/spttest/1rzgj80wynsp,33f1e7c2eb00cf9,1024,0/0
/spttest/3voe2xek1b4m,7164fa728720a96,1024,0/0
/spttest/s1huh6srcvzq,3338a07fd7f5b7f6,1024,0/0
/spttest/89hz4mqv4j6p,f184da43b8dc121,1024,0/0
/spttest/1bt35vhr35aa,26cfddc853c4c82,1024,0/0
/spttest/kxe1drluvkg8,2639ff05267fbb48,1024,0/0
/spttest/86d9t6c1shca,eefa36ff19237ca,1024,0/0
/spttest/8wr8xdrvyexr,104667006eb05b1f,1024,0/0
/spttest/61z6hy5ae8ma,b0f5e45d9340122,1024,0/0
/spttest/o6ujtxtafk9w,2c2fb34942c94264,1024,0/0
/spttest/3uvxqbw3l2ee,70c0b644ad59266,1024,0/0
/spttest/br7ui634walk,15794c7168724da8,1024,0/0
/spttest/p7urlewi2bz3,2e1061b42f949b1f,1024,0/0
/spttest/obw8s36pvlth,2c7141f365fb4135,1024,0/0
/spttest/sc2tuj2hlmyu,33c2172f50971086,1024,0/0
/spttest/58w0twjz3hv5,9958a2e2b4cec31,1024,0/0
/spttest/sy0kqt32alzd,34df0abd34760bc9,1024,0/0
/spttest/kai17nvpp7hm,2510af273df3b72a,1024,0/0
/spttest/ibru8cimrwg0,2179fbb237a7fb00,1024,0/0
/spttest/agwdimyrrzfq,131fa6ff71aa8f26,1024,0/0
/spttest/251cix6sn0wz,3e8a94643bf6863,1024,0/0
/spttest/n3r7ewema6rw,2a33e94ec53c8ecc,1024,0/0
/spttest/pswj1hj7ry9w,2f21cae29a22c944,1024,0/0
/spttest/xll1l0bc9h0n,3d5fa32ed0df9667,1024,0/0
/spttest/k5ipnrfitz09,24cffb988941b479,1024,0/0
/spttest/1f52h0yd88f7,29848478f0511a3,1024,0/0
/spttest/9gsrnai9uwfl,114abc89065590b1,1024,0/0
/spttest/hevw0ipcu6ks,1fcecc454b6e2ccc,1024,0/0
/spttest/ucnkmga3z3e2,3770cdbc170ac6ea,1024,0/0
/spttest/pezgse145zoq,2e6d009d9fe34bea,1024,0/0
/spttest/gwod2bhj7wsk,1ee246733fd0a8c4,1024,0/0
/spttest/lf7pwhomje48,272185fa16be1438,1024,0/0
/spttest/glwth9nadpqn,1e5671b0a995998f,1024,0/0
/spttest/9qblvqs3rwm9,11c6700cd45d10e1,1024,0/0
/spttest/bt7sa8hpdu50,159341426d1e76d4,1024,0/0
/spttest/hex14219506j,1fcf35b84d80fd2b,1024,0/0
/spttest/k2yya7u94epb,24aedfd8227af46f,1024,0/0
/spttest/k9hrhcslgb67,250398edf295c18f,1024,0/0
/spttest/5y22k3iauycr,adc743d9cba0b6b,1024,0/0
/spttest/e4pe61kbr0p0,19cfb7fa06088744,1024,0/0
/spttest/q5j244ems3qv,2fc5cb0147300ff7,1024,0/0
/spttest/741s4714tzh5,cfde63b6c08f0d9,1024,0/0
/spttest/qqbv2b9kaub1,30d3f8baaaf53fed,1024,0/0
/spttest/gijhrbzkqkem,1e2aab0f88fb59ce,1024,0/0
/spttest/wrtb73cl4nfi,3bdcf117cc3d249e,1024,0/0
/spttest/rt45kj7fros8,32cbc5c08dbed138,1024,0/0
/spttest/lma5k9g6w24r,277d53b105bc68cb,1024,0/0
/spttest/1ibfc5z56ky4,2c18b44988a908c,1024,0/0
/spttest/qk8ciqlukg5u,3084c4813fb300d2,1024,0/0
/spttest/aru9psc8wmfm,13adc654ef6ef192,1024,0/0
/spttest/4mbr6sup7s2b,870766dc587bad3,1024,0/0
/spttest/y3inm7t330kh,3e48953b8f358ca1,1024,0/0
/spttest/k8oyfi1r8f7k,24f934142c4b7e00,1024,0/0
/spttest/5ui4x4qusukw,aae4b2a8b188fd0,1024,0/0
/spttest/pab00quys315,2e3037ba6c6e3859,1024,0/0
/spttest/7220e0i2wlfa,ce400f1d9797e76,1024,0/0
/spttest/69k7dzk5qd9m,b71e11627b72aaa,1024,0/0
/spttest/yl5zrpeibzod,3f2dd23f4bcb235d,1024,0/0
/spttest/67oktkm3ojcc,b597a831326f2ec,1024,0/0
/spttest/cuazx98ruap5,17750476e6277ca9,1024,0/0
/spttest/1r9l9or55fkq,335c90f63160f1a,1024,0/0
/spttest/8csk73jx2gcz,f431726c4de9c53,1024,0/0
/spttest/8ytduwup6o7x,106126e78e13311d,1024,0/0
/spttest/32rb2sfkes0t,59eac9af633f55d,1024,0/0
/spttest/2uy5prmopur3,5393b5f440b87ef,1024,0/0
/spttest/w00diro2kauu,3a73ca7227d545f6,1024,0/0
/spttest/u982b67r2ud9,37443d73eea99d3d,1024,0/0
/spttest/5tz3egps7qsl,aa76c45f8c4a365,1024,0/0
/spttest/ekmxuqm6q2nl,1a9ea97d58a28df1,1024,0/0
/spttest/k2rvwlf0yp04,24ac532a01679f14,1024,0/0
/spttest/g3nu6jpjhicf,1d69658e757b1e1f,1024,0/0
/spttest/kb5us7ifa2qq,2519477eb2f19362,1024,0/0
/spttest/jz369poft9mj,247c70c7d86f74fb,1024,0/0
/spttest/61z11cftqn9e,b0f5042b699d142,1024,0/0
/spttest/tz6aexibck59,36c1b4f1759cf3fd,1024,0/0
/spttest/kvcg4uafyas0,261f719eed302210,1024,0/0
/spttest/4h6cty917aoj,82d9177940ff6d3,1024,0/0
/spttest/55ouf9mdqcwy,96bfb6500f558e2,1024,0/0
/spttest/vgg822dgwtm3,3975b92f10ce61eb,1024,0/0
/spttest/7cfwo1xsviks,d6ae91eae243fcc,1024,0/0
/spttest/n163k9kykard,2a12512e320a3579,1024,0/0
/spttest/w4sx2nt728hd,3ab20bf38ab18271,1024,0/0
/spttest/4wn9hjgonfbt,8f681ff0c977559,1024,0/0
/spttest/1zx817rvpzxd,3a639fe26affd21,1024,0/0
/spttest/zmwyscg36pf6,4118282b2c81a932,1024,0/0
/spttest/34dxno9chxsf,5b3d3e62ac6554f,1024,0/0
/spttest/9sfdc2l4who6,11e1c61bb37f3976,1024,0/0
/spttest/2jgm8q5ljgqz,4a40552d30ce48b,1024,0/0
/spttest/28a3qb0sjwh3,412c9cb06cef727,1024,0/0
/spttest/bv6y8wdg2e8b,15aceeb44274188b,1024,0/0
/spttest/7z3zg2phyz6r,e915cbc0387bba3,1024,0/0
/spttest/4dywetv3ohai,803e8fd289c7c8a,1024,0/0
/spttest/o3q9ja5p8vc4,2c072fa028a29da4,1024,0/0
/spttest/c8xlf5f7pu2i,165f6813140f777a,1024,0/0
/spttest/c45lomjwgil1,1621596984446e15,1024,0/0
/spttest/skmfg29be6vb,343113a6c51ce947,1024,0/0
/spttest/6y3iin7nfuio,cb096ccdafc2b40,1024,0/0
/spttest/tx2xzqmlgo3r,36a68573f1338b07,1024,0/0
/spttest/bo8iv0axiyon,1552932aae416917,1024,0/0
/spttest/pk7e17i77213,2eb0cec6c7b9a507,1024,0/0
/spttest/ot7rwo5hmm3b,2d523c713e217e57,1024,0/0
/spttest/n193agsmxkdg,2a13659634ac2b64,1024,0/0
/spttest/bskqv91m8e12,158af127f85fc306,1024,0/0
/spttest/kw6nc5s91571,262a572675a6b98d,1024,0/0
/spttest/al0lxu0ifk1p,1355231b6607853d,1024,0/0
/spttest/rbenf7q4p0zk,31e5c09e54ab2d40,1024,0/0
/spttest/gsauqqxqy33,da0a447602b80f,1024,0/0
/spttest/rv9878uy9qw3,32e794db6f95ca63,1024,0/0
/spttest/qx3u5ouzp7bz,312c00415a8cec5f,1024,0/0
/spttest/bduevecf18f0,14cb97356c739fdc,1024,0/0
/spttest/o2lf3tcn80ng,2bf872d1edb56c4c,1024,0/0
/spttest/o01txwowrvn7,2bd76701e9d098f3,1024,0/0
/spttest/s80w7zl5k6dd,338d6f832110e641,1024,0/0
/spttest/1dgh7ggv623y,2826b9f1a6ecf2e,1024,0/0
/spttest/kmur8rdcqd8m,25b1257108ac5586,1024,0/0
/spttest/rorhrxjaphc9,32933f4138fb6a09,1024,0/0
/spttest/qe0kdswdk79o,3034063169530ecc,1024,0/0
/spttest/l6mkcccf247u,26b1f9eccfed60da,1024,0/0
/spttest/b9ovmr30pz7y,1495a2f973b19a8e,1024,0/0
/spttest/8qtuiljyvyjd,ff9679764971e99,1024,0/0
/spttest/o8x73o6mhumf,2c4aa23e294fa347,1024,0/0
/spttest/odpg27ize5gi,2c88c8917ec48e22,1024,0/0
/spttest/nmp2jlrac6im,2b29eff497a951fe,1024,0/0
/spttest/n83jv2nwdie6,2a6c52b218095a5e,1024,0/0
/spttest/qdy7dc8s4g7f,30332c117fc2e70b,1024,0/0
/spttest/zny6n60favib,412595f367784d03,1024,0/0
/spttest/nktvsyw7l4df,2b11b1fd7ab91063,1024,0/0
/spttest/6hy68j62uw0s,bded55757e7479c,1024,0/0
/spttest/g6ihatjg22wo,1d8e6e6f4fa20738,1024,0/0
/spttest/6g4ndhxs72ed,bc731026aa217e5,1024,0/0
/spttest/mxfklfrck1g3,29e1c72b67be4c53,1024,0/0
/spttest/ctjcoiv3k9jw,176b0ae2eee24c5c,1024,0/0
/spttest/2e38fcfi898f,45e3ecdb0b14ebf,1024,0/0
/spttest/46lthb643t2f,7a443e253b201e7,1024,0/0
/spttest/1vc3wkzqp66r,36aa6a3b228f193,1024,0/0
/spttest/w9rqar2bp5zx,3af2907b9d2c4d9d,1024,0/0
/spttest/nzi5t5esq9zn,2bd04e17cafad913,1024,0/0
/spttest/vqbhr6m81g9m,39f5e8cacd40489a,1024,0/0
/spttest/n7sejjgcny5e,2a684cfe7b49c8a2,1024,0/0
/spttest/8ulzfwgcrfba,102a864f1d901246,1024,0/0
/spttest/1yupa16jtnpb,39853e0c7fa783f,1024,0/0
/spttest/js5l9otjtvjp,2422633480c38bf5,1024,0/0
/spttest/ty2vqytr1jp2,36b37cf3edb348f6,1024,0/0
/spttest/lsxj2uq15gst,27d3b261b4698d4d,1024,0/0
/spttest/n5e8g2irqhpl,2a4935aee4187f29,1024,0/0
/spttest/ka74o0zhy0x9,250cbff75d66562d,1024,0/0
/spttest/jm4dtehbuwve,23d4042cd711f0ea,1024,0/0
/spttest/xlkl1onf4fa0,3d5f78c0c8e51158,1024,0/0
/spttest/pxjge0et0exg,2f5e0593b2900094,1024,0/0
/spttest/7mb3pvgtjnra,deb11efa7e5ac06,1024,0/0
/spttest/rb23gezmzce5,31e138f833434b7d,1024,0/0
/spttest/yq2wa79ditsx,3f6da67b353a4861,1024,0/0
/spttest/8cxnol05yxmx,f44edefa95653c9,1024,0/0
/spttest/k0lvnmwd1w5f,24902dcd7ad92603,1024,0/0
/spttest/74o6ovakbq66,d05fbba57f2453e,1024,0/0
/spttest/i7cxcgtxkm80,2140a522f73e0280,1024,0/0
/spttest/njwaiilk6xus,2b05933631be98e4,1024,0/0
/spttest/o8eqblo30phk,2c43f88fb217d408,1024,0/0
/spttest/dq39pnfhotlm,1911e2d98148a8da,1024,0/0
/spttest/mzpb5qh4zx1o,29ff45277c82da0c,1024,0/0
/spttest/efginx0i6jkj,1a5b660605acca93,1024,0/0
/spttest/gor40shkei6r,1e7b5a4cd5858b93,1024,0/0
/spttest/r1h9lpjfd3og,3164cdb2a464bee0,1024,0/0
/spttest/6gh2mdaaxwn0,bcbac8c1f56257c,1024,0/0
/spttest/ydn98qw95vc5,3ecc22c29a6df6e5,1024,0/0
/spttest/8fra4o2lash6,f6998b8ebffabaa,1024,0/0
/spttest/gz7x88z7k8st,1f034fb2d85dbc8d,1024,0/0
/spttest/b4bfaftci7o8,144fd5f937008758,1024,0/0
/spttest/getrsincprjp,1dfa6b755fb7bfb5,1024,0/0
/spttest/wcsrgext80d9,3b19e79738bdf4dd,1024,0/0
/spttest/2h5uvwdl48d1,48628efefa54c55,1024,0/0
/spttest/pzivr954gelv,2f77cb271a76b5f3,1024,0/0
/spttest/76x09pffhu8z,d23251484d98e63,1024,0/0
/spttest/aa0lbv874gk7,12c63fb7a8b063d7,1024,0/0
/spttest/cpxi8930e71c,173c313ffb499720,1024,0/0
/spttest/xdim6cuida29,3cf6d8dc8c4e3e31,1024,0/0
/spttest/lhjrpfuniehe,273fd989cf36f8d2,1024,0/0
/spttest/8dsq9cwwb6eq,f5023f6c5af9532,1024,0/0
/spttest/stg1plegtsc8,34a3ad82cbd5ccb8,1024,0/0
/spttest/stt0lhf2dv0x,34a85b70771c0c51,1024,0/0
/spttest/8bjczcrkfps1,f32c8116f1a9041,1024,0/0
/spttest/j77pjx84ofgn,2312608af0f1d847,1024,0/0
/spttest/ccc19x8sxwg1,168b95ae1bdd2e81,1024,0/0
/spttest/l25euwlj4b7k,2677d490f828f8c0,1024,0/0
/spttest/768940bxlmhr,d1a368f6304321f,1024,0/0
/spttest/apsnk6qyfigu,1393369a8cd5753e,1024,0/0
/spttest/ryy7p12acki0,33179088fc20d4c8,1024,0/0
/spttest/1dzq7dtzzw1m,2895db4777cb3fa,1024,0/0
/spttest/6awv8zi0xxuq,b836ffc0a87e1a2,1024,0/0
/spttest/5j8wfubu3sm6,a1c1444fac23d9e,1024,0/0
/spttest/cfexlqgtqhot,16b399223c90390d,1024,0/0
/spttest/aosz54y8gao2,138657105288ea02,1024,0/0
/spttest/g9glz0epaynt,1db4b974ad853ef9,1024,0/0
/spttest/nix9n8gjoqb,13194e438d0e3f3,1024,0/0
/spttest/2spvwxw06bqk,51c44c4246510ec,1024,0/0
/spttest/19qtao8til0g,252314bae3697e0,1024,0/0
/spttest/k75vuytzw1r1,24e5553afc8b07dd,1024,0/0
/spttest/klo75l36ql9i,25a1ca6ef3f73026,1024,0/0
/spttest/3da6u86wmzm2,627614bbc6655ca,1024,0/0
/spttest/90t2dr2s3i2h,107b03f8a64b5239,1024,0/0
/spttest/k2mtnhw53ep1,24aa7f8afa13e225,1024,0/0
/spttest/5igosow30oh7,a11e65920925eeb,1024,0/0
/spttest/oydmdtf8n11j,2d954ac347651907,1024,0/0
/spttest/s8rerjuzj9w5,339700aa3a26e3d5,1024,0/0
/spttest/n2ti6cvvgmm3,2a27c066fa90717b,1024,0/0
/spttest/47h7upf4s9qu,7af982ce2d95056,1024,0/0
/spttest/rf94vmd6fc0z,3217b8393ecc24a3,1024,0/0
/spttest/i3lywd80vxhy,210ff3686dadab56,1024,0/0
/spttest/jygsmo53x2hg,24745dae8ba8a1d4,1024,0/0
/spttest/wxp6o95xfqad,3c29638df905b7d5,1024,0/0
/spttest/mluxi4uyqve6,294b72bb739f7b6e,1024,0/0
/spttest/riu3ibi5qhal,324640368c23b70d,1024,0/0
/spttest/ihub2sn7h3wc,21c8cf3216d990fc,1024,0/0
/spttest/zhpxhvub9flw,40d4abfef4da0a44,1024,0/0
/spttest/qgouzaueqs2l,3056c4bbfff0769d,1024,0/0
/spttest/n53rc3a0v1qd,2a456e194c1fb285,1024,0/0
/spttest/fpxo7yce7uih,1cb71859a82bf439,1024,0/0
/spttest/jkv4t3cd7epf,23c3b07d795c9333,1024,0/0
/spttest/xvh1mpz9ko8o,3de0166637b0dcb8,1024,0/0
/spttest/p49dq3l6w5l9,2de1b29d1140ce4d,1024,0/0
/spttest/ih0bgnvgdgpn,21bdfd2301c6f1db,1024,0/0
/spttest/lw7vjk3ip4gs,27fe65d0743620dc,1024,0/0
/spttest/odrjd2tji3i,13cb59adb8bf75e,1024,0/0
/spttest/bovh09wnyclu,155adae14e5efb52,1024,0/0
/spttest/n2eiuwnwx9um,2a2258a0d8880c1e,1024,0/0
/spttest/isf0h4yins6u,22522c4b6b828876,1024,0/0
/spttest/dklqs8eqkfc5,18ca9dbd72735ca5,1024,0/0
/spttest/ctaf6radci0f,1767d200dfc3ab2f,1024,0/0
/spttest/hxcdbgy79mcx,20be8d2ebc0ec871,1024,0/0
/spttest/o3nmrakwmsbl,2c063c72754288e1,1024,0/0
/spttest/udiqvln515mz,377c0d326f6dc3cb,1024,0/0
/spttest/wvl81zjabd6u,3c0dfb1cd86bfd86,1024,0/0
/spttest/cqk1k31d2o7q,174452f1c834e816,1024,0/0
/spttest/i95gbayltsyd,2157ed5f019094d5,1024,0/0
/spttest/ihy2uxyjd3b0,21ca2b952c009cfc,1024,0/0
/spttest/jm1gzix1iogc,23d2f734463bf14c,1024,0/0
/spttest/os67gjejwhrf,2d44ae5a18e43ceb,1024,0/0
/spttest/uiuks6yr6amo,37c1444311f79e50,1024,0/0
/spttest/ki297qvt9ndn,2572e7d8f3d4579b,1024,0/0
/spttest/23ci2632nmue,3d2b5032b3ce166,1024,0/0
/spttest/v0ej0i2r309t,38a54873ace58721,1024,0/0
/spttest/eajdr50q9mw9,1a1b7c3ecee64629,1024,0/0
/spttest/2ywoahk75tz,2692debe9f3147,1024,0/0
/spttest/eu6ndwla7nhc,1b1aad4eb2ef70a0,1024,0/0
/spttest/hn4qxo9n1edo,2039e89b6327fa0c,1024,0/0
/spttest/3b9vohqmy9og,60d4a266819f380,1024,0/0
/spttest/on3flycifcsz,2d02bbe0335e5093,1024,0/0
/spttest/zqqm50epagom,4149d2889af263f6,1024,0/0
/spttest/c0j2l4gg0dji,15f2408a85aa148e,1024,0/0
/spttest/7068fw41l0zr,ccb8c907a1ae947,1024,0/0
/spttest/qp9drx1h63by,30c6166072057b5e,1024,0/0
/spttest/qfyf19lx1yif,304d3a3f639b69f7,1024,0/0
/spttest/7i7mtt202qz1,db5dc776b7b4d0d,1024,0/0
/spttest/425dn4cjk9yq,76a6053ad4a1272,1024,0/0
/spttest/j8074hykjyk0,231ca7f037c8a1b0,1024,0/0
/spttest/6z9d7k55jlik,cbfb0a5bcd54cac,1024,0/0
/spttest/kn0uoieli283,25b358788fef28c3,1024,0/0
/spttest/xs5cusn9vs0g,3db4e7025f934490,1024,0/0
/spttest/14ijtx7k3d9p,20e43c7b4e6c5ed,1024,0/0
/spttest/nag2cne33ggi,2a8ad110987bc112,1024,0/0
/spttest/xinsyk1prgep,3d39aa641558a8d1,1024,0/0
/spttest/m1ykhbdyj573,2848f9a834b3470f,1024,0/0
/spttest/tqzpyjmpfxx5,36576c3246adda79,1024,0/0
/spttest/6rev1epv8z08,c59c22e37930638,1024,0/0
/spttest/q1ohj1llc4wv,2f93cb5e9c511cdf,1024,0/0
/spttest/59egac97kds,4456adfca85bf0,1024,0/0
/spttest/sg2gb24i06rg,33f5e978059ae43c,1024,0/0
/spttest/oahq34q3c9oo,2c5f0793663f4708,1024,0/0
/spttest/xffpvhqomtmf,3d0fc7c2536acf77,1024,0/0
/spttest/op9ffl922wm4,2d1ee02527fa279c,1024,0/0
/spttest/6n49c5vratu8,c21f9ca5964dc90,1024,0/0
/spttest/imi7drfqcn16,220563943051e59a,1024,0/0
/spttest/ckcz1ymrdffj,16f3d6673819025f,1024,0/0
/spttest/vj1jdjvt3laf,3997647902021787,1024,0/0
/spttest/iqlo1tmfeygw,223a987a58843d00,1024,0/0
/spttest/325ylq1k1jpt,596f8ddd0753211,1024,0/0
/spttest/1pbbibaxmuv6,31c6e3d77659ec2,1024,0/0
/spttest/pj5qjjxavknx,2ea338e15270d85d,1024,0/0
/spttest/eaqmjjj0zu02,1a1e195fa79e9ea2,1024,0/0
/spttest/pvk1wxn361mr,2f44424b2bdffcc3,1024,0/0
/spttest/2aqde93u25yd,432a2ff48c664a5,1024,0/0
/spttest/e10val8fsq3x,199fe6f15933d22d,1024,0/0
/spttest/p119qkpgef8,1451b0bdcce1604,1024,0/0
/spttest/84vtbp3tkhuw,edc599f44f41068,1024,0/0
/spttest/ino9y1gd2bgt,2214919f33d5a38d,1024,0/0
/spttest/9lgky4tg3nwl,118749365485ffc5,1024,0/0
/spttest/zku0e8lb0dw,1ce245a25080bb4,1024,0/0
/spttest/iorrgr2nye3z,2222d0ef6f4ceaef,1024,0/0
/spttest/x9jszlse3c4v,3cc351ae9ffa2e2f,1024,0/0
/spttest/kvo2fwhmpage,2623a2e836447b2e,1024,0/0
/spttest/tv202w45o0xq,368c33ed6d124fbe,1024,0/0
/spttest/3plu332wfgt2,6c77412572e5ad6,1024,0/0
/spttest/sac33hcsrdmr,33ab73b7357e99c3,1024,0/0
/spttest/9m50knna6ev3,11901a245ec506bf,1024,0/0
/spttest/2jrf0419z4tb,4a7eaccbbe1901f,1024,0/0
/spttest/qab8aivfsnk0,3003ea3195205140,1024,0/0
/spttest/bks39qp4vnjr,1525ad808d81f0f7,1024,0/0
/spttest/580nxf4okwcg,98a39a9044fb8c0,1024,0/0
/spttest/5gyc8qhih2md,9fe4a40598bfd85,1024,0/0
/spttest/ft4wjbzliuo2,1ce0ac090f407cc2,1024,0/0
/spttest/1ge8zt7ur8i,12e7b5ee3d1062,1024,0/0
/spttest/ijooh1rspehs,21e0c1dee8d84da0,1024,0/0
/spttest/2e0y4l68fr1i,45d6ba4789f66a6,1024,0/0
/spttest/wyi8xouh72vz,3c33e009a517b35f,1024,0/0
/spttest/a5kquxu8efb4,128c92fca3dd1500,1024,0/0
/spttest/if9pq4l0v9et,21a7668871617565,1024,0/0
/spttest/35hjuoflc0yn,5c21f35016e60df,1024,0/0
/spttest/negdgh7wmi68,2abee296973fb180,1024,0/0
/spttest/q5eu50wp6ac,153ac95d4eedc14,1024,0/0
/spttest/96emi3myvl03,10c3bd9d19d3a613,1024,0/0
/spttest/mcqequnfdi42,28d4e9d1ecdb27f2,1024,0/0
/spttest/x48nqso26les,3c7e59e41ca693e4,1024,0/0
/spttest/8a6enjky4t42,f211e5063ab8e62,1024,0/0
/spttest/ky0bvkkouxei,26420a0c5b53ec9a,1024,0/0
/spttest/ezh4lfcz19lg,1b5f676d8a46c9d4,1024,0/0
/spttest/kwp9czd1cpoe,26310e48cf5431fe,1024,0/0
/spttest/g8dmdhgscdg7,1da6a8203a63fb17,1024,0/0
/spttest/w0tdpku0q1es,3a7e419c3e3441a4,1024,0/0
/spttest/ltkc3n46js2i,27dbecf26bc39ada,1024,0/0
/spttest/i2ddlvbss162,20ffdc935ca5ccea,1024,0/0
/spttest/iuhmrqtz6x9d,226d18bf723ce4e1,1024,0/0
/spttest/o2anj7fmdutx,2bf4906481647f55,1024,0/0
/spttest/8g1n318ou05k,f6d55a4bca66448,1024,0/0
/spttest/2dipwjh8p3jp,456d7ea0f4afa35,1024,0/0
/spttest/l5gahahofbgz,26a2b9275949c3d3,1024,0/0
/spttest/l8zctjz26r4g,26d091ed156fecd0,1024,0/0
/spttest/9t7fkxzj0mmm,11ebe62ed2e4e18e,1024,0/0
/spttest/le5qk1x9n1k8,2713d1a9bb7044a8,1024,0/0
/spttest/qikru1m10v4s,306f45b3ef79e69c,1024,0/0
/spttest/dkegsa7tmlsz,18c7fd82107f70e3,1024,0/0
/spttest/hziqvcspxopa,20dad4ad89f3244e,1024,0/0
/spttest/ff4mvjxgid95,1c2ab9a780843799,1024,0/0
/spttest/dku64rtn9t3n,18cda81101b6b693,1024,0/0
/spttest/5ht8osfphp1h,a09708c46c4ae05,1024,0/0
/spttest/eky7apl30lne,1aa2b9c54aa2d49a,1024,0/0
/spttest/1hd86hrm6dh5,2b5346207993bb9,1024,0/0
/spttest/hgsld4bqun29,1fe7965a961fb641,1024,0/0
/spttest/gmha60l5s764,1e5dd3df10c72c4c,1024,0/0
/spttest/y34hkqnhlqqj,3e437893cafd879b,1024,0/0
/spttest/8zbfyothxe9d,1067aaef02490b71,1024,0/0
/spttest/m1ktopko2t88,2844041ee6b97878,1024,0/0
/spttest/9wfrruhl260u,1215e02e306c43fe,1024,0/0
/spttest/mjdajfi5wzxm,292b1b09b735daea,1024,0/0
/spttest/tp0udlngiw6c,363dd9632befcf64,1024,0/0
/spttest/z4tffmvzaovt,402d12c979969b79,1024,0/0
/spttest/t2ue0jbkfhnq,351dc18bd204d726,1024,0/0
/spttest/76zyrlco3es,5d734971ca5744,1024,0/0
/spttest/xvpacrv8jwc,1b815c52dd821bc,1024,0/0
/spttest/mbokl7pplmhw,28c742d1dac2d224,1024,0/0
/spttest/f1n8899q0u1x,1b7b9579b0c84625,1024,0/0
/spttest/8fucrnctfx7p,f6ab498b30172e5,1024,0/0
/spttest/e75icso79pab,19ef83205dc06f43,1024,0/0
/spttest/ejzwerw82md6,1a965951032d95ba,1024,0/0
/spttest/wr9xgi3xc4sm,3bd5f2d895ce7046,1024,0/0
/spttest/nido31855kdg,2af1ddc69f7f0b64,1024,0/0
/spttest/7sloo9u75w4g,e3cd2ed24f060e0,1024,0/0
/spttest/m3auym6ocwcc,285a663939b5febc,1024,0/0
/spttest/dhyrmhl0qu0c,18a858e9ce7f1e6c,1024,0/0
/spttest/enq5vgtxumvx,1ac6caf1569fe45d,1024,0/0
/spttest/5klaf4dgm0n0,a2d89d08f8410bc,1024,0/0
/spttest/sgj44n7qpgqe,33fbec7b7e3a66f6,1024,0/0
/spttest/sif6hlj2cg40,34147b93e0e6da90,1024,0/0
/spttest/q2ugbbmm27wl,2fa2efb83b29f285,1024,0/0
/spttest/i10369qqapk9,20ee13c31896b1e9,1024,0/0
/spttest/9fl7y56exrb9,113b062898497e85,1024,0/0
/spttest/lo3gjz9keax7,2794e3d4aa5476cb,1024,0/0
/spttest/ty7dasvssvmv,36b51b7533d94727,1024,0/0
/spttest/qwdx4e55d1k0,3122a6492d2f8220,1024,0/0
/spttest/l9r5woo3x79w,26da9a7fe0766614,1024,0/0
/spttest/2ke64jgem5i6,4b0207e2d06035e,1024,0/0
/spttest/14ob8cdedgrr,21057ece1dc7827,1024,0/0
/spttest/xndqicq3f0p2,3d76fab4acbf7c46,1024,0/0
/spttest/3zphpl9evod7,74aaa5c5612af1b,1024,0/0
/spttest/n30i7uymvvsz,2a2a471646cdf0c3,1024,0/0
/spttest/2r9fhazuemba,50957735bab9276,1024,0/0
/spttest/f1tmwof2hc2e,1b7de558a77ab556,1024,0/0
/spttest/3z7mmiegx0ux,74438577e312a99,1024,0/0
/spttest/mei4c6g6dhi1,28ebe6af191effd9,1024,0/0
/spttest/1fq37j026azy,29fdde6c314af2e,1024,0/0
/spttest/ox3a69vr0xdz,2d84927f24619007,1024,0/0
/spttest/deesb1jspm80,187a2b873fd9d4c0,1024,0/0
/spttest/gtyzrek190m1,1ebf2498f9937c59,1024,0/0
/spttest/bz2pvl48p6uv,15df5cc8727096f7,1024,0/0
/spttest/zzutze6qii5o,41c03f716da1fe6c,1024,0/0
/spttest/y1gazz7h6fnu,3e2dc19bb8ceb1ca,1024,0/0
/spttest/ldar0g4sc0el,2708a36a7d84b90d,1024,0/0
/spttest/8ghpyq8zzsr9,f7322ed0718bf55,1024,0/0
/spttest/9ql03ku8jf72,11c9d3d7fc5613ae,1024,0/0
/spttest/lpw4208l40c4,27ac37b23402afb4,1024,0/0
/spttest/qonk24a6q6ns,30be3665acbf9238,1024,0/0
/spttest/x871a1uwq5ka,3cb1b8e8b7d086aa,1024,0/0
/spttest/wr2xxodv6xet,3bd36d7e0ce281a5,1024,0/0
/spttest/nepb8hevpqbk,2ac21c337932d880,1024,0/0
/spttest/k40putq87qql,24bc8036d5d0831d,1024,0/0
/spttest/mjwvqclm6r4w,29322c68c07e58e0,1024,0/0
/spttest/279jdfifup55,405984d91f801c9,1024,0/0
/spttest/dxy03b3tualo,1977e660b8b52a2c,1024,0/0
/spttest/w6y48bl9ghak,3acde6ab80f5888c,1024,0/0
/spttest/b5r31iechg1r,146279b244a14f7f,1024,0/0
/spttest/a6ek3mniyh8,8434215f453e0c,1024,0/0
/spttest/r73wlbt9fr1g,31adeb1194a363a4,1024,0/0
/spttest/m95k1nmlr3sr,28a66bea6e5848fb,1024,0/0
/spttest/672z0kw4rn9z,b51aed4c3d6f297,1024,0/0
/spttest/uk6ynfqxwx7h,37d2b985077d891d,1024,0/0
/spttest/rqmhk2annhca,32ab6b5dc40cb68a,1024,0/0
/spttest/pi2l68cgfskr,2e9518bd860ffe6b,1024,0/0
/spttest/a9yr4vi87mod,12c595e09600ee8d,1024,0/0
/spttest/10y4jsaxoqvm,1dfed6f94da4712,1024,0/0
/spttest/or6yxppd21fa,2d37f79871e174b6,1024,0/0
/spttest/xqyi6nainqv4,3da570d9328291c0,1024,0/0
/spttest/5doqpscaorm1,9d3dbef5df59bc9,1024,0/0
/spttest/72wm102oib41,cef0b830a7da8c1,1024,0/0
/spttest/uim1sxuohkci,37be309e8f7be142,1024,0/0
/spttest/hyos7hpv4qce,20d0050fb7d7b15e,1024,0/0
/spttest/nim1ejrl37tb,2af4e2e5cffa7b4f,1024,0/0
/spttest/a6tnivioziai,129cc70025ee575a,1024,0/0
/spttest/k6rjzaqcvpot,24e0299820d727cd,1024,0/0
/spttest/lu984ryg33b6,27e4e7f88231bb82,1024,0/0
/spttest/5jz7ydajm2t9,a259363485c62bd,1024,0/0
/spttest/c1btpxr9zwgb,15fca0789e9dd40b,1024,0/0
/spttest/1dnv7f7hgxpc,285161e206aeba0,1024,0/0
/spttest/nd97wy75s2bc,2aaf50887791bbb8,1024,0/0
/spttest/x4jqvehij9wh,3c8259f7a5428ee1,1024,0/0
/spttest/kb7msxyvqq2t,2519ebc1ebe95d85,1024,0/0
/spttest/pmlm15kjlp2g,2ecfeaf7c0cec528,1024,0/0
/spttest/r4324jlu8i3h,3186a520f64b8f9d,1024,0/0
/spttest/sehfms0v3o9l,33e156bf9d2f5c99,1024,0/0
/spttest/64n72knxpkpc,b32031819b17210,1024,0/0
/spttest/doq0iddufw3h,19001d31e4a2d23d,1024,0/0
/spttest/bf8brwrk0coa,14dd99acc23de02a,1024,0/0
/spttest/t2f4b1d3jhbc,35183f1cf600e568,1024,0/0
/spttest/396lsvin0dze,5f2212fb51c35ca,1024,0/0
/spttest/zmtli5uvjj08,4116f0fba32c6df8,1024,0/0
/spttest/hokpk4uc2rn3,204ca8398d96fc6f,1024,0/0
/spttest/85zaeidibsoz,eea97cd6c0cac03,1024,0/0
/spttest/wbdkombhim60,3b076f6f443f5db8,1024,0/0
/spttest/3doence3ff88,62c827ca73755d8,1024,0/0
/spttest/p1t16o65v6za,2dc1d208bafa3216,1024,0/0
/spttest/flnp039jy2ep,1c7f89a56f5127b1,1024,0/0
/spttest/danz9qdkn033,184987aec422282f,1024,0/0
/spttest/sqslnn7btg1e,34813d561b708d72,1024,0/0
/spttest/v0ejtiaml7ei,38a54a84e874b6ba,1024,0/0
/spttest/b3ekcnkx53k8,1443faceeef7a248,1024,0/0
/spttest/muy2egdxr7wh,29c17bb6d4fdf5c1,1024,0/0
/spttest/8jckgg0xqvgg,f983eb90a29e2c0,1024,0/0
/spttest/9jermjzvbwz4,116ca718f9d216b0,1024,0/0
/spttest/ndqyibjosklx,2ab5b706d7a5cb55,1024,0/0
/spttest/nghqqnqq064i,2ad95b8cffca1102,1024,0/0
/spttest/97m5dddcztat,10d371dc65316f15,1024,0/0
/spttest/hawyn9pirgyt,1f9b3a5d71ac34a5,1024,0/0
/spttest/ct589gv148fy,1765f2651723c0be,1024,0/0
/spttest/danzgxwtwk0j,184988324dd6fa53,1024,0/0
/spttest/136e8o1q0dn6,1fce3c2bce6c312,1024,0/0
/spttest/ftckymnbs7j3,1ce3714837569c1f,1024,0/0
/spttest/mzarfv41clnw,29fa0567b1a8d9ac,1024,0/0
/spttest/n3ij7z85moh9,2a30c84a23e35a6d,1024,0/0
/spttest/b33fgpn3azqx,143ff637c8f10279,1024,0/0
/spttest/qg9crtgq051,1579691baebd735,1024,0/0
/spttest/ejs4b0ay37zs,1a938aa0dba4d538,1024,0/0
/spttest/d97zpl4dlhwx,1836c5a9fcd69af1,1024,0/0
/spttest/wrmoa9vbqe4e,3bda8c18e12ca0fe,1024,0/0
/spttest/su3n97d6pt1b,34ac314276b3293f,1024,0/0
/spttest/8daf5zs5h041,f4988df44f39fd1,1024,0/0
/spttest/oqucwznuwdqt,2d336aad81c7d795,1024,0/0
/spttest/fu6vmep2gjlw,1cee5fae973c6d44,1024,0/0
/spttest/vbh5qy32uaf4,39351d582a245e40,1024,0/0
/spttest/74u3qfyecld2,d081e5a28b8fd26,1024,0/0
/spttest/f4gwz68wtij6,1ba0462a3f5b6312,1024,0/0
/spttest/qm4tibbyllay,309d79222abefd1a,1024,0/0
/spttest/cx1qdjiatrx1,1798a46c5c3a7495,1024,0/0
/spttest/wdcm1fgpb6qp,3b21110f00591fe1,1024,0/0
/spttest/42d3y0a59t7g,76d2a6411cd091c,1024,0/0
/spttest/5ygxcr4rn1lo,ae1d06977c1a2dc,1024,0/0
/spttest/vgwezb8a0j3b,397b90d7063c3aa7,1024,0/0
/spttest/ebz2fe20k9el,1a2e22553c5a549d,1024,0/0
/spttest/c7tyzv1kvpem,16511c2d1a5d7a5e,1024,0/0
/spttest/9iy9v21hc14i,1166b3a0a12fc5b2,1024,0/0
/spttest/rki8sbzg80kp,325bf3d9a7d8e0e9,1024,0/0
/spttest/hq3nkm1jjjmn,20607b61717ae11f,1024,0/0
/spttest/tburgr93s7vs,3592cb5e34de6de8,1024,0/0
/spttest/1qjykfuhua3q,32c899b7ba567a6,1024,0/0
/spttest/sqekxdp63uo0,347c2e4f1fbc9800,1024,0/0
/spttest/jx2mpyjhcqyz,2462441c00f9508b,1024,0/0
/spttest/kx8rfr73hmf7,263817a9accb5ac3,1024,0/0
/spttest/ff4bqlu1z3h1,1c2a9d13fd9ba555,1024,0/0
/spttest/du2scybt7wg9,1945ab5a6ee10909,1024,0/0
/spttest/973zgvm1w1om,10cce41678807986,1024,0/0
/spttest/6kld0piyl5ez,c012dba24ff88ab,1024,0/0
/spttest/89zecuew3zya,f1e96f94984d0c2,1024,0/0
/spttest/ogwd8cifgpaq,2cb23fa8081f9b12,1024,0/0
/spttest/eozdkbtn2fd,bedd3386f63509,1024,0/0
/spttest/tgpa4ynu3pix,35d1c359fc0f5df9,1024,0/0
/spttest/7rvrx8tnhew1,e3379b0572430a1,1024,0/0
/spttest/1fjr8aq9p30p,29d94f51acccc89,1024,0/0
/spttest/2plxp1wbzx2o,4f3e017a4604d30,1024,0/0
/spttest/gghkj4d0i6w4,1e0ffeec3dda4764,1024,0/0
/spttest/k30vfnfdkn7n,24af914547aaab83,1024,0/0
/spttest/s84tuyabt9m7,338edaecad11c8ef,1024,0/0
/spttest/phr1b3v08xgb,2e90edb8b0e7275b,1024,0/0
/spttest/11pqulrx7tkg,1e9e498c3c86e70,1024,0/0
/spttest/6lam4qdw6ji,559e82380c7e1e,1024,0/0
/spttest/plq54hs2m6sx,2ec4902c02d30df1,1024,0/0
/spttest/h32wdhb40cso,1f3574b0fedd20c8,1024,0/0
/spttest/f20hmc0mgya2,1b805e5b997f278a,1024,0/0
/spttest/hn9e6fq1px8z,203b95b7afca2d93,1024,0/0
/spttest/374evoj0vvvn,5d75c2d07b21f23,1024,0/0
/spttest/u7qako195h82,3730d6c550edb372,1024,0/0
/spttest/c5s6j1shkv6k,16367c4116b04bdc,1024,0/0
/spttest/xq86t5g7qoxx,3d9bf216b0df37c5,1024,0/0
/spttest/rqjq5m3hud2t,32aa6c52e001dab5,1024,0/0
/spttest/uf3vupgw1cc8,3790aaf3ba4e64b8,1024,0/0
/spttest/4lj9ojoil49d,8662f32d8a4ead1,1024,0/0
/spttest/7mkmgkqy61no,dee81566b7797e4,1024,0/0
/spttest/algs98e7mpsg,135af934c12d4b10,1024,0/0
/spttest/lzsyd5tm76wj,282cf88f1bc418b3,1024,0/0
/spttest/dp7e5s0vfm26,1906627a7bbc9c6e,1024,0/0
/spttest/ru2uz6xg2t43,32d84b7637ee53e3,1024,0/0
/spttest/ho7v5rgnztzg,204805cede2a298c,1024,0/0
/spttest/dj6kp3mp8b1,afc834351d484d,1024,0/0
/spttest/j5mfflacwl3y,22fdb5961afe36de,1024,0/0
/spttest/n8711zd05hrg,2a6d93e93e58ad2c,1024,0/0
/spttest/jo9hz8mr1og3,23efd735822f8503,1024,0/0
/spttest/oyir3dyk1hxx,2d9724b08a5cfd15,1024,0/0
/spttest/24f1vqb2c1dc,3e09ddcc74f3ff0,1024,0/0
/spttest/iyivrqrpuzx6,22a1813c24c5765a,1024,0/0
/spttest/z1ac4mkk7k7b,3fff3789ca432607,1024,0/0
/spttest/bvm2u90bu8yw,15b264033c3c83e8,1024,0/0
/spttest/c9st479outlh,166aab3c697c3d55,1024,0/0
/spttest/p3yai8p4n8bm,2dddb24e32ec11e2,1024,0/0
/spttest/ucwu3exhgj46,37742559941a39c6,1024,0/0
/spttest/klxas2hmunqj,25a5130c20d9adab,1024,0/0
/spttest/3e2d2ztd3zak,6318ba04ee5466c,1024,0/0
/spttest/8qydw4zo2gkd,ffb0ac77e06845d,1024,0/0
/spttest/kzqcv11inx0v,26586b680b05ccef,1024,0/0
/spttest/nvynakqsg8r,1364937989fcb3b,1024,0/0
/spttest/e4mzf856zcxu,19ced9686a716642,1024,0/0
/spttest/u8cad5bdaney,3738c6560d385e0a,1024,0/0
/spttest/iuo62x4qb0a9,226f7480efb05031,1024,0/0
/spttest/mdu2i1x43vds,28e339221cc1f9a0,1024,0/0
/spttest/vdydyl0b73v1,39554f3043f4ca4d,1024,0/0
/spttest/napct8gfcz5k,2a8e2b380a49abf8,1024,0/0
/spttest/mbh9qwbzh593,28c4a06c6b83c3d7,1024,0/0
/spttest/qbg80z2fyef9,3012b49c68656485,1024,0/0
/spttest/jmk0jwm57i31,23d9a808f720544d,1024,0/0
/spttest/81qq9dh279ct,eb38c25d753611d,1024,0/0
/spttest/nc018r1bbono,2a9f02d7be969094,1024,0/0
/spttest/t3av8vmfhsyc,3523b3a6a2a323d4,1024,0/0
/spttest/fr74pd58uqjw,1cc77f36f0c02dec,1024,0/0
/spttest/e4hriwshs0bu,19ccf74d913311aa,1024,0/0
/spttest/4m01dv9s705d,86c3c2be24f8c81,1024,0/0
/spttest/eeywu71t9km2,1a550bc37e15a19a,1024,0/0
/spttest/zwmrd6vugzxw,41965e03503d73f4,1024,0/0
/spttest/hizom3l92g4v,20041fc848528b2f,1024,0/0
/spttest/4fomv1w7fexo,81a2f517ea1b05c,1024,0/0
/spttest/y9gdty4d8afk,3e95b2ee00e803d0,1024,0/0
/spttest/b444qga5axh9,144d34503da9d4fd,1024,0/0
/spttest/v9vyzxi5wq8g,39207b08ccc8c9d0,1024,0/0
/spttest/jwau6lgevjny,24583cf1decf534e,1024,0/0
/spttest/fj1xf5lpg9j1,1c5db4a1a471d13d,1024,0/0
/spttest/877kz6agp8r2,efa9322bf13908e,1024,0/0
/spttest/yrxandyf8z6k,3f859ba5641a2b1c,1024,0/0
/spttest/3fqyob8ut79c,647691f1ef07800,1024,0/0
/spttest/y1g1jkokibwi,3e2da958dd0a00c2,1024,0/0
/spttest/2i9e79lc0s0h,4946cdbd820ddd1,1024,0/0
/spttest/h5q177ruxjrt,1f57c80e8d2e3c59,1024,0/0
/spttest/4zsc8d3lpgdc,91f4ea6a7ce1020,1024,0/0
/spttest/se0bsnjf8y4,170c12f3f010a0c,1024,0/0
/spttest/o5vkx4weleyl,2c231530fa2d0cfd,1024,0/0
/spttest/mz8wg8ngx5wf,29f959863862e81f,1024,0/0
/spttest/s4qvra49d5p8,3362dade6c08f71c,1024,0/0
/spttest/g89aifkyvmjg,1da5183754b325dc,1024,0/0
/spttest/7y9shtpmre6i,e8677d9f5086a8a,1024,0/0
/spttest/8ryq7sqc5e40,100827a809f78ab0,1024,0/0
/spttest/hd6rn41hqyxv,1fb8be96d5188863,1024,0/0
/spttest/4qeasb8wrx05,8a55679a8c3cfd5,1024,0/0
/spttest/excjrdc1ankz,1b43c5fbcd9876e3,1024,0/0
/spttest/ztbgdd66m08r,416b51fb1c7258bb,1024,0/0
/spttest/dcmaj59lil1v,1862e65aad734413,1024,0/0
/spttest/hdgd37iyyaij,1fbc34ee9dd083bb,1024,0/0
/spttest/e1j6gf13v6xo,19a68235c9d5abdc,1024,0/0
/spttest/knlbrfb40qtq,25babba96cddc7ce,1024,0/0
/spttest/8ej7vhu19ipg,f59b2bbfc2c6ff4,1024,0/0
/spttest/d7p8mw5rhgy4,1823044f8efd1f0c,1024,0/0
/spttest/qyj35ej4qxlr,313e7e1b75ccfc9f,1024,0/0
/spttest/m8wropjqd17l,28a3403481f75d61,1024,0/0
/spttest/rws836y6ikme,32fb6cd256fde6e6,1024,0/0
/spttest/jixdp7tx86kb,23aa85876d96d83b,1024,0/0
/spttest/cm1d5gvgthyo,1709a0ab2d822c30,1024,0/0
/spttest/k2u2yro1wgl9,24ad1e0417354cfd,1024,0/0
/spttest/ctpzyiqu61eg,176d70d249e47298,1024,0/0
/spttest/ichy44mbh7tv,2183673b9e2b84e3,1024,0/0
/spttest/b3cukmw8g54m,14435c4c6b3365f6,1024,0/0
/spttest/zokdpfpf42oi,412d982ca2e08992,1024,0/0
/spttest/huy7f6ttukt9,209f766250b0b5dd,1024,0/0
/spttest/8aimweq67h39,f2587e41b4ca045,1024,0/0
/spttest/tokj3lpb3b9h,3637f68f2be05ac5,1024,0/0
/spttest/jb0jwu68df0b,2343c0848ae54d3b,1024,0/0
/spttest/879sfj2ibtr2,efb5eff940ef55e,1024,0/0
/spttest/db55ld28jv0s,184fba2a99e883cc,1024,0/0
/spttest/y68bpz4ivnja,3e6bd2cc84ecdae6,1024,0/0
/spttest/r1spk9o8gpr9,3168eeb2c785de65,1024,0/0
/spttest/n0oamndc8nbw,2a0be4aeb301f81c,1024,0/0
/spttest/57lt77g3jam,43b0d2efdec06e,1024,0/0
/spttest/18kfyvk3eewx,242e7a22a726601,1024,0/0
/spttest/d2qwfb0n61xp,17e2ab6ef5b5364d,1024,0/0
/spttest/lrgszbmau9s4,27c0ac4561445f04,1024,0/0
/spttest/3nymimptuqn2,6b216ed50b1035e,1024,0/0
/spttest/mct8p0o6cdvb,28d5ef6640323737,1024,0/0
/spttest/kt3ituhssqj0,26023eb4f986154c,1024,0/0
/spttest/ux3p1nvg7c2l,387a681bc3b6d4dd,1024,0/0
/spttest/rz4smip6ash7,3319f07276e018ab,1024,0/0
/spttest/d233fvpgl4zv,17da1498d97ad08b,1024,0/0
/spttest/u7gyc7yn6ptp,372d7810af52773d,1024,0/0
/spttest/k7ycstryt2xi,24ef9b01ca033216,1024,0/0
/spttest/5bt0xsmt8noa,9bb6d1f85c77eda,1024,0/0
/spttest/86weovtclcf8,ef68af4f72e4224,1024,0/0
/spttest/blb01wqp8j5f,152c803e4297b3f3,1024,0/0
/spttest/x7lm4jctopai,3ca9fe4bd419b30a,1024,0/0
/spttest/boqxztp75iq3,155938a00921e90b,1024,0/0
/spttest/bexvx4d1f6e0,14d9d54faec44318,1024,0/0
/spttest/p9vq76za74io,2e2ab5019b7de8a0,1024,0/0
/spttest/p1ug4j5kl093,2dc254bc9453ec87,1024,0/0
/spttest/h651oif4v9nz,1f5d32d02c6682af,1024,0/0
/spttest/97lxn413sfbz,10d35e0763f4c39f,1024,0/0
/spttest/o738wkaw9m7o,2c32d69054dea0b4,1024,0/0
/spttest/em5razshhseo,1ab270f0e4e6fb10,1024,0/0
/spttest/6u7i2uvop9dx,c7e121f00414fc5,1024,0/0
/spttest/ga2fis9dconw,1dbc9901840338dc,1024,0/0
/spttest/48lli36oxv0t,7be29ed3ec5bb4d,1024,0/0
/spttest/j06frsjypgca,22b6fe47ccb12cfa,1024,0/0
/spttest/73kxerb19uae,cf7d18dc434de96,1024,0/0
/spttest/c6yri41c52oc,1645d988fb718ccc,1024,0/0
/spttest/9epsmzqkdf2j,112faf7626b7798b,1024,0/0
/spttest/3ob9rwaoo76c,6b6a704f5ea7a54,1024,0/0
/spttest/quwv08s9u7s,15ce0098a8b7d38,1024,0/0
/spttest/visj1zgdle0j,3994245585a71733,1024,0/0
/spttest/xajq3m1g4oej,3cd04786ef64288b,1024,0/0
/spttest/j2hti8hgdvfn,22d514159b22d463,1024,0/0
/spttest/7129kh6s11sr,cd71b3d9fdc435b,1024,0/0
/spttest/d9noecby516e,183c6e87e7504336,1024,0/0
/spttest/1nn1zvcb1knr,306afbd2f0d69d7,1024,0/0
/spttest/zt34n185fbuj,416850ef4316febb,1024,0/0
/spttest/muflmoh3njdf,29bad20dbd7688d3,1024,0/0
/spttest/co62z4rkozzs,17254ee9f49aac38,1024,0/0
/spttest/mxlhmi12zce7,29e3e9c1e644af7f,1024,0/0
/spttest/6nzdkqw1mt51,c2d3414b26bfe05,1024,0/0
/spttest/jbk5lcd2ql60,234ad32471d583a8,1024,0/0
/spttest/wlgnp03aol6i,3b8a70d4cefcf73a,1024,0/0
/spttest/qd709r9rmh9f,30295be8f476afe3,1024,0/0
/spttest/hhp81wq9raik,1ff35c5a044afefc,1024,0/0
/spttest/hrergedylzs4,20717aa6a36b3e64,1024,0/0
/spttest/ygqwphr5euzg,3ef46bd77686555c,1024,0/0
/spttest/3467pnkcl6tr,5b10ac08dd521cf,1024,0/0
/spttest/tvik2ayiwz65,36922d17d76db40d,1024,0/0
/spttest/ooz9iqvmf3p3,2d1b354affb59277,1024,0/0
/spttest/z0nlo582aq9k,3ff7038d43f25578,1024,0/0
/spttest/a68t3axtzc5c,1295418d685de940,1024,0/0
/spttest/95vp2idcvfja,10bce9340794e066,1024,0/0
/spttest/b2r40qsqd7oj,143b846ff3a55223,1024,0/0
/spttest/32h35zmnjxjf,59afc9feb232f8b,1024,0/0
/spttest/8p0q84qriass,fe1e8a57f8dea2c,1024,0/0
/spttest/7yvnbgbqctfl,e8e5aab6fd94601,1024,0/0
/spttest/1u1qgu2srcy8,359eb39043c3e50,1024,0/0
/spttest/ebda8li169jz,1a2646461329eedf,1024,0/0
/spttest/jo8zbdfjbbuf,23efa752e9822fb7,1024,0/0
/spttest/983q8vb5rfgl,10d9c9ae8213a805,1024,0/0
/spttest/sd2vvv0w4k2m,33cf19ab063b0e9e,1024,0/0
/spttest/naunytqejgon,2a9015aea6c1a137,1024,0/0
/spttest/mlfqlduhqais,2945f77ace5ab0c4,1024,0/0
/spttest/c8tebsprr0z3,165de466ef75bcaf,1024,0/0
/spttest/rnbysq4b7ezp,3280a7c7f59e62a5,1024,0/0
/spttest/o0hy96p01e90,2bdd37f75e6ba264,1024,0/0
/spttest/ulkemvqcq8i4,37e490939265518c,1024,0/0
/spttest/wf6z48ge29iz,3b3902eaf12f2abb,1024,0/0
/spttest/1n5jo2zlybe,1557f502bf2bfa,1024,0/0
/spttest/bzicsbjvrvqw,15e5011640b13478,1024,0/0
/spttest/2bbjxqhwbdz2,43a47837b1dff7e,1024,0/0
/spttest/78ellkhstndj,d367b52efdd1b97,1024,0/0
/spttest/i065a26v50sv,20e3461dd4878a4f,1024,0/0
/spttest/9rbzd8bpmwih,11d38fe88cd6d319,1024,0/0
/spttest/mkm4ef6dun9q,293b47db6e38464e,1024,0/0
/spttest/4sk78jqw5qek,8c1721799640cec,1024,0/0
/spttest/dw3x65t7pewe,19600e946d47e2ae,1024,0/0
/spttest/mmr78g4k7clg,2957177bc1c65f84,1024,0/0
/spttest/cjgy1pllwraa,16e848092879cb22,1024,0/0
/spttest/s66y5xcwz7f7,3375a4315d5f3053,1024,0/0
/spttest/h3z1eaj4bm4n,1f410d5ca72414c7,1024,0/0
/spttest/gni2mrj2fx3x,1e6b1a29ea72f35d,1024,0/0
/spttest/3j8214o3qq4k,6748bc3434bc9c4,1024,0/0
/spttest/9qtl7d42uv4t,11ccecf0dec45b1d,1024,0/0
/spttest/qw8m2spdaxay,3120bc1b7747381a,1024,0/0
/spttest/qrfonujwahte,30e25708847564b2,1024,0/0
/spttest/lnxm6ffjv417,2792c80cd85e252b,1024,0/0
/spttest/t14m6ow0zauj,350777ae1902a1ab,1024,0/0
/spttest/s6wg6vhfzzl8,337ed7a68c2761ec,1024,0/0
/spttest/2n59vt87f0qa,4d3e297050ec872,1024,0/0
/spttest/higx2bkrt4b,e37b66e285cc2b,1024,0/0
/spttest/7wkcsqxovgz4,e704d1d52bf43b0,1024,0/0
/spttest/pkvr0lwzfrwu,2eb998ed40440e0e,1024,0/0
/spttest/142th9s9vpkj,20896a4f985fc33,1024,0/0
/spttest/z2r05fpy2n80,40123852c9b87810,1024,0/0
/spttest/9bcs36ny34xh,1104057e121f79b5,1024,0/0
/spttest/98l5dvpg4r9z,10e012c9241ca717,1024,0/0
/spttest/n8kmettp1ds4,2a727b7ecc789904,1024,0/0
/spttest/h0k3zd7ecbh5,1f14b2b3a0939f19,1024,0/0
/spttest/hu63z4hc8w6n,2095533b1c98c4ef,1024,0/0
/spttest/uzlcwohwiouz,389ac21b11e7d25b,1024,0/0
/spttest/wlchc4ymuyvd,3b88ef0bf58bea09,1024,0/0
/spttest/sd9udqndpx9z,33d19c636fa73db7,1024,0/0
/spttest/1hn3i1kto1jr,2b8c40f44bbbad7,1024,0/0
/spttest/4buwx40bno3s,7e87e4e31d544c8,1024,0/0
/spttest/oiqb4hb75atw,2cca0a8da0184914,1024,0/0
/spttest/aqq7bvrvbwrg,139f517ac0b0f59c,1024,0/0
/spttest/8djhrnw0zukw,f4ccedcc1d63590,1024,0/0
/spttest/sq830fcs8tdx,3479d621f1c882c5,1024,0/0
/spttest/k1zrhurbrh0d,24a22d8a2179e5dd,1024,0/0
/spttest/6g3tanfxzbot,bc6e3d53e9872ed,1024,0/0
/spttest/kmrxmftti1zq,25b020b4db511b96,1024,0/0
/spttest/w0n9sve80hw,19fe3ed50b35e84,1024,0/0
/spttest/zcucng4juowc,409552118b141c8c,1024,0/0
/spttest/me55tkhan7ge,28e739b3b6c9337e,1024,0/0
/spttest/4mapovek6dlg,870163788940654,1024,0/0
/spttest/l4418iywv9pe,26914fc2e7864ae2,1024,0/0
/spttest/rf58d3o4b0vn,32164fb1a1e02d33,1024,0/0
/spttest/us1bhsna2aqz,38389a512fbda8eb,1024,0/0
/spttest/9vhpxj7f2qzr,120996ef147e5027,1024,0/0
/spttest/r0ou1hs106r7,315a8b759f500333,1024,0/0
/spttest/fqhzoe5t5ctv,1cbe6d1c40e02133,1024,0/0
/spttest/5s452sdr3le8,a8f43e686081e10,1024,0/0
/spttest/ardd2s14c4ng,13a7acb1e6fd0a8c,1024,0/0
/spttest/ky3mesgum4u9,26433a2e3dea2001,1024,0/0
/spttest/jm3mfbeu6epe,23d3bde524d7d5f2,1024,0/0
/spttest/e9987az09r8s,1a0ad5104911be2c,1024,0/0
/spttest/usc6fe6txu88,383c855e228dcc48,1024,0/0
/spttest/9qgq2y3eqkj0,11c848aaf820446c,1024,0/0
/spttest/6n2p7u0ul08o,c2169cc45187278,1024,0/0
/spttest/ovrdtcxnpstc,2d734a29e579f920,1024,0/0
/spttest/akhn9pvdt74u,134e4b85f48fa25e,1024,0/0
/spttest/ewpa34ftk3kg,1b3b60b19f2a2810,1024,0/0
/spttest/ivvnl7srouya,227f2542abc74db2,1024,0/0
/spttest/m7e3tv1cz5h3,288f871bc0e26677,1024,0/0
/spttest/rt4z2blannil,32cc116d7fb5c4cd,1024,0/0
/spttest/ce39alr3oypl,16a26574459dc4b9,1024,0/0
/spttest/w1jmlqalxops,3a87ba009e317860,1024,0/0
/spttest/axedz685fijv,13f5fae9901270ab,1024,0/0
/spttest/o6l011pfxah7,2c2c4129b4a3764b,1024,0/0
/spttest/f2ejiz8he3sh,1b857067d8fd8bb1,1024,0/0
/spttest/sxuu6dvu7rrn,34dcf8bb608f9253,1024,0/0
/spttest/kjk8knzo319p,258662166c1d1d2d,1024,0/0
/spttest/gvrmb2hoinej,1ed676038e1622fb,1024,0/0
/spttest/djo52ay1utay,18be7ddbc70178da,1024,0/0
/spttest/gq8j4cv6bxzw,1e8ea08ed35ce2dc,1024,0/0
/spttest/38d7hgpk7lb6,5e785c5e5ae3fa2,1024,0/0
/spttest/lfkc4h44ex6q,272613698110c382,1024,0/0
/spttest/b8uze0zvh5ec,148ad99186cda094,1024,0/0
/spttest/67k72n5hjs0g,b57e5c3b834e990,1024,0/0
/spttest/xfdowyo8m75h,3d0f0c8fc5a055b5,1024,0/0
/spttest/ihxtphsftaet,21ca141a2e7488f5,1024,0/0
/spttest/scsquew0nndo,33cb710db22db61c,1024,0/0
/spttest/tdzjeobwdxrv,35ae7f0c4dc3183b,1024,0/0
/spttest/lu1pj95rzxai,27e231accca6124a,1024,0/0
/spttest/tfhgirkhfxjr,35c1f386fd3f0897,1024,0/0
/spttest/nqc8ucob66jf,2b59445b1db5f19b,1024,0/0
/spttest/bhi0678us1bf,14fb121990b0e3ab,1024,0/0
/spttest/elcw3lxvw9qh,1aa806908707ac49,1024,0/0
/spttest/so2wm71pm1h,174637b833bb8d5,1024,0/0
/spttest/q9ip1ppp6m7g,2ff99e814d1742ec,1024,0/0
/spttest/wd3mhjwounbq,3b1dd2e4c093d996,1024,0/0
/spttest/hfqcem8muead,1fd9c960149579d5,1024,0/0
/spttest/1jqitfnrwju9,2d3faf9f9b91371,1024,0/0
/spttest/7wghbhv41g8c,e6ee73dacaf386c,1024,0/0
/spttest/rqj9xw9k52rr,32aa42b89c513547,1024,0/0
/spttest/y0sqvbjrlces,3e25417db866c914,1024,0/0
/spttest/4rq4gnzait9c,8b697ed159c8aa0,1024,0/0
/spttest/e6jarkwnflsx,19e77f8d72211321,1024,0/0
/spttest/nlcg31cbb9qs,2b1864a6da8b7114,1024,0/0
/spttest/16zc19xqfmgt,22e4c8d2fc26d7d,1024,0/0
/spttest/afgg3t8uaybv,130cea7d6bdd5a4b,1024,0/0
/spttest/lmwcvqvub6ov,278556926340109f,1024,0/0
/spttest/bfnf31r0orc3,14e30bb08f75bc63,1024,0/0
/spttest/e5d092wef2m5,19d83d1c25b868fd,1024,0/0
/spttest/6mjt3df6tgxf,c1a98bf1af5ecf3,1024,0/0
/spttest/hade8pt0fsjz,1f942b03f86c624f,1024,0/0
/spttest/xc3zptf90br6,3ce494d2c59e9082,1024,0/0
/spttest/g2ruvoz9kboi,1d5ddb90a076cd22,1024,0/0
/spttest/rner10bsrrum,3281a8f32e67adbe,1024,0/0
/spttest/7gvbbm8fblmj,da46d45543cf13b,1024,0/0
/spttest/iu7bzyvwand1,2269616d8adf70c5,1024,0/0
/spttest/5jizstd1ipb4,a1fb892e7d015a0,1024,0/0
/spttest/ihntfbc9ub72,21c677b1c1a05d2e,1024,0/0
/spttest/c4bc5fw8vn7b,16236b2987993f37,1024,0/0
/spttest/8072eygtz6e,67fc2fbdaf8f56,1024,0/0
/spttest/je1sx6gd2wqr,236b2bc5c5fa1f43,1024,0/0
/spttest/dqca2whb2t5p,1915231bb7194f1d,1024,0/0
/spttest/ab2ul0jbg95a,12d40d7463f0e94e,1024,0/0
/spttest/ji4vnfgm4579,23a03ce81b59b955,1024,0/0
/spttest/upx9ipj2pes3,381d2943a5059513,1024,0/0
/spttest/ck5cuz253x19,16f116e153e2e6fd,1024,0/0
/spttest/kmfi6ldr4b9m,25aba4abe381310a,1024,0/0
/spttest/bc6ilfnc6ad,9346f685988dd5,1024,0/0
/spttest/w0ozgp97ibjt,3a7cab956bffc5f9,1024,0/0
/spttest/vv1zngqao9fw,3a336d4ffe65f7cc,1024,0/0
/spttest/8bvg2eiorl0u,f372466d2a5a32e,1024,0/0
/spttest/jyx3blpizkc,103654e4867218c,1024,0/0
/spttest/jxw8ncfhno6h,246cf30ca318a729,1024,0/0
/spttest/eh5yoxwwwm16,1a71919ca6fce78a,1024,0/0
/spttest/3l1mwl8e1j4m,68c3541a47b5516,1024,0/0
/spttest/1vtnrvmqtvmr,370fbe144a86763,1024,0/0
/spttest/s4h9qm1dx31e,335f630f49ea3ea2,1024,0/0
/spttest/up19qhrbf9az,38119e090733a3db,1024,0/0
/spttest/b8933pmask27,1482f2feb9e9068f,1024,0/0
/spttest/m43xbfbccluc,2864e2f2732d4194,1024,0/0
/spttest/12pj0y7dcjpo,1f6cdc788a7b7cc,1024,0/0
/spttest/b9r70mf2axv8,149678ec509907f4,1024,0/0
/spttest/5hxxof9qfdq8,a0b2223b4720140,1024,0/0
/spttest/mpgr3b5ogjey,297a4a270673824a,1024,0/0
/spttest/kgub0eiaxy8z,25630c40c26ddda3,1024,0/0
/spttest/v8eow07w4nks,390d41947889ec5c,1024,0/0
/spttest/5soage0ijq5j,a968910491c3d27,1024,0/0
/spttest/fsjach0v1l97,1cd8df5db8ecb0db,1024,0/0
/spttest/x7lifu9yrcri,3ca9f4d6b38a3f5e,1024,0/0
/spttest/y76ggkw1lo7o,3e78237a7b26ced4,1024,0/0
/spttest/9xvqaif8obk,8120e032824420,1024,0/0
/spttest/nknv20mqgvq3,2b0f85dc1bc7f69b,1024,0/0
/spttest/ksimfjjgcfg1,25fab437ad2f0531,1024,0/0
/spttest/n4o9fdutvg3p,2a3fd6a0357f6845,1024,0/0
/spttest/g90jnmodddbg,1daeed9f039c31ac,1024,0/0
/spttest/4vbt63r9e7xb,8e562d23d8bc49f,1024,0/0
/spttest/u03sszn470wa,36cdcc4806c6704a,1024,0/0
/spttest/qnn0cmfnhiy,15a402ebe82ff7a,1024,0/0
/spttest/5sd1qw4yh2r8,a927aab63679a34,1024,0/0
/spttest/ghll7youtk35,1e1e6f6c4f6228f1,1024,0/0
/spttest/t1t40h1klmp8,35104e4243c2ae2c,1024,0/0
/spttest/md8842ezjq4u,28db576e0773260e,1024,0/0
/spttest/ms6ynac53jtt,299db99fdfeabc21,1024,0/0
/spttest/180wm2ce0w5k,23bdaf94e1ec0c8,1024,0/0
/spttest/re82c1w7wq1g,320a5812878b42d4,1024,0/0
/spttest/tj1ri53dztcb,35f03ed76b01684b,1024,0/0
/spttest/gupglfymmpxw,1ec8b15d87aefad4,1024,0/0
/spttest/i6uc35j6nmys,2139eff6829ed604,1024,0/0
/spttest/ib736ctwgvwx,21727ee9c7ddf991,1024,0/0
/spttest/v5526cod207f,38e2d0384d3e3a8b,1024,0/0
/spttest/yajxkmq7hjnw,3ea3f7f15e69eccc,1024,0/0
/spttest/umsbzpbcf4mz,37f469fedf89ad3b,1024,0/0
/spttest/s54lx81o13i6,3367ceca37d643fe,1024,0/0
/spttest/3iwejbr5399a,670576e1f74329e,1024,0/0
/spttest/835ziz8pdgur,ec60ab46ce61f93,1024,0/0
/spttest/j6syvkz8gm0j,230d0ef132864773,1024,0/0
/spttest/q2itp8vp7tv8,2f9ebda5f771e7f4,1024,0/0
/spttest/mixioi6amepj,29256a08b3cb35f7,1024,0/0
/spttest/bhppsz314bt2,14fdda71fd07d1c6,1024,0/0
/spttest/4ze4jsvn2ec9,91a2dc8d8998819,1024,0/0
/spttest/7r8h9p0p304a,e2b11e208dcac5a,1024,0/0
/spttest/bdrvm4rvt2dw,14caad0fd8cf3c54,1024,0/0
/spttest/e543a9r6secn,19d50593f58659a7,1024,0/0
/spttest/9ccevbym9kuk,1110e0d59521dfcc,1024,0/0
/spttest/6ynmu37ow3i7,cb7d93e6e731dbf,1024,0/0
/spttest/i9yridemv7jg,216280c70bc655ec,1024,0/0
/spttest/flswe01acptv,1c816a7078eb7bc3,1024,0/0
/spttest/v0j1u1c7a6n4,38a6ea36c671e720,1024,0/0
/spttest/k1xvbk9bikb3,24a17e9e28a3e64f,1024,0/0
/spttest/xgb56xp6f5y5,3d1b1e7a19a625dd,1024,0/0
/spttest/lz88fpxlo4wm,28257eaa8760d7d6,1024,0/0
/spttest/n37afwnggfb4,2a2cb9b642e83d80,1024,0/0
/spttest/otgaz6d4d4ei,2d55505119c14f8a,1024,0/0
/spttest/4lisccksgb10,86602b60141c7d4,1024,0/0
/spttest/7tzkqkpo9k9h,e4ed33d4997aad5,1024,0/0
/spttest/56pz1w59aucr,97960e52dbad52b,1024,0/0
/spttest/3gdjuna81usc,64f8f8e4b75b21c,1024,0/0
/spttest/pd4rxt4ot46t,2e54f08da8ac7275,1024,0/0
/spttest/xxyatmy2ro1n,3e004ac2010b5c7b,1024,0/0
/spttest/18vabkghy5m6,246d131a89641ee,1024,0/0
/spttest/idaysl1o6flt,218ddfa7ab5ba081,1024,0/0
/spttest/wghtbqcy57px,3b49e95d62602855,1024,0/0
/spttest/gu17dig91gke,1ebff0dec715531e,1024,0/0
/spttest/9hipgwxju9u8,1154188602e2a450,1024,0/0
/spttest/dl0ruarfuxka,18d009fa05d2e06a,1024,0/0
/spttest/fsktkgzd47i6,1cd96d0de96f97fe,1024,0/0
/spttest/mnaw4eo33uup,295e32563032e1f1,1024,0/0
/spttest/xbdwizz5i93k,3cdb2b10d4553f90,1024,0/0
/spttest/dbvt21h0v240,185957f1437f9070,1024,0/0
/spttest/68cmtwawkegq,b62288129a24e3a,1024,0/0
/spttest/88683v9x62r1,f071300e9df886d,1024,0/0
/spttest/h97zzjfdqxml,1f853b57aeafe5bd,1024,0/0
/spttest/ivsiw3zqbzl4,227e041a6dbe7ee8,1024,0/0
/spttest/6olwhpjjama6,c3554b731e77e4e,1024,0/0
/spttest/ulo6raftxm39,37e5edd65cac2715,1024,0/0
/spttest/gfv2ko6f3pbj,1e07e0bf743769ef,1024,0/0
/spttest/l7mb8h04vd6z,26bedfd058b1e88b,1024,0/0
/spttest/d39e0x3eyf2u,17e9573876324ad6,1024,0/0
/spttest/r7ntduon1qg,161799de3fac888,1024,0/0
/spttest/gzzxfryf605s,1f0d6a8bbeb7ed50,1024,0/0
/spttest/b6ilyndz7wsi,146c682f540ce8c2,1024,0/0
/spttest/5f9sx9440qlw,9e87296a9bf6ab4,1024,0/0
/spttest/cn28275ocgut,1716ed3b4e2b1c55,1024,0/0
/spttest/3ntev0fy2koy,6b0357124349342,1024,0/0
/spttest/ijlcf4bgttjy,21df8dd6cf0656de,1024,0/0
/spttest/nqwy8bpuew8d,2b60bcdc7dcf2cad,1024,0/0
/spttest/2co1nhy70ba,1e8ca105a1f356,1024,0/0
/spttest/lyzedjfuymej,28224e975c7a8feb,1024,0/0
/spttest/b9jnrmvukzj7,1493c0f47978cae3,1024,0/0
/spttest/a31yvbju1xc2,126bd207bd11d902,1024,0/0
/spttest/vj6xrmr8809h,3999573d06272755,1024,0/0
/spttest/xqlb93ih29xq,3da0ae46834147ce,1024,0/0
/spttest/f70c7daawdzh,1bc142bef82550cd,1024,0/0
/spttest/qf83twf17ls1,3043bbecb690e701,1024,0/0
/spttest/p1758dw7pt0x,2db9ec516f511631,1024,0/0
/spttest/i5qnku51vcoh,212b9eb79a4506f1,1024,0/0
/spttest/sf0dcn7oh0jh,33e82be42b8020fd,1024,0/0
/spttest/2h2m4za8ii5r,484fd633deacc6f,1024,0/0
/spttest/dbjwnuwcyry1,18550cc69db86df9,1024,0/0
/spttest/l9hwpagd990o,26d74390f47ce2e8,1024,0/0
/spttest/t6s0r3iiph8g,3550dbcf04fced80,1024,0/0
/spttest/tuvkiuyv3pee,3689e1cdb33b4a56,1024,0/0
/spttest/vf1zwzwklh7z,396399e25b028e6f,1024,0/0
/spttest/1rfxo0ki5bvi,33813148628ed5e,1024,0/0
/spttest/bzj3kpijrcuh,15e545d2113e84c9,1024,0/0
/spttest/gob9bzpn5i2s,1e75a209146c55c4,1024,0/0
/spttest/azc4x289c8pl,140f2572624ce019,1024,0/0
/spttest/b00ssoudog3w,14180b8d47924c8c,1024,0/0
/spttest/uc1378jzfn4n,3768b0ee413991d7,1024,0/0
/spttest/ycny76qozv90,3ebf658970e168f4,1024,0/0
/spttest/xpm3dfs60kk4,3d93f92b88aa4e14,1024,0/0
/spttest/svzs9qc2675s,34c4c72aa5a73bc0,1024,0/0
/spttest/lldzr3ybmr54,2771b90044a8d5e8,1024,0/0
/spttest/ptirm5xk20gr,2f29d0fc8c38f6db,1024,0/0
/spttest/y8ql0i5anhpb,3e8c63c87d82575f,1024,0/0
/spttest/wfihd0l9b2hj,3b3d29c745b03e57,1024,0/0
/spttest/ywc4zkbz9qzj,3fbeebab77b0ffdf,1024,0/0
/spttest/d8kap2789nuv,182e39032a5ac507,1024,0/0
/spttest/or5ygxz0bck,1418b63c876e074,1024,0/0
/spttest/zr5bvpht50jx,414f21bc81b1030d,1024,0/0
/spttest/evpebtnrypsu,1b2e6e520264fe1e,1024,0/0
/spttest/uwlscb0r103t,3873f1ef9ce561c9,1024,0/0
/spttest/f79mlwnuw1o1,1bc49cc11123aa71,1024,0/0
/spttest/dlonoo2ago9,b0af56667754e9,1024,0/0
/spttest/6jwxr7e8xwzi,bf85db9a695553e,1024,0/0
/spttest/pbpc7ioyw658,2e4261699900891c,1024,0/0
/spttest/son9y9p6m96r,346556f31404b203,1024,0/0
/spttest/4rvm9y3hf51b,8b89378fa60c43f,1024,0/0
/spttest/gccd9fotp883,1dda29676637c2e3,1024,0/0
/spttest/isvellpc2j9s,2258166cfb60ee10,1024,0/0
/spttest/as2u0xvzv3y6,13b0dd636d1814be,1024,0/0
/spttest/5kw0aqqpv82,487bc65e180c52,1024,0/0
/spttest/8d5lhv5e8f12,f47cb4590303016,1024,0/0
/spttest/di0uobxj8uam,18a9197a7ee6125e,1024,0/0
/spttest/49e9dror2y61,7c881822d766479,1024,0/0
/spttest/7gcsq29i2zyo,d9dbeec0ddbd890,1024,0/0
/spttest/p9c4sprie03i,2e23a318a7a225fe,1024,0/0
/spttest/hichcg3j5ghn,1ffbc0aa1177c1bb,1024,0/0
/spttest/fxb1fntxo87z,1d16d7d6cbb0c49f,1024,0/0
/spttest/c0txagyrtl9u,15f62b00ed6753f2,1024,0/0
/spttest/j6fd19xr5e0q,2308261d10c5c53a,1024,0/0
/spttest/npxkpbde718f,2b53f943443813ff,1024,0/0
/spttest/qku29ycxns5j,308c9a528048bf47,1024,0/0
/spttest/medtbb58y68x,28ea58ece73e0021,1024,0/0
/spttest/hpozrv8wjaf8,205b3129ddbdab84,1024,0/0
/spttest/9nvzieta3y93,11a6d29d938a0e27,1024,0/0
/spttest/iefio2ac1n6k,219c8160cca13f9c,1024,0/0
/spttest/n34knblu8c5o,2a2bbecb2877b18c,1024,0/0
/spttest/uumpc0ckgb7p,385a4c128187e0c5,1024,0/0
/spttest/elslsr7crkyg,1aadb206680c5ad8,1024,0/0
/spttest/1yjyy161n3d3,39474a143bb79c7,1024,0/0
/spttest/aolt1m0a2e1u,1383c0d70c9c9da2,1024,0/0
/spttest/gy8dieruozo6,1ef67c37f8025496,1024,0/0
/spttest/dh84d90yyjrd,189ebbaae5f4ca89,1024,0/0
/spttest/6rjtygkzx15t,c5b8d3eef5bd721,1024,0/0
/spttest/avphpi2b4bcp,13e00205febaa579,1024,0/0
/spttest/k6s6kf4usgyr,24e0638c03e4a2e3,1024,0/0
/spttest/1unxzhaht6v4,361ee9d07a2b100,1024,0/0
/spttest/j9fu1mwmmxbr,232f498719ec4837,1024,0/0
/spttest/pr5xk58c56ty,2f0b34efca29add6,1024,0/0
/spttest/hqprzbgh129v,206876cb113622c3,1024,0/0
/spttest/luw826f0r9ia,27ed34415001e4e2,1024,0/0
/spttest/9tpa5t7s9tbx,11f256e7612924bd,1024,0/0
/spttest/fv170xwjhxg5,1cf94ffd1d844695,1024,0/0
/spttest/mgw81alw1e0l,290af7d718417135,1024,0/0
/spttest/a5dluxw6rfkm,1289ff9492a75d96,1024,0/0
/spttest/gmk80gyvgyaf,1e5ee37305d95897,1024,0/0
/spttest/rferwbhap00s,3219c120a9d7aa5c,1024,0/0
/spttest/t0n570dmpyyu,350129d308f56746,1024,0/0
/spttest/3mbh6agdmfgn,69cbf7e03b084c7,1024,0/0
/spttest/w6z451noyl3e,3ace42ce00cac34a,1024,0/0
/spttest/9xyx584ljpa0,1229c6375a5b8bb8,1024,0/0
/spttest/kfnbog20jzzk,25538a21d30184f0,1024,0/0
/spttest/tocti0ojr4ia,36352e4c72e72292,1024,0/0
/spttest/27s8ssn38m2f,40c582bca5480b7,1024,0/0
/spttest/c4dkducbd3a8,1624390615380ce0,1024,0/0
/spttest/chee5zwws940,16cd61c690a92d20,1024,0/0
/spttest/qbu9cyt274as,3017c52fd8390784,1024,0/0
/spttest/sy0rv7jb0gvf,34df1d0365b29c6b,1024,0/0
/spttest/hrtqgntrn7xr,2076e1a0a1f586ef,1024,0/0
/spttest/9273jnlzg0kd,108d115eb6040ddd,1024,0/0
/spttest/px08skix9116,2f57171778c7f67a,1024,0/0
/spttest/c5yzr67v69dj,1638f1734d3f8ff7,1024,0/0
/spttest/j7w0qv03kx5,f9a49d257008a9,1024,0/0
/spttest/cyv5shcey1eu,17b03fe91d7ec9a6,1024,0/0
/spttest/11ls5ohcjesg,1e8767a992701a0,1024,0/0
/spttest/kabxevsc2ojn,250e7b31fbf6d4c3,1024,0/0
/spttest/pdxc4brcjwke,2e5f3ea4f3ffb39e,1024,0/0
/spttest/bjcxftb80ook,151337c2881e20f4,1024,0/0
/spttest/vew1rq3mqib8,3961746e38500134,1024,0/0
/spttest/gglr1xan2ldy,1e11812173a807c6,1024,0/0
/spttest/jz57nc5s7dzy,247d2d0dd02f929e,1024,0/0
/spttest/kyncu17ogkmn,264a58f959dff06f,1024,0/0
/spttest/oigmgjnjafr,13e677173f7de97,1024,0/0
/spttest/837feug6aio1,ec68fd4bcd1e301,1024,0/0
/spttest/740xkwk54hac,cfd97e239382584,1024,0/0
/spttest/2p6czl06f9wo,4ee417012a7b5e8,1024,0/0
/spttest/vsdf5dbi8v1k,3a10955b19a6bd28,1024,0/0
/spttest/4zk8j8x0s1u1,91c6237b6825c49,1024,0/0
/spttest/umrn1u97r71z,37f42a00d8fba777,1024,0/0
/spttest/73xcts9vqsgq,cfc4d87cb50559a,1024,0/0
/spttest/w2l4xajjdx3v,3a9542a2b59fe7db,1024,0/0
/spttest/35b12pe5wism,5bfc4d1dc4e5426,1024,0/0
/spttest/wft3m0l0pb80,3b40fe8cada1f910,1024,0/0
/spttest/kst55xrly02d,25fe7ff71b9305d5,1024,0/0
/spttest/mgyb09af7p5j,290bb8333e5ae217,1024,0/0
/spttest/kzg4jvg16oti,2654ba6713de5426,1024,0/0
/spttest/y0sfl737c7a5,3e25248bc13fb2dd,1024,0/0
/spttest/dkn2ekonue1e,18cb17ec97353992,1024,0/0
/spttest/7dddud0x4uet,d76fd56fac183f5,1024,0/0
/spttest/j1ssr0xsvxvb,22cc0cf066203d37,1024,0/0
/spttest/pr31ub2hr0zd,2f0a2ad1c1da66b9,1024,0/0
/spttest/kue1shn6b12i,2613084c9d9e6c2a,1024,0/0
/spttest/m5cjn69a1f5y,2874fc6f30363106,1024,0/0
/spttest/1s9chfd8p5lp,342afc6bffd749d,1024,0/0
/spttest/jklf1a6seq8,fe3a3220d23790,1024,0/0
/spttest/ooqsppbug8se,2d1827397a524a7e,1024,0/0
/spttest/lmghysuiweds,277f9dba009edad0,1024,0/0
/spttest/n8vp8uwnam1w,2a767ad15df46524,1024,0/0
/spttest/sbvcrpfwi8gv,33bf64c99f82075f,1024,0/0
/spttest/18smt0wclr8u,245dc1f720ac92e,1024,0/0
/spttest/j95md7odq90a,232b9a24e6fbed1a,1024,0/0
/spttest/fquukoleewm9,1cc310cddd9d5ea1,1024,0/0
/spttest/9erywyspv28t,1130784db736e61d,1024,0/0
/spttest/osx78ygtgtkx,2d4e6bc10f1a96c1,1024,0/0
/spttest/9jdec1bda44y,116c289fd9f57c72,1024,0/0
/spttest/1yr1gualap5v,39701ae04e11ae3,1024,0/0
/spttest/o17k3embi0hg,2be67535299e75f4,1024,0/0
/spttest/cz8gn6ats5gb,17b50c8b0cd7cf9b,1024,0/0
/spttest/b5pxbff55nnf,14620ea3e64777fb,1024,0/0
/spttest/xyyj5i261p7y,3e0d5d62ec91a3ee,1024,0/0
/spttest/3rmgv5kkivuk,6e1a9086c5fe5bc,1024,0/0
/spttest/ctlud7sm2v2a,176bf1004c047fc2,1024,0/0
/spttest/nuc7mh9tyjlb,2b8d3641885028af,1024,0/0
/spttest/lmhnd7l23549,278007f36242a2a9,1024,0/0
/spttest/2yfw3t0znxxp,566991d08ad9e8d,1024,0/0
/spttest/4x5pflxhowbc,8fd298a1f839e98,1024,0/0
/spttest/zqee358kzpab,41456974982b2ec3,1024,0/0
/spttest/fa6y3a517ynd,1bea9ce1ae0fe029,1024,0/0
/spttest/5rzkvtx1l97g,a8d9e9daf9676dc,1024,0/0
/spttest/36z4bbxglzva,5d57339f96b4cd6,1024,0/0
/spttest/4x40ao5j3q5y,8fc8cacbb26ce36,1024,0/0
/spttest/5ikmov1pv6pk,a13526aa9f080b8,1024,0/0
/spttest/rzngat4gc6yv,3320abd1d79c9e47,1024,0/0
/spttest/lhkkkqv6o7k1,2740239c8c5d7e41,1024,0/0
/spttest/e4cs4wt1krw7,19cb2b07a093ff37,1024,0/0
/spttest/bltw2epxlffs,1533510323ea6668,1024,0/0
/spttest/gmxtqgwklasx,1e63cbf88b48bdf1,1024,0/0
/spttest/ssfcfhuo62r0,34966f63cc28736c,1024,0/0
/spttest/b49mljmdqaep,144f2ffd30ed6c31,1024,0/0
/spttest/ybp2lvsi1cp8,3eb2cff57c4c688c,1024,0/0
/spttest/asmjuemrixmz,13b7faa12fb4edcb,1024,0/0
/spttest/y25k1c4vh3m5,3e36de00d6cc3b8d,1024,0/0
/spttest/fu1onvnncvcd,1cec7ffc32320cad,1024,0/0
/spttest/n3y0ad1wff0m,2a365d99fbf40dc6,1024,0/0
/spttest/59bcvlqfsv79,99b129d5147b3f5,1024,0/0
/spttest/3ramj45xfow8,6dd6326914720c8,1024,0/0
/spttest/o5uv4my16sw,139db31e36a52b0,1024,0/0
/spttest/cslh49633amn,175ed1c02124a38f,1024,0/0
/spttest/ka0joucmlnkb,250a5feef82fd08b,1024,0/0
/spttest/at5ncttpq7vd,13bedea2f602c759,1024,0/0
/spttest/2dwuwwrdz316,45bf1ecc6cd731a,1024,0/0
/spttest/davf3idlpgi6,184c36de951b88ce,1024,0/0
/spttest/egsb6hrqu76w,1a6ca47f331fb5e8,1024,0/0
/spttest/ru5ine6836gn,32d940efa9bfc377,1024,0/0
/spttest/310zqaw7jn05,58830a921d20235,1024,0/0
/spttest/inpegmtuevy3,2214f99416e16b3b,1024,0/0
/spttest/hhethpy6kang,1fef9b4f3241d0ec,1024,0/0
/spttest/cd1ttwzzc1pe,1694e427310e42a2,1024,0/0
/spttest/i4bmyzk4xvwj,211936612c1923c3,1024,0/0
/spttest/e7jbatp8b7m4,19f47e2e4aa9574c,1024,0/0
/spttest/4uuw52458opd,8df482f17fe4411,1024,0/0
/spttest/yh0hpy34e5ln,3ef7e111d435e3db,1024,0/0
/spttest/oh9mqs3ihy8y,2cb708d96e0c45a2,1024,0/0
/spttest/6tga1rveldzc,c743f93364ed408,1024,0/0
/spttest/q7x8ancmksaa,2fe4e2889ff74232,1024,0/0
/spttest/h3pebcgpug9d,1f3d92d3204426d1,1024,0/0
/spttest/964xw75ghovf,10c03f28de3e4c2b,1024,0/0
/spttest/juznovdk0h1w,244736fabd372e54,1024,0/0
/spttest/bym9aa9eioqh,15d96c520349ffb9,1024,0/0
/spttest/4kegcce4592f,85775310486f927,1024,0/0
/spttest/3zh1p55b6khm,7479e548e285c3a,1024,0/0
/spttest/956t8efhknr5,10b3eeae1dfbe241,1024,0/0
/spttest/nywrrelu7w39,2bc8965084d49035,1024,0/0
/spttest/2001sh9uys1v,3a73f1485497483,1024,0/0
/spttest/7hu9utefofzw,db10a6566081dfc,1024,0/0
/spttest/6z4f6s9cos25,cbde7e1efdf340d,1024,0/0
/spttest/87kw1nvtbfrk,eff6052ea11ed90,1024,0/0
/spttest/43o5g77m449v,77e238f8963b0a3,1024,0/0
/spttest/gp3tm189dxng,1e7ff060aef7449c,1024,0/0
/spttest/swauxjmyjwkd,34c8c60bcc9a159d,1024,0/0
/spttest/8jh3mvyppnd8,f99e167a5b0338c,1024,0/0
/spttest/bw1zk5kflrvk,15b8217cd5840f60,1024,0/0
/spttest/mpd9tw7l1oid,297908c222922355,1024,0/0
/spttest/kwssqe6fcdox,263255184c3a7751,1024,0/0
/spttest/j40w23t6thlh,22e8f2e2af4d0855,1024,0/0
/spttest/mcg4hdu3do9f,28d133ce156fe713,1024,0/0
/spttest/z4m9ju4cqumd,402a7d1d2ff4d985,1024,0/0
/spttest/jcijpfsnj5w7,23573be01f063b97,1024,0/0
/spttest/jzzy5fc2jvq3,24884419ce88495b,1024,0/0
/spttest/b0z94ffpcpbx,142479f61839503d,1024,0/0
/spttest/vkqai0oalvui,39ad50296861be7a,1024,0/0
/spttest/6a7rufrs595j,b7a620b54551597,1024,0/0
/spttest/bfjgh42kxwm6,14e19dc8ef787f5e,1024,0/0
/spttest/qjcg4rs4yr1i,307941fd2078e166,1024,0/0
/spttest/psc4n5fgxqaf,2f1a6e93db28bf57,1024,0/0
/spttest/ns7yuvtxko5z,2b71b3c6c82d7c57,1024,0/0
/spttest/lk5likoqk2ey,2761b444e23ec33a,1024,0/0
/spttest/7vd20jmaxuc9,e60ad9cb796a9d9,1024,0/0
/spttest/7n6fan0iff8m,df65f0e26883ce6,1024,0/0
/spttest/hyt1s1h58ncg,20d18f174a8e4130,1024,0/0
/spttest/gl0jplvxxj1h,1e4accd7c7a30ba5,1024,0/0
/spttest/6h385by931fk,bd3aad442038b00,1024,0/0
/spttest/1ptx3alqadxw,323243ec9a79314,1024,0/0
/spttest/8qihpurkvjrg,ff54eb3e0f775cc,1024,0/0
/spttest/qii2kgd47wjh,306e4c23653e787d,1024,0/0
/spttest/stjepmb9tder,34a4e3f8ffca3e23,1024,0/0
/spttest/zn8jkfizo3p3,411c55896623a3b7,1024,0/0
/spttest/6zs358l9ydq0,cc671d21d6156f8,1024,0/0
/spttest/fx8f2q1bx2d3,1d15e5bbaeaf3937,1024,0/0
/spttest/6s51zjzcqjgc,c6335954d30ccfc,1024,0/0
/spttest/93rvtfg7yl3x,10a18e87b2f0765d,1024,0/0
/spttest/w7i82f1f5wms,3ad527e08b0db774,1024,0/0
/spttest/at2jo9k97aua,13bdc01576f93ba2,1024,0/0
/spttest/2oscb31c3yc,22ec12092edc04,1024,0/0
/spttest/e5uieui1yexf,19de8df717370913,1024,0/0
/spttest/njv3rthsmpwf,2b05258bc5473c9f,1024,0/0
/spttest/xqy9xb5fjdhu,3da55ba81b605e12,1024,0/0
/spttest/h29mq9f3obfx,1f2ae543f2f1deed,1024,0/0
/spttest/xiqnuizu5m62,3d3ab2612c82e97a,1024,0/0
/spttest/xvjfm5xf1466,3de0f3045df02e5e,1024,0/0
/spttest/rkoofamyns2q,325e462edab6c7e2,1024,0/0
/spttest/peqhpxyqipxg,2e69c3b1669fc5c4,1024,0/0
/spttest/jnymnrqwdl9f,23ebeb2b7b9ee4e3,1024,0/0
/spttest/pmds2tphe2b1,2ecd17891dc9082d,1024,0/0
/spttest/i2pl2qixki9k,210444283ad90278,1024,0/0
/spttest/f7x1w6wz54af,1bcd10718b3087f7,1024,0/0
/spttest/4mza82kco1or,878f3bd209f9a8b,1024,0/0
/spttest/wxtmvrgwqcf2,3c2afe9d80bb915e,1024,0/0
/spttest/c5mkypcv145v,16347714de040a53,1024,0/0
/spttest/zy8h5yzswua7,41ab3132da11c94f,1024,0/0
/spttest/do1hjpz4hi32,18f743b40ff3b5ce,1024,0/0
/spttest/t320bpmg4kx6,3520815e1ad4baea,1024,0/0
/spttest/8a7qbttx1rod,f2198a2ff3b275d,1024,0/0
/spttest/uxukdmt3f20i,38841a13426ccef2,1024,0/0
/spttest/9np757w3ygwb,11a45f9fb6459d0b,1024,0/0
/spttest/o007f8ahx77x,2bd6d0dc5b9afbcd,1024,0/0
/spttest/tazrd46fz0j1,35879bb16725b46d,1024,0/0
/spttest/uaxm4gwswp5p,375a72c0ecfd635d,1024,0/0
/spttest/j65of1x4idqo,2304a7a2fd138e10,1024,0/0
/spttest/eyhh5kxk12pi,1b528a65a489fbf6,1024,0/0
/spttest/mqhvgbpx351p,2987aef7dbe6b14d,1024,0/0
/spttest/sh4aap0dhcp6,3403900a97da978a,1024,0/0
/spttest/gpjy8oe0hptd,1e85c225823b14f1,1024,0/0
/spttest/xozus8erdysn,3d8bf307f8c46467,1024,0/0
/spttest/3li714o7gmrb,6922ec99d781e37,1024,0/0
/spttest/kni87diu9m9a,25b99d6e46aeceee,1024,0/0
/spttest/8fgntodem2k8,f65c3cf2c6e9878,1024,0/0
/spttest/gpgzcdf4lwy3,1e84afdef6578a0b,1024,0/0
/spttest/799lvh3xkucy,d41ab720caf53b2,1024,0/0
/spttest/9g3suda92dm9,1141ba663d7a1271,1024,0/0
/spttest/uuchccch5mkb,38569be328b8227b,1024,0/0
/spttest/3utrgmgbyydz,70b42919abb6d97,1024,0/0
/spttest/3oikxtakc1bc,6b94a3e0d3a9da8,1024,0/0
/spttest/hw0hqlfpy35o,20ad46d91778697c,1024,0/0
/spttest/blw4cglgs2mt,15341efdd04d8055,1024,0/0
/spttest/xhv8bv8kqp2,1b317dd7e105826,1024,0/0
/spttest/e9ly44h3428s,1a0f6bf75bafeb5c,1024,0/0
/spttest/ncje1b0h5yz1,2aa5fea9f785e14d,1024,0/0
/spttest/3dmta17ao5mn,62bef49dcbe887f,1024,0/0
/spttest/gh3lby4mynjg,1e17f1142574f1ac,1024,0/0
/spttest/ogmlqlp85zso,2caeb9cd22972078,1024,0/0
/spttest/fjgd3oxl8fm2,1c62ea05ba109a0a,1024,0/0
/spttest/5nypeq3rhvg3,a5958d49ef0c073,1024,0/0
/spttest/kpo6zidtmpgl,25d5bf0700199b65,1024,0/0
/spttest/24jjols6hrrh,3e23d02fb51accd,1024,0/0
/spttest/lslld575dxrh,27cf63d3e9121d2d,1024,0/0
/spttest/ugva3hxl6rrl,37a78ab2e7befb11,1024,0/0
/spttest/x56hqcs5kfb0,3c8a8efc32b8df7c,1024,0/0
/spttest/o806ftqi0n9c,2c3eb8642b32ffc0,1024,0/0
/spttest/njy4w5t793ef,2b063d86a57dc477,1024,0/0
/spttest/lcavkpckpgs0,26fbb1ddb69ef530,1024,0/0
/spttest/ts0mu2380v4g,3664bdcddfbd3190,1024,0/0
/spttest/1qumec3rdvv7,330626efe580993,1024,0/0
/spttest/qi5n4npwkq31,3069d01b572b550d,1024,0/0
/spttest/gidvcb0s6aw2,1e28a3b38345c8a2,1024,0/0
/spttest/9y3r10f5a3nx,122b845cc51c320d,1024,0/0
/spttest/wbbag0zr4noc,3b069c6d8b85b7dc,1024,0/0
/spttest/1ddiqomjh40m,2815a73ef2f3996,1024,0/0
/spttest/iqbc9si7whxl,2236de92f41811c9,1024,0/0
/spttest/4yssli4digqd,9127b621f9b4235,1024,0/0
/spttest/xljaimw3qvi0,3d5f015e8c8664f8,1024,0/0
/spttest/qfmsmb7nfm2c,304908af0c864074,1024,0/0
/spttest/x78y0113sgoa,3ca56bfa232cda6a,1024,0/0
/spttest/wy6xxefq4gcm,3c2fcbbe261f41c6,1024,0/0
/spttest/5tqum5lgg5is,aa472c8927fd3f4,1024,0/0
/spttest/le5qg7p4hche,2713d163ad185172,1024,0/0
/spttest/odc8cz0wvg1,13c8e557d829331,1024,0/0
/spttest/qr5r5jhdcyqp,30dec1be4edfbbe1,1024,0/0
/spttest/s4ew0fmwdlj0,335e871a3011d63c,1024,0/0
/spttest/stip1sggls88,34a4a22132c8d228,1024,0/0
/spttest/u2d7i7xcyqbj,36eb2bd4035059bf,1024,0/0
/spttest/pf5g08y7x71k,2e6f28d1cb4150e8,1024,0/0
/spttest/pyxtuzrpvfyf,2f70328dfb721787,1024,0/0
/spttest/w6tcdvig0jmr,3acc2dc034662b63,1024,0/0
/spttest/o3fk8ib6glc2,2c035307de0bc202,1024,0/0
/spttest/8onnxc2jikr1,fdd31f55157748d,1024,0/0
/spttest/ktfrzz95bbpq,2606aaa7ab40e90e,1024,0/0
/spttest/fcwgp94x4rex,1c0dcc59e83784c9,1024,0/0
/spttest/f76w03bki5d0,1bc39fc0a317bba4,1024,0/0
/spttest/i955j4orlyam,2157d1b48ac6fbde,1024,0/0
/spttest/my7xp9wxoipv,29ec031beb1c85c3,1024,0/0
/spttest/fl4g2uhvgwem,1c7897c1073bcb0e,1024,0/0
/spttest/lzqmfptybc4m,282c21371c505826,1024,0/0
/spttest/gb62rm1gouy7,1dcae702722c86af,1024,0/0
/spttest/fj3vc8jo54s7,1c5e680741836b77,1024,0/0
/spttest/kp48khp4aqlp,25ce8bb93fbd3d2d,1024,0/0
/spttest/w5m907hkobim,3abca13eb341384e,1024,0/0
/spttest/sla79g445wlf,3439a77dd4158843,1024,0/0
/spttest/utlk4pnmk8ke,384ce5192ba08a5e,1024,0/0
/spttest/ikt5hx08oztm,21ef5c47d65b235a,1024,0/0
/spttest/iu5extk0w86y,2268b03c5518d17a,1024,0/0
/spttest/p5ef83bgnt73,2df0818f43d63f8f,1024,0/0
/spttest/vr6a357ww9a6,3a010488afada2fe,1024,0/0
/spttest/efhvcphteedl,1a5be2f2b5fcf149,1024,0/0
/spttest/2ni6vd2h67j8,4d88ba5d188f4a4,1024,0/0
/spttest/sr8fur5eogqr,3486f4571a4e9cc3,1024,0/0
/spttest/vax599smcaxf,392de4b846f75853,1024,0/0
/spttest/cb5msxfrqmo3,167c4914eac09c43,1024,0/0
/spttest/5uzd7buqmjk9,ab482adeb6c0e89,1024,0/0
/spttest/80rbhdw19j6c,ea6c557f381fa54,1024,0/0
/spttest/ginhlgq31i1j,1e2c1c1d8adbdc97,1024,0/0
/spttest/v5jljiayn0ym,38e80f101a810e9e,1024,0/0
/spttest/1dte1qqdu6yz,287144dd20f33cb,1024,0/0
/spttest/rphb04xoc8oo,329c8f7412da32f8,1024,0/0
/spttest/geaudivyazdq,1df3971733c76f9e,1024,0/0
/spttest/7tp5gc2372pd,e4b105721b8f471,1024,0/0
/spttest/6wg9ydrmx82g,c9b371a7edc1918,1024,0/0
/spttest/a6mcuu58cwmz,129a250d424ecc3b,1024,0/0
/spttest/y13u1gjdks3z,3e2941ad373f644f,1024,0/0
/spttest/5whqlfr7errd,ac820ecd9b86709,1024,0/0
/spttest/hv0j4rj23545,20a04d2abc525aa5,1024,0/0
/spttest/ki6500ddtgdj,25744e8183797927,1024,0/0
/spttest/fztzcpt385am,1d37a801f4d1d3ce,1024,0/0
/spttest/iy5pshsnragp,229cc11b48f6e4b9,1024,0/0
/spttest/rl9wfx15f2ef,3265ee7c9a4052e7,1024,0/0
/spttest/gs78lv0wwt3l,1ea823ba216dab51,1024,0/0
/spttest/4tx1cfzuv9m8,8d31104de8d7c70,1024,0/0
/spttest/9kd9djyq7ft7,11791929113dddcb,1024,0/0
/spttest/qczq09e7wjux,3026baff62bd1b89,1024,0/0
/spttest/ngilkmvhi60u,2ad9aaa926dfdbfe,1024,0/0
/spttest/xzfitsks7m24,3e137ecfe618d76c,1024,0/0
/spttest/kceu9wa73vpm,252982c2bdc8d24a,1024,0/0
/spttest/aqt3kistu3fj,13a05cefd5a9b9df,1024,0/0
/spttest/n3muuvcfxv38,2a32579e26acaaa4,1024,0/0
/spttest/2nt7rxo8hprp,4dc86051735d4b5,1024,0/0
/spttest/w3u248mg6pa6,3aa5780116446d7e,1024,0/0
/spttest/nohgdd42s09t,2b412affcb62d261,1024,0/0
/spttest/ym9rz9406f39,3f3c2cfd148871e5,1024,0/0
/spttest/bdlupgm48ydx,14c880861f7e3c15,1024,0/0
/spttest/yss9y4dpb3yx,3f90c942c55cb5d9,1024,0/0
/spttest/mqudyc25eoqb,298c32dad3de21b3,1024,0/0
/spttest/1ms1c08zxy5p,2fb7e9f67aa4e2d,1024,0/0
/spttest/nj7tj7hui8un,2afcbece0953ef4f,1024,0/0
/spttest/ge2xis37xfv4,1df0bc3774aa6190,1024,0/0
/spttest/yjq6j75i84on,3f1b2073ec6e7fb7,1024,0/0
/spttest/ldlclnozp8g0,270c767dd6880a00,1024,0/0
/spttest/io59zftdm49r,221ab3fb5173301f,1024,0/0
/spttest/sc9ubstyn3bo,33c49efe5410e694,1024,0/0
/spttest/opmv1lhw83z0,2d23b8fcce905a1c,1024,0/0
/spttest/oln0tprx6geg,2cefd2cb2a037588,1024,0/0
/spttest/dqxfterthvmq,191cc58f3f366362,1024,0/0
/spttest/li9dta3ps0q2,2749177720f977aa,1024,0/0
/spttest/sd1c34mbc4xi,33ce8a808503a6f6,1024,0/0
/spttest/9ph4r0ih83ht,11bb710c2341bcb1,1024,0/0
/spttest/fl9he72k3l0o,1c7a68f84b3e5928,1024,0/0
/spttest/29lyrpkdfokg,4240ebd672c7720,1024,0/0
/spttest/sm2tyb7nhnhq,3443fc058b53b42e,1024,0/0
/spttest/bhe313mz3q3e,14f9a7f5f37431da,1024,0/0
/spttest/6tu5pdyjeqb8,c794195a1b047b4,1024,0/0
/spttest/p4l5f14g8j49,2de5f1b7a18882c9,1024,0/0
/spttest/b1vgemv0v5df,1430186ed79ee8f3,1024,0/0
/spttest/u3h4g7rf2o8b,36f992b7b807122b,1024,0/0
/spttest/h1uynaxz35o1,1f259a52060ac671,1024,0/0
/spttest/1qw3vmc1lhcg,330eba6eae0bc10,1024,0/0
/spttest/51lg5ldg2dfq,936cca707cda486,1024,0/0
/spttest/zfb8hq4j2mas,40b5642bcfc14064,1024,0/0
/spttest/kdkgk43gw2u4,25388708ba8a125c,1024,0/0
/spttest/uc80fapfxf7f,376b3062ad8e9e3b,1024,0/0
/spttest/t8i67ag8q7mr,3567489f69e25123,1024,0/0
/spttest/6sqyiosdxeeh,c6b1cc8fb62e429,1024,0/0
/spttest/xtytpdlfblv9,3dcc862d5dd53675,1024,0/0
/spttest/x0w2lzrtp21w,3c52d77a6ae4cfa4,1024,0/0
/spttest/fxgfn8qk9eaw,1d18ca243b8b2ca8,1024,0/0
/spttest/ytn6tdhfpkqo,3f9bf0a401ca9840,1024,0/0
/spttest/jhe10tjg8ew2,23968cbf58c80962,1024,0/0
/spttest/6riu9ddi36gr,c5b31a7bd83f97b,1024,0/0
/spttest/6hirvd94bgzk,bd946f5546f02c0,1024,0/0
/spttest/wt5q3nklwcxq,3bee6902a4293e7e,1024,0/0
/spttest/gigtsgaezpuu,1e29b4d33d87a3a6,1024,0/0
/spttest/ynxi2s32h7ni,3f51b9ad3ad7aefe,1024,0/0
/spttest/dhpmhui6y0cb,18a50c707e21a43b,1024,0/0
/spttest/26ckuvawrvul,3f9b3f5ad24d1fd,1024,0/0
/spttest/bbrckma98oa8,14b081b0cf079df0,1024,0/0
/spttest/rw58ld84ve9c,32f321a5babd0df0,1024,0/0
/spttest/4ijxut55wbq0,83f75742079ac58,1024,0/0
/spttest/hnobyi9tbbjk,2040f98b622db030,1024,0/0
/spttest/24y4mrw44frb,3e77feb068a5cc7,1024,0/0
/spttest/cl33zvyp1fz7,16fd44a89a103823,1024,0/0
/spttest/nd21kykotpm,12f76efb02d886a,1024,0/0
/spttest/9h2ktlb4gd1t,114e46b4c99cc611,1024,0/0
/spttest/1z9oh9kyzlzg,39dbb59f7db5c0c,1024,0/0
/spttest/g3m0gdc1emom,1d68bcea30438b56,1024,0/0
/spttest/wk19ogb04uaz,3b77e6173c1c7e6b,1024,0/0
/spttest/f8xu50z5oc5m,1bda562c028f248a,1024,0/0
/spttest/wu36i6hkm6o3,3bfa7b4008422343,1024,0/0
/spttest/gvl4zj79lh7c,1ed41f5d29a95f58,1024,0/0
/spttest/nae7w17qkoib,2a8a2689ee899f13,1024,0/0
/spttest/zgsbru6yq6xw,40c88c1b2a697fa4,1024,0/0
/spttest/3l73fxgzjwwu,68e2d8750af405e,1024,0/0
/spttest/q6y873kcwbdp,2fd8416468604d9d,1024,0/0
/spttest/tkdvuw3krltc,36019bb06104a730,1024,0/0
/spttest/2zmn9imcv8cn,576064347724007,1024,0/0
/spttest/2oalw6qa57ao,4e2cc8106b80630,1024,0/0
/spttest/fucipc69w0va,1cf068bebd284d66,1024,0/0
/spttest/zhtpomwf134k,40d6096c7f541514,1024,0/0
/spttest/letetj5789ts,271c5c630fdbeec0,1024,0/0
/spttest/fore429tdtlf,1ca7d6f2e9f1f813,1024,0/0
/spttest/a7yrcrqa1z6e,12ab9bed30db0a56,1024,0/0
/spttest/gnagklpqcxc9,1e685afc16aee1c9,1024,0/0
/spttest/g5fizp1swhz1,1d8060697b88b2fd,1024,0/0
/spttest/rua37wu8o2hu,32dae72feebe22a2,1024,0/0
/spttest/dmzqlx52klo1,18e9a4f57d4970b1,1024,0/0
/spttest/efnss0weuzn6,1a5e068d45e85df2,1024,0/0
/spttest/b4dhmnxa382p,145094b67e5aa9a1,1024,0/0
/spttest/ab0n2i00mflf,12d3417026429873,1024,0/0
/spttest/gc9nw512zc5y,1dd92f933e455e56,1024,0/0
/spttest/7u5b6k7co7h5,e50e4ee2bc103d9,1024,0/0
/spttest/xb0doru5xm3i,3cd649f0b0f0fb1e,1024,0/0
/spttest/an7fa3ovvxs0,1371931cb3574bc0,1024,0/0
/spttest/waqrnyrilpwy,3aff34e100a6f472,1024,0/0
/spttest/plrsptutn26r,2ec52912e5e7efd3,1024,0/0
/spttest/sx2tbkxjktej,34d2dc39c613e8db,1024,0/0
/spttest/jk78pm2x4urp,23bb11aadeaa1dc5,1024,0/0
/spttest/u78j06makg60,372a6dc648b650d8,1024,0/0
/spttest/qsmu9khld2al,30f1e93ea31be5dd,1024,0/0
/spttest/qbg5v3jpqlgp,3012af0f85e9c429,1024,0/0
/spttest/qeowqhabfs69,303cceb94a521f61,1024,0/0
/spttest/4lf5es9aikve,864b2c44b3b882a,1024,0/0
/spttest/fkcbohlna0d8,1c6e722821051b5c,1024,0/0
/spttest/lv48cublluqq,27f017f60b65afe2,1024,0/0
/spttest/qdqv0116bm03,303085c0a4d2be23,1024,0/0
/spttest/5oxi2cn2vsn5,a65e6e06ad5e0c1,1024,0/0
/spttest/7b66lq5i757a,d5a69ac33487c16,1024,0/0
/spttest/4zzdksppindq,921d8ae3f53c3de,1024,0/0
/spttest/owcer4ru7ol8,2d7ae04dc800a23c,1024,0/0
/spttest/lh8i6begz58n,273bc90859953d47,1024,0/0
/spttest/jffm2d74j8cy,237d249809810112,1024,0/0
/spttest/3k58bfneqqsr,680840b3dd9442b,1024,0/0
/spttest/3ii5fdspladd,66b32e6d3e060c1,1024,0/0
/spttest/7uvl0eg67dpg,e5a5fb9360d2724,1024,0/0
/spttest/olwwd5c3cf4n,2cf363083689fa97,1024,0/0
/spttest/nui1ztdaobi7,2b8f52056e5c7e3f,1024,0/0
/spttest/lbsb5yp1l1xu,26f4fedf16a50212,1024,0/0
/spttest/6k626zuubqwi,bfba86d8d9722f2,1024,0/0
/spttest/oc5dkevtdnrh,2c748d8bff3bb28d,1024,0/0
/spttest/i5l0drssi9ar,2129955c01f87b93,1024,0/0
/spttest/2upav0mnuy2b,5360942d40556f3,1024,0/0
/spttest/hmlrmq29j2a1,20330f654e19a349,1024,0/0
/spttest/whu90o40arjx,3b5b634df5ecb9fd,1024,0/0
/spttest/2dwr9xmx9zgy,45be8970cbb44d2,1024,0/0
/spttest/wa1hy5tm42me,3af616bde0102046,1024,0/0
/spttest/83vbcemdv66w,ecf2e3b57e25618,1024,0/0
/spttest/vpiad4mjvzcx,39eb5f26a2ef4fc1,1024,0/0
/spttest/35x2c5dsa6rk,5c7b828f50b80c0,1024,0/0
/spttest/79sod75ca2xn,d488cd63c1a9d5b,1024,0/0
/spttest/9yz5ewn27ynq,1236d8b06fb82936,1024,0/0
/spttest/916yvkgonsv9,1080082222c349e5,1024,0/0
/spttest/55i0lc5ms7lh,96984a4ea951f75,1024,0/0
/spttest/cgb553bmdkx8,16bf3841f247fd2c,1024,0/0
/spttest/j288ez1nsv9,f799bd8e33dee5,1024,0/0
/spttest/r7szytr9ln1,16186ea32ca44cd,1024,0/0
/spttest/gm72wbveckh5,1e5a2589be054ca9,1024,0/0
/spttest/d3waetj5a9r1,17f19a6af147f0dd,1024,0/0
/spttest/8ktmrao14ha9,fab6425056d9181,1024,0/0
/spttest/bfi75i88c6eu,14e1297f53703376,1024,0/0
/spttest/wox13p7ty7ib,3bb750e566e26383,1024,0/0
/spttest/rn6jdepfdek7,327eb25c873b1df7,1024,0/0
/spttest/dnv4ymxp6i0g,18f4f933a7745db0,1024,0/0
/spttest/mpsmvu1q80y1,297e93c6831e54c9,1024,0/0
/spttest/snmd4yad6e7a,3458057f8b0a4266,1024,0/0
/spttest/577ulbb38thk,97fd4142fb32648,1024,0/0
/spttest/i78sivkcovds,213f274a9f4980e0,1024,0/0
/spttest/biwoa52n0ekq,150d5a5f2164d8ca,1024,0/0
/spttest/71lihattf8wv,cde0d1a5d058bdf,1024,0/0
/spttest/7iz4w0f9fnbi,dbfc8c0129968ce,1024,0/0
/spttest/6wz67xys79mr,ca20884b6036083,1024,0/0
/spttest/ht4f199s4tqa,2087b99d04459f82,1024,0/0
/spttest/qtc2d6j1k43w,30fb033c05e7becc,1024,0/0
/spttest/i8uyeu0knsgn,215423c19076e3d7,1024,0/0
/spttest/hxh44wmgijc5,20c04376be045a65,1024,0/0
/spttest/83sgt2lo2urq,ece2724d1f3f446,1024,0/0
/spttest/7amur3tqfnb1,d53704522ee01bd,1024,0/0
/spttest/dk2zi0hoa21p,18c3d91b69fea4dd,1024,0/0
/spttest/xe0msry6rsn0,3cfd5916776307bc,1024,0/0
/spttest/1mfwj3gmx5fy,2f71de14e8d9fce,1024,0/0
/spttest/9jnu3h2vj0uc,116fecbfc8f22204,1024,0/0
/spttest/8rt4r2qixlp1,100622bded50c615,1024,0/0
/spttest/wuqtlge9mbyp,3c0302f7577cc711,1024,0/0
/spttest/5v122mb4tbwc,ab51edb481e517c,1024,0/0
/spttest/xvrjt5au17pr,3de3e0b94ac3b34f,1024,0/0
/spttest/sejtuqy1ahmq,33e233f9580700c2,1024,0/0
/spttest/ukykb7u6mqq2,37dcaf09dd2b5eca,1024,0/0
/spttest/33c7fxr8dgd6,5a637032933b81a,1024,0/0
/spttest/2coae1eu4e4s,44bdd0fc489868c,1024,0/0
/spttest/szaygnvsapx,1787030e5bee045,1024,0/0
/spttest/py79derbgb3s,2f669c6951d5f338,1024,0/0
/spttest/ui2dn6c7gev2,37b717a213a5e63e,1024,0/0
/spttest/1u9dk7tf52sz,35cad0df2501073,1024,0/0
/spttest/dawmdk8t0ljr,184ca5ea23e94a17,1024,0/0
/spttest/r2fvv3nodn4e,31714b55b0577a4e,1024,0/0
/spttest/5qj20fyac9oh,a7aab0bd0d2be01,1024,0/0
/spttest/k8bivk7fxldi,24f45b623b47d576,1024,0/0
/spttest/jahd2ayald71,233cd3f341dd680d,1024,0/0
/spttest/x4d4c29hnquj,3c7ff5eeaa757cab,1024,0/0
/spttest/tmzpbscrh47u,3623758c28575a9a,1024,0/0
/spttest/1884y0ybz6cq,23e76ee2a253dea,1024,0/0
/spttest/ho81sf1u3f6b,204816d1453fe193,1024,0/0
/spttest/elh217vgfd92,1aa98743082c8cd6,1024,0/0
/spttest/ih3zjhxavi5w,21bf5005b813abb4,1024,0/0
/spttest/r4lxz9i2vsyi,318d757c6198be5a,1024,0/0
/spttest/x0wjzy209m1z,3c5304174791ffe7,1024,0/0
/spttest/ajkv9x9zixvm,134277e985ce9302,1024,0/0
/spttest/54ml45pankph,95e2d847c4c6695,1024,0/0
/spttest/k57dkcg16rtg,24cbe48324b37354,1024,0/0
/spttest/wm4gt7x54dj,1a7a3c72d30b267,1024,0/0
/spttest/a6w2wv1b9beb,129da7387e8820f3,1024,0/0
/spttest/9lks78rvog3w,1188cd4b8303728c,1024,0/0
/spttest/ucs9o69v9220,37727f799c5a15a8,1024,0/0
/spttest/ekh8kzvkjmqn,1a9c9acf367099df,1024,0/0
/spttest/rzd8lpvpyfb8,331cfc637902e704,1024,0/0
/spttest/3l13c8y7j643,68c030e87a554b3,1024,0/0
/spttest/a643apzkr7ef,12938de5cfc26e37,1024,0/0
/spttest/5wpw9v7p3vs2,acb1270f19528a2,1024,0/0
/spttest/57s7vrl5mtdk,9872d8b39b74738,1024,0/0
/spttest/u1mw8zmjt6hg,36e1ad5f531f0114,1024,0/0
/spttest/6jnp8o9mup6b,bf5089060d9f4f3,1024,0/0
/spttest/yq4oj9j1tiz,1c310509f2832bb,1024,0/0
/spttest/417sxqgkk6pr,75e430cc4ef12ff,1024,0/0
/spttest/ukfa65mehmai,37d5ba05f914411a,1024,0/0
/spttest/5u9j0r16zh1e,aab3007eaab5b02,1024,0/0
/spttest/88ojsut3m3kx,f0dafa2ed4712a1,1024,0/0
/spttest/6vgl5e2sebq1,c8e5691e5dc36d9,1024,0/0
/spttest/n22o9cqqkt2s,2a1e12116562d234,1024,0/0
/spttest/tckxhl8axjuz,359c3c65778cdccb,1024,0/0
/spttest/5cy6l0badhkh,9ca46b457383031,1024,0/0
/spttest/bfxe63wgmbwz,14e6a5063f5325d3,1024,0/0
/spttest/np7yb05yfj3r,2b4aba96e5f26477,1024,0/0
/spttest/gzpny5d1vcgk,1f09b683d9d515d4,1024,0/0
/spttest/uumq627kk40g,385a4e36d10f0150,1024,0/0
/spttest/cby58zn4vdhm,168692b8a92fc60a,1024,0/0
/spttest/6l5tgpup95yf,c088f4918140767,1024,0/0
/spttest/cjcfc3bzdcci,16e6a68d8486bec2,1024,0/0
/spttest/3nds9h82o5oi,6aa91efb1b9e4c2,1024,0/0
/spttest/q35yvjpapq3s,2fa71765574a8e68,1024,0/0
/spttest/6o19k6654vci,c2de2835f67d4b2,1024,0/0
/spttest/kuoz2oxj3pzn,2616f96136a1bd53,1024,0/0
/spttest/bipxc65n9guv,150aeb07d903c897,1024,0/0
/spttest/ni1j3noxzzaw,2aed7c929082ee78,1024,0/0
/spttest/s2syjhducyy9,3349a03bc1c53df1,1024,0/0
/spttest/t8ehp0ouvg02,3565f4a30e53e0c2,1024,0/0
/spttest/73g28h4wbgqf,cf61017fdfae977,1024,0/0
/spttest/58xmdm2wsflm,9961dd5b32c45fa,1024,0/0
/spttest/xfwo7a9gw5y7,3d15e5ba64731a1f,1024,0/0
/spttest/9jeqgeqzfz42,116ca4180099ea82,1024,0/0
/spttest/q6aw9azfakh0,2fcfd64a5b5b4124,1024,0/0
/spttest/pyszx4y94nls,2f6e7442cb494180,1024,0/0
/spttest/nxq4x00pakg3,2bb9343beaaa7f03,1024,0/0
/spttest/gu2c5e0eyvi5,1ec0597d097dc1fd,1024,0/0
/spttest/llq4vup2y0l1,27761a963fef1d75,1024,0/0
/spttest/pk3xuyaqjfor,2eaf902c606b382b,1024,0/0
/spttest/kbygeo2zt5jy,25239949b8640c5e,1024,0/0
/spttest/rpwz295p50mh,32a236b4efb08f69,1024,0/0
/spttest/cazk908nihcj,167a18521f9fff53,1024,0/0
/spttest/hpi1bitjf262,2058ae8d6e0b1fba,1024,0/0
/spttest/9i5tcxu22mrt,115c6ef90fd169c9,1024,0/0
/spttest/msqpiyrmkm03,29a4d996dcd36e63,1024,0/0
/spttest/9os2ux2idy5g,11b266fcf0eb1824,1024,0/0
/spttest/xiid4wslp4ry,3d37b3f336a6096e,1024,0/0
/spttest/olbrbvprqyw7,2cebc2613747e227,1024,0/0
/spttest/n6y6znieyn90,2a5d6691a35a3034,1024,0/0
/spttest/sr2xh92hq9s8,3484f75a42ce7d08,1024,0/0
/spttest/j6a6m11rse4a,230647ca7b49657a,1024,0/0
/spttest/xg71m1o4ceyu,3d19a3d15a444ac6,1024,0/0
/spttest/sj11hjo2fybh,341c5ed8ac436d7d,1024,0/0
/spttest/haezhjnpvaqj,1f94bde4fe272d1b,1024,0/0
/spttest/n9osmv42wtbp,2a80fa3143bd9e75,1024,0/0
/spttest/d7a3i14dilwr,181d8d9c96ff8c6b,1024,0/0
/spttest/anw1expej5fq,137a74bde0080446,1024,0/0
/spttest/dbj29m3al4lv,1854bec97d38e093,1024,0/0
/spttest/p99vd3zly8l5,2e22d227d3d070f9,1024,0/0
/spttest/mk61vlke7v0n,29357b7dfff046c7,1024,0/0
/spttest/ub9q6iv25f6n,375ed19502a39a1f,1024,0/0
/spttest/v1283n09w79g,38add54a24e2c5c4,1024,0/0
/spttest/pldm559ste9m,2ec00b0cb35edd7a,1024,0/0
/spttest/70yc3o5kzu41,cd5b0446c378b31,1024,0/0
/spttest/27vc1zjesvj4,40d75a0d44af8a0,1024,0/0
/spttest/1xzrjutxm6v,19412cc2545397,1024,0/0
/spttest/wqsa9mbwsvyr,3bcf951513435cd3,1024,0/0
/spttest/8lceqyfx3zr0,fb22a973ae0d4bc,1024,0/0
/spttest/tov2uv9xbhoj,363bc4ef54922343,1024,0/0
/spttest/cgp1iffdskqe,16c43c19b10890f6,1024,0/0
/spttest/t3yet37yozx5,352c324f95e419d9,1024,0/0
/spttest/74sei73m1fr4,d0781406a5cb800,1024,0/0
/spttest/sepmcb3h7y0q,33e44ae8a023f4fa,1024,0/0
/spttest/x05fs0qsdeu0,3c493b52059dd058,1024,0/0
/spttest/tvfd7mkdywb9,369106684192f515,1024,0/0
/spttest/5kj374lntlv,485aa0575ceaa3,1024,0/0
/spttest/8zgwe4r9ujt0,1069a2ed92ff74c4,1024,0/0
/spttest/p3n8vmrvbpwc,2dd9b613df7b42dc,1024,0/0
/spttest/bsc24yrvezlv,1587cec209ff96c3,1024,0/0
/spttest/9o4gx8218l9x,11a9e23c4a53c6b5,1024,0/0
/spttest/sk3aj9qbmi5p,342a2c0df54ae86d,1024,0/0
/spttest/ah663duhn9zd,13232fa1f4200b49,1024,0/0
/spttest/lls47xus2sr7,2776d19e7f27a213,1024,0/0
/spttest/g3kqiuuv10f2,1d684710e1d8cf5e,1024,0/0
/spttest/4hngaddtpvlb,833bc984a924d2f,1024,0/0
/spttest/m7qjizyfldph,289403ce3d441fa5,1024,0/0
/spttest/1g9w13u2w3yk,2a702d91e28c60c,1024,0/0
/spttest/y26nuddtpvt8,3e37442362e24e4c,1024,0/0
/spttest/hh0zynp7hq35,1fea9ec17ebbf951,1024,0/0
/spttest/1gnwe0urqn0a,2ac10ec94a9a9fa,1024,0/0
/spttest/ahmpnwxwxsj3,132927bcd71612af,1024,0/0
/spttest/81c87nrmmbk0,eae50afa6993600,1024,0/0
/spttest/8dex0r62cxi7,f4b2827e42bfe9f,1024,0/0
/spttest/7cv5xo4omaoc,d706a6bc192478c,1024,0/0
/spttest/zc9ngiqf61hk,408dda10b9278408,1024,0/0
/spttest/nnjwwf48go7o,2b3510e3bf396694,1024,0/0
/spttest/wwmsv92xepp,1ab6e80fd42bebd,1024,0/0
/spttest/t148f3mjjca1,3507545bc269bfe9,1024,0/0
/spttest/d11bdhr3l5z8,17cc72f5bfe39084,1024,0/0
/spttest/i71pirohum0c,213c99023d7d0bec,1024,0/0
/spttest/ch0h9u0xp3g8,16c85c974df4beb8,1024,0/0
/spttest/vm6r4jg3uweg,39c03df7d2875288,1024,0/0
/spttest/68fp0sbg5x0l,b63433b5a9e1265,1024,0/0
/spttest/9oymlvqp0h7q,11b4c3de7eb1e826,1024,0/0
/spttest/rhk8jac2zvly,3235b42bfb29dcc6,1024,0/0
/spttest/wwdom3n83pek,3c183fe8daf7175c,1024,0/0
/spttest/pm6r23tkirf7,2eca8e5743df3353,1024,0/0
/spttest/d8psjj21vj9n,183034a4b8724c4b,1024,0/0
/spttest/2rypya6jzdkm,512778647ec1a76,1024,0/0
/spttest/bxkab22qx1gq,15cbb8f2b01c07aa,1024,0/0
/spttest/6jvh834c1cvw,bf7d6f1182b437c,1024,0/0
/spttest/td6di2kzeewx,35a3f93762f3b601,1024,0/0
/spttest/lqmqp0tn8m0p,27b5d35bab1e6c79,1024,0/0
/spttest/xn0dszcfqg4l,3d722952273e2325,1024,0/0
/spttest/ixsnt0a431c7,22980b3975f75587,1024,0/0
/spttest/gwc9iocjmju5,1edde8ef17b9b0ed,1024,0/0
/spttest/qpxrg0uacgvq,30cee249ad9b6276,1024,0/0
/spttest/e2eap9b6kt5a,19b1bc84d5db728e,1024,0/0
/spttest/f43m0q2chwzn,1b9b7943c6df3543,1024,0/0
/spttest/7kyi5v0lcj1j,dd988f3e4f75067,1024,0/0
/spttest/myvd9sxyaack,29f477874c5cd8e4,1024,0/0
/spttest/3tywwnuoy5nb,700212013091117,1024,0/0
/spttest/ahenuik1t3l3,132640216d1cc867,1024,0/0
/spttest/krzauu0bx8nk,25f3bb8571c6f510,1024,0/0
/spttest/aalas5hkyx7,85b6e64fb912cb,1024,0/0
/spttest/dfi4mtpho5ab,18885d84d85935c3,1024,0/0
/spttest/ifn2lv8352jh,21ac385f28b1cf1d,1024,0/0
/spttest/mizspsji7aef,29263c85268eae67,1024,0/0
/spttest/v2spphnify02,38c4614bdf4ab7e2,1024,0/0
/spttest/5mjyo32qy6sx,a4709cf32e928f1,1024,0/0
/spttest/pxurxgx2iczj,2f621b3cf329b83f,1024,0/0
/spttest/5b8q8aqqg624,9b41a48816d24ac,1024,0/0
/spttest/508ljw8oony9,9252c74f2638741,1024,0/0
/spttest/25syjvchkgbz,3f29fbb5e05a0af,1024,0/0
/spttest/nhv8djkjxhu,131334d1ce1c052,1024,0/0
/spttest/gkrtz0hxw0w4,1e47a7db5f753184,1024,0/0
/spttest/3gsocgszup5x,655049cd8a4cde5,1024,0/0
/spttest/u0chxavm93yj,36d0efade2920e4b,1024,0/0
/spttest/5nwo4qg7ro16,a589cd0f599f96a,1024,0/0
/spttest/n1otftd1oly1,2a191233b73d0a19,1024,0/0
/spttest/arspo8vxo2xx,13ad3689be6041e5,1024,0/0
/spttest/bdrvqyb5ecyj,14caad67cc5d0a1b,1024,0/0
/spttest/wawjpochd6gj,3b014aaf1b8d82f3,1024,0/0
/spttest/xnslvrquwwog,3d7c585b53d26370,1024,0/0
/spttest/bvkpzlmt20ia,15b1e6aba91ad412,1024,0/0
/spttest/s6bt4ovvzzis,3377651df8997994,1024,0/0
/spttest/ikrm3sbgwuby,21eece27c6f8fd8e,1024,0/0
/spttest/5corfsviyhfr,9c6e0884cc63ac7,1024,0/0
/spttest/n04wxfxk7t1u,2a04e688ba3d76d2,1024,0/0
/spttest/4ln5qb1racnq,8679688adef2d96,1024,0/0
/spttest/auptpkff200c,13d3238f8f73f78c,1024,0/0
/spttest/z2figtgufz0y,400e12e659cd4d12,1024,0/0
/spttest/6vh1oyjd7mmj,c8e81046317e74b,1024,0/0
/spttest/pyc5hwzfvjn9,2f68604f86b49035,1024,0/0
/spttest/7ai5m5zpz1n2,d51be4ce7bfe80e,1024,0/0
/spttest/tn1dr9nd3g3s,362410990e7dad48,1024,0/0
/spttest/s8otfd9ggznh,3396112dbd0c7c7d,1024,0/0
/spttest/rmpopd7ziry1,32789dc855ececf9,1024,0/0
/spttest/3r4m6j22xbaa,6db380b4d79f162,1024,0/0
/spttest/w7v1fxaenao4,3ad9c7aa9c359bc4,1024,0/0
/spttest/x0olihsdg4hv,3c502508618827c3,1024,0/0
/spttest/u7japb81fs7r,372e50862909ed97,1024,0/0
/spttest/a16dhd80u1fv,12536e7b651592cb,1024,0/0
/spttest/cx6byq0hdx28,179a4d498d5cb9a0,1024,0/0
/spttest/82xk64ydsbjm,ec3005b5af4de72,1024,0/0
/spttest/g3twmy16eryi,1d6b9610f31c8f0a,1024,0/0
/spttest/lzmll7w962ai,282aad9192912a1a,1024,0/0
/spttest/wmfiq598yujw,3b9704f8ebb16b2c,1024,0/0
/spttest/auoem0fsyvvu,13d2a073cf5d8dea,1024,0/0
/spttest/v4xcmsnwo6dq,38e0081a94d9524e,1024,0/0
/spttest/xqpp08em3rrs,3da24309a260fd58,1024,0/0
/spttest/m1sst4ucukti,2846e4d0f12e08e6,1024,0/0
/spttest/l10inrbdzfr0,26691338dd0be37c,1024,0/0
/spttest/b9tyyb4s96r8,149779562ffee674,1024,0/0
/spttest/jzr38teekft7,248511db7200230b,1024,0/0
/spttest/grpeceu9n100,1ea1b3d1e6b625d0,1024,0/0
/spttest/osoaak0w4k0i,2d4b3440527d1e52,1024,0/0
/spttest/80y4jy69bwvm,ea93a24ba39dc32,1024,0/0
/spttest/c4je35h0gosf,162653139920d57f,1024,0/0
/spttest/qtvihoktb6gu,3102079abcedc27e,1024,0/0
/spttest/dnrtzqha9x0m,18f3c7f3a2ef9d66,1024,0/0
/spttest/pv7b6eawyh8a,2f3fa945e1f673ba,1024,0/0
/spttest/crq3x6hp6nl8,17538079c005f9ec,1024,0/0
/spttest/h75gpd1zbih8,1f6a569e08ffe94c,1024,0/0
/spttest/3cpdrb5cpra8,61fdf50b6428660,1024,0/0
/spttest/xxdlit8fpl2z,3df8d27a112615fb,1024,0/0
/spttest/oewqfq2nm740,2c9867061bf9ec80,1024,0/0
/spttest/5ffsf6u38rg7,9ea9b82b55a77f7,1024,0/0
/spttest/g5glsjwtl9ma,1d80c3f7f3ad10f2,1024,0/0
/spttest/9u6cjfgiaf60,11f87f441e33ad48,1024,0/0
/spttest/omqgj1aeep3i,2cfe0d7248d17c8e,1024,0/0
/spttest/b7dd2ctca1u3,147780c5c1c187cb,1024,0/0
/spttest/ab1wmie2drco,12d3b65318aea5b8,1024,0/0
/spttest/yxbsah4cgmm3,3fcbc8595540827b,1024,0/0
/spttest/vbhmf6v87ej6,3935481ff6764952,1024,0/0
/spttest/ls6kafvim4mw,27c9f78bb1635ef8,1024,0/0
/spttest/jd09yczgri4,fb7d5fdf01023c,1024,0/0
/spttest/5kqrcvt7hlod,a2f831d5fd572fd,1024,0/0
/spttest/esugpxn1slgj,1b094a8753f008a3,1024,0/0
/spttest/7sjpyi85xocl,e3c1d7c26e5de85,1024,0/0
/spttest/27j19xnoa36b,409058d59a15293,1024,0/0
/spttest/913mugya4ap5,107ed42935dba129,1024,0/0
/spttest/yk7k2kfv2hb2,3f216572d8a59f1e,1024,0/0
/spttest/ube9tm5act6i,3760757361183cba,1024,0/0
/spttest/5cv6ft7b2lo4,9c9313ab2e2d134,1024,0/0
/spttest/uz8ww0zf09go,38964496755d0ae8,1024,0/0
/spttest/8o411u0iw92m,fd61c44ec7767ee,1024,0/0
/spttest/jvabd952jcbn,244b0f69a62a0b23,1024,0/0
/spttest/6liwhqxgud4l,c0d47d7eb40b1f5,1024,0/0
/spttest/fqpy2ewlvy86,1cc14bec8c3ad406,1024,0/0
/spttest/rp9zek0n40wg,3299eb1d2cdc1490,1024,0/0
/spttest/o4hjwz3l9kj,1395cac1a4232b3,1024,0/0
/spttest/i09yawb52m2a,20e4a5b04a1d8d32,1024,0/0
/spttest/49p9iaziw8j2,7cc79e1e97cd12e,1024,0/0
/spttest/veajdhkllmhb,3959b17fa712ba0f,1024,0/0
/spttest/lysv6gbyq3up,281ff32078748401,1024,0/0
/spttest/w54mdmw8dya2,3ab644edc55616ca,1024,0/0
/spttest/qw32oxmko2m1,311ebc873240df39,1024,0/0
/spttest/zvjnvdgis3xy,418842af2b5c24f6,1024,0/0
/spttest/9av1fmsbx71f,10fd9ed7e5099ce3,1024,0/0
/spttest/m2jtncjqb9in,2850a4e981b20aef,1024,0/0
/spttest/fneq6cteccme,1c9647db9ae06ce6,1024,0/0
/spttest/k02mzibg14mc,24893c8f67efc9a4,1024,0/0
/spttest/u0m1kw4vg0wl,36d4616cb6a87795,1024,0/0
/spttest/fr3fouz037x2,1cc629ede60b96d6,1024,0/0
/spttest/848icqtx9mk7,ed3f100ed9dcf77,1024,0/0
/spttest/xuny63kfucps,3dd596d6931b8ae0,1024,0/0
/spttest/l83ugvg27j70,26c5336c32b3ceec,1024,0/0
/spttest/c7vx08km7zil,1651cfced173d58d,1024,0/0
/spttest/cpgaf3rb2vbf,1735faf3af08320b,1024,0/0
/spttest/aooa47v9h02,8acbb47c1e7952,1024,0/0
/spttest/j0qugjazzgm3,22be5b546cbcd9db,1024,0/0
/spttest/szecetlsp9cu,34f0ffc54c8f5b9e,1024,0/0
/spttest/5dcsrw9sw8ob,9cf8ccc4a8313eb,1024,0/0
/spttest/n17ft9bz3yhu,2a12ccfaa3a8b062,1024,0/0
/spttest/gvhlq8nq9lxt,1ed2d8d8d2b9ed51,1024,0/0
/spttest/cv0t9v6d2tfh,177e54fa192f367d,1024,0/0
/spttest/6iu646tlntfi,bea60d0bf011dbe,1024,0/0
/spttest/7qt7olu26kkg,e258fc3a51477a0,1024,0/0
/spttest/nizyx3d5ym3r,2af9e9ad6cc48d67,1024,0/0
/spttest/c03fzwxnu3ls,15ec9d0f00d1c8c0,1024,0/0
/spttest/65c8dpyqh516,b3b0ba914aa25ba,1024,0/0
/spttest/gtuasjmjaaqx,1ebd730fb0478fe9,1024,0/0
/spttest/rifvrcej3qx6,32411f2cb49f160a,1024,0/0
/spttest/apfyzbqy2o9p,138ea31e8184615d,1024,0/0
/spttest/sg1gnogusafz,33f58e0005d481df,1024,0/0
/spttest/s40zbg2wizj7,3359826ddb17ac63,1024,0/0
/spttest/ovkz33fdr4i8,2d70fa294ceb0890,1024,0/0
/spttest/p10v84wv9089,2db7a86eda92a869,1024,0/0
/spttest/9yiqdbk0b1g7,1230ec32921d9c17,1024,0/0
/spttest/l5i0zgf85gb2,26a35986e84c45ce,1024,0/0
/spttest/q70utujssuv3,2fd93432867b733f,1024,0/0
/spttest/qvfpn5vhcj6c,31164e93be0e8914,1024,0/0
/spttest/na45g0v3wczo,2a8684957136c8c4,1024,0/0
/spttest/w3lwglybuzx9,3aa2868b958e145d,1024,0/0
/spttest/bj77enwhbdh0,15112720551539f4,1024,0/0
/spttest/h623dlbt0em4,1f5c220fd12d22fc,1024,0/0
/spttest/56khkk6o8i1z,97766334c183d67,1024,0/0
/spttest/czhvaw33i31j,17b87177f82d2ee7,1024,0/0
/spttest/yggmp7zwdpe9,3ef0b67b68a5fdd1,1024,0/0
/spttest/9c3hx1s29ff7,110da95701463853,1024,0/0
/spttest/v80xkpwvadfz,39084ab6551cf18f,1024,0/0
/spttest/n60y3fmsfqwm,2a51679825b199f6,1024,0/0
/spttest/5miz1b0hvlkj,a46ae6224e91ff3,1024,0/0
/spttest/d7868qz3393p,181cdbe938233fd5,1024,0/0
/spttest/tul8jl50rr6s,368627622c600664,1024,0/0
/spttest/t4scy1iq8688,353700945f3f4388,1024,0/0
/spttest/em08ygf8fh93,1ab07405a5452917,1024,0/0
/spttest/vwq0x5lmoxpv,3a4916a9dabe9ab3,1024,0/0
/spttest/dbnhaq74dufw,185656d3823dfb5c,1024,0/0
/spttest/hd7e5oecpcwv,1fb8f85c1195519f,1024,0/0
/spttest/by80la5b2501,15d448db4ed284d1,1024,0/0
/spttest/ekdjo6hphrb4,1a9b45c97889a180,1024,0/0
/spttest/kf4lezlbiqdt,254cc81e8bf26511,1024,0/0
/spttest/7eff5vfab0q3,d84b6b81c1cee6b,1024,0/0
/spttest/qxl9u8qxz9kv,31324ac087ec843f,1024,0/0
/spttest/2pshpzj7b81n,4f63daf205a007b,1024,0/0
/spttest/gg803b2cetyy,1e0c8b2a7663d33a,1024,0/0
/spttest/qlund14hbmsw,3099cdae050dd930,1024,0/0
/spttest/pu0sttlep6r2,2f3052b9f636406e,1024,0/0
/spttest/3vtjyf1pbvvk,7182c9144714320,1024,0/0
/spttest/vml85urc5hix,39c576d5e05ddff9,1024,0/0
/spttest/4kkzl59amh4m,859d0c735699e36,1024,0/0
/spttest/nksvcg73m0h8,2b115471cdc20aec,1024,0/0
/spttest/exq0w7kkev48,1b48a2bbea596908,1024,0/0
/spttest/pmsmbph2dyzq,2ed2724c2fdd6866,1024,0/0
/spttest/9ydnvgvjaiuy,122f17f3d08e0cfa,1024,0/0
/spttest/mggryvjd6j98,29056517760e6ffc,1024,0/0
/spttest/t6uxudh57hg7,3551e97317c2ad17,1024,0/0
/spttest/tt7hnogwnaq5,3674345ae82d360d,1024,0/0
/spttest/c6749m3zfqpp,163bdff94cf7c3fd,1024,0/0
/spttest/p5zdr9cyng2a,2df81186fba91312,1024,0/0
/spttest/qngvy7evoobe,30aed112c16df81a,1024,0/0
/spttest/xq0m4l3sbzb3,3d993671c7415f7f,1024,0/0
/spttest/tph8p6ptnsb0,3643c406a47cd00c,1024,0/0
/spttest/hku050kkj7n5,201c0da87e325171,1024,0/0
/spttest/wquxt5zu944j,3bd08a39964d5723,1024,0/0
/spttest/ajimim3oubtl,1341a8b3f6267b59,1024,0/0
/spttest/69zj396g5fi7,b7768a2785f15bf,1024,0/0
/spttest/bigm5247lz1y,15078efc66b8fbb6,1024,0/0
/spttest/uu2pymw0g1da,38531651ee50caee,1024,0/0
/spttest/q6h2mq7cvk1n,2fd210d9edcb9f3b,1024,0/0
/spttest/nt30foqx8v6x,2b7ce73d8ff3f8e9,1024,0/0
/spttest/hs9ruyo6i0bu,207cab1abab0982a,1024,0/0
/spttest/u78ckhrh01rn,372a5d42f52c15f3,1024,0/0
/spttest/l29lvm9hyhy3,2679580cf18a245b,1024,0/0
/spttest/274swwcw3wx,1c8d6a3fefe7d1,1024,0/0
/spttest/d1atmc9j0keq,17cfe116be7a5e52,1024,0/0
/spttest/j2rt4xd0lrex,22d8aed17a0ce209,1024,0/0
/spttest/tfvftrcvf468,35c6fee68613e1e0,1024,0/0
/spttest/ty3vf07c6a83,36b3d877f3234143,1024,0/0
/spttest/wlg5ithxd1c,1a76565061a6540,1024,0/0
/spttest/wp924zuu7e8l,3bbba7f91f1389d5,1024,0/0
/spttest/o7bur66oqg9m,2c35f1929b9ee4da,1024,0/0
/spttest/qwbhsq75cuzg,3121c63b2fd768dc,1024,0/0
/spttest/4cjgh4hd2q8t,7f15951cdce825d,1024,0/0
/spttest/8263elrohaw3,eb9176641518563,1024,0/0
/spttest/w36uez9164kn,3a9d17c6197a71a7,1024,0/0
/spttest/da3z4nbrdkx6,18424ff49735222a,1024,0/0
/spttest/rl3kzzcn6i9s,3263a6eafaa3b900,1024,0/0
/spttest/fum2noeykodf,1cf3db41b3065263,1024,0/0
/spttest/uzudlr1ip0du,389e0334ee10b432,1024,0/0
/spttest/zzumsdu55aq2,41c02cfba563f28a,1024,0/0
/spttest/tjztn85tj3ui,35fc88db10a34b3a,1024,0/0
/spttest/uy76yc0boy38,3888a86aaec6ed94,1024,0/0
/spttest/2xt814dh8uii,55e6b3ded1ad17a,1024,0/0
/spttest/631huhv86n86,b1d31624d6c2f16,1024,0/0
/spttest/kyhvnkmpvu76,26485f0dd4297ba2,1024,0/0
/spttest/8ycx1w16axwq,105b35e43e2d742a,1024,0/0
/spttest/h59ktrkwr9cj,1f51d82760984813,1024,0/0
/spttest/gcilsg5gqgh6,1ddc697ea58f19ea,1024,0/0
/spttest/a50mtnn7y7hl,12855144766e2d69,1024,0/0
/spttest/jgjk91m6pgnr,238b8eab02054e97,1024,0/0
/spttest/kqz7a7mhgvrt,25e6b518f144bdd9,1024,0/0
/spttest/cckqygq6nkt4,168eba850efeb718,1024,0/0
/spttest/k688802ipo5u,24d9306db68ee092,1024,0/0
/spttest/z9tfj9fh0roc,406e0554402d291c,1024,0/0
/spttest/1ii3dvq1e1pe,2c3f32db0ef7922,1024,0/0
/spttest/8unc09pxv78a,102b02eb1c5d8b5a,1024,0/0
/spttest/jz6vdbmfpp5r,247dc6498902c29f,1024,0/0
/spttest/vhfpl6rh1klp,3982870db3febb8d,1024,0/0
/spttest/e2ze0ema4gdy,19b958be6bda6df6,1024,0/0
/spttest/ch4piag6oge0,16c9e33166658ef8,1024,0/0
/spttest/xdfip0ojqqh4,3cf5bad2dfeb9b88,1024,0/0
/spttest/6q7ussr650os,c4a3dbb81db64bc,1024,0/0
/spttest/4pk1iq4j59fq,89a6ba712fe6206,1024,0/0
/spttest/18j5i219b3k5,24270689858d3c5,1024,0/0
/spttest/34studdskf6t,5b933a30fc2c9e5,1024,0/0
/spttest/nb0x7vo2ese2,2a9257a107c4d93a,1024,0/0
/spttest/tca6xw7hunt9,35985c998e7a410d,1024,0/0
/spttest/sd3hj64avyt5,33cf5135f407bbf9,1024,0/0
/spttest/d52qejpfxsh,aab13130119dd1,1024,0/0
/spttest/d4r842ydpcxv,17fcc3efb53422c3,1024,0/0
/spttest/77m99h1ca8wq,d2c415c95e6cb9a,1024,0/0
/spttest/6urtd5iohk81,c8566717fe0b0a1,1024,0/0
/spttest/t705z8zcsfw2,3553cc2a1ebc7772,1024,0/0
/spttest/6bt0gjsl8fpm,b8f0922e460568a,1024,0/0
/spttest/oofq1oznxue9,2d142854c287bb21,1024,0/0
/spttest/g65qqs9g7kh1,1d89d5e0a6357765,1024,0/0
/spttest/395i7my5u3hw,5f1bb9b6a347a34,1024,0/0
/spttest/h5d9esjsxat2,1f532c560419bcf6,1024,0/0
/spttest/s3t22a15t4xy,3356a686f128a746,1024,0/0
/spttest/k95rsh76fbt8,24ff454da3fd3b8c,1024,0/0
/spttest/d9759nng9y9t,1836778e1d9191c1,1024,0/0
/spttest/syo1c2iti1p2,34e781c6cf7dbe16,1024,0/0
/spttest/qd1r4q1pxaqw,3027769e3062b1a8,1024,0/0
/spttest/imsnxe1grpjz,220929b677088e1f,1024,0/0
/spttest/ckrp05o8ehff,16f92623f07707bb,1024,0/0
/spttest/pecl76j63vx0,2e64bf76a8c9d654,1024,0/0
/spttest/2rc8nppldlkd,50a5b0d36c6376d,1024,0/0
/spttest/snbvuikji08j,34543d74205e34b3,1024,0/0
/spttest/uk8qlkvhwchh,37d35d98f3271435,1024,0/0
/spttest/ulbel5vocls6,37e15123cb0a7d46,1024,0/0
/spttest/5ikh6ngdb7ph,a13444a30e058c5,1024,0/0
/spttest/4id78nirleqr,83d06f4647a30e3,1024,0/0
/spttest/n1ur778llhbv,2a1b36aa7a2ecffb,1024,0/0
/spttest/bgfz0nt8nsr,94d0b2d0f3e37b,1024,0/0
/spttest/t2ywfrfkku07,351f6249d49374e7,1024,0/0
/spttest/uv2kg26l1y82,3860056c88e99082,1024,0/0
/spttest/zvarvyixeo8d,41850dacc7749b2d,1024,0/0
/spttest/4n2dzpd9d5w6,87a1282a5daac16,1024,0/0
/spttest/kdtiibfra978,253bcb5a12171414,1024,0/0
/spttest/b5begcuu3sh9,145cd116122588ed,1024,0/0
/spttest/g9jb9zzuy3ex,1db5b31ebb33ffc9,1024,0/0
/spttest/krkg8r3dsgqz,25ee5fd18eda0ccb,1024,0/0
/spttest/ip5l0w35qwuh,2227cd90c85e39c9,1024,0/0
/spttest/n80kuha9wwr1,2a6b401d4a180ecd,1024,0/0
/spttest/4kq6j7kmhl82,85bb071207b5bb2,1024,0/0
/spttest/hdwylpxr7ozl,1fc2320658be6941,1024,0/0
/spttest/80f8paa124qw,ea269ca52746d88,1024,0/0
/spttest/46wrd3q1muzk,7a83680dc1fff60,1024,0/0
/spttest/9ozabqkx2rwh,11b500b99a8eeac1,1024,0/0
/spttest/opfrxqn1ck71,2d212a70049c2e3d,1024,0/0
/spttest/8gvb3k6pe04z,f7809f059d98933,1024,0/0
/spttest/kxv0fip9alsr,26401ed6e0e919db,1024,0/0
/spttest/t7nk0r2xd1x1,355c3ca985b303f5,1024,0/0
/spttest/cx4rpdo6gyac,1799bcf000084794,1024,0/0
/spttest/8riqhm5u9hgb,10026276d80c729b,1024,0/0
/spttest/5zg5qy0nbjoc,aee86d6933d4f5c,1024,0/0
/spttest/o46hb565wdz1,2c0d0976b6e81bbd,1024,0/0
/spttest/py75rnh6evpf,2f669329d0257203,1024,0/0
/spttest/bjvj25sy739t,1519eddcc8ed2e51,1024,0/0
/spttest/8zi2wltt6xj1,106a1001f61f103d,1024,0/0
/spttest/2mokcmcdw9mm,4cddb2f85ce35be,1024,0/0
/spttest/qww1cjb1wjir,31292fc1fbb007d3,1024,0/0
/spttest/cf9k9vt16hcr,16b1a917b6de025b,1024,0/0
/spttest/pf2yesdnctn5,2e6e42ef67582c11,1024,0/0
/spttest/5f3b25ufoir0,9e61a8b7a8febec,1024,0/0
/spttest/q7p9zb0r55cu,2fe203e9320d155e,1024,0/0
/spttest/x95v7kejhe1z,3cbe4a39c9cc4c67,1024,0/0
/spttest/wvq166z7ccfz,3c0fb74b10697cff,1024,0/0
/spttest/w1jrphhndw8t,3a87c71957978f7d,1024,0/0
/spttest/y7ek50nns8w,1bc4ea9b220b5c0,1024,0/0
/spttest/inkn4m5854ih,221341f903514219,1024,0/0
/spttest/rdazq5scsmul,31fe693a815aaead,1024,0/0
/spttest/w1l5wdzjcfkw,3a8847e153d908e0,1024,0/0
/spttest/9pij7g0jlvrc,11bbf281f7264708,1024,0/0
/spttest/d6f0csjjf8wh,181256201e78b9d1,1024,0/0
/spttest/fw60gyy0h6yv,1d080a44c2722587,1024,0/0
/spttest/6vwbmlyaxv1z,c940407fa22fd77,1024,0/0
/spttest/4zme291s68xo,91d292330b6c2bc,1024,0/0
/spttest/2usnup2973il,5373fb2b4fc0e8d,1024,0/0
/spttest/w1ab0x2qyqpx,3a845cfb37cc6dc5,1024,0/0
/spttest/2b2m5eyhvwo5,4370de0d92c5025,1024,0/0
/spttest/w9gz08kn9hgo,3aeeaec6621487a8,1024,0/0
/spttest/z0esvzg12epq,3ff3d6c1c1a287fe,1024,0/0
/spttest/j1htveeopd3o,22c817c413dbbe94,1024,0/0
/spttest/xhhw1j9j9a8y,3d2a8ad59a3dc322,1024,0/0
/spttest/gfne859pddhb,1e051bb2da61527f,1024,0/0
/spttest/a01vmho0nvlg,1244d1eeefdcefb4,1024,0/0
/spttest/j58helbc7159,22f8ad7dc632698d,1024,0/0
/spttest/myvbelofp9d2,29f472bd29ac9aa6,1024,0/0
/spttest/5a2pqxwbvr15,9a4f1947a399599,1024,0/0
/spttest/b22jxkp0my97,1432a80ed2b8daeb,1024,0/0
/spttest/su5ycyxdm2qr,34ad067cf54d2863,1024,0/0
/spttest/cvijvyibjfx7,1784bb85a49c2a5b,1024,0/0
/spttest/r0tqin81ud99,315c50428b3d4f9d,1024,0/0
/spttest/2gi35t07xqsl,47d9554ed927ce5,1024,0/0
/spttest/3fqektm7zeoo,647358ea1fe8418,1024,0/0
/spttest/b5j49xkmrg68,145f99ea9a8d80a0,1024,0/0
/spttest/zirt35ovnxie,40e256ad2a09f866,1024,0/0
/spttest/ydg505iv6yp8,3ec9914e8d8f4c2c,1024,0/0
/spttest/k6532qs2n54o,24d80e1ec328cbb8,1024,0/0
/spttest/lgvbrf38t294,273707c9fabb54a8,1024,0/0
/spttest/y8t978tjfcsc,3e8d5a9433dfb57c,1024,0/0
/spttest/9l9c4b6q4pf4,1184abfb92cc3bb0,1024,0/0
/spttest/x755for8kn3l,3ca40d94a6c345f1,1024,0/0
/spttest/nsyx7w4416lq,2b7b6d83ba70abae,1024,0/0
/spttest/nzc2c8k1mazg,2bce1afb11c3d21c,1024,0/0
/spttest/y6eh0ege8sy4,3e6e0a9491b3328c,1024,0/0
/spttest/eryzoqyjkq1a,1afdef6907981bce,1024,0/0
/spttest/skmb3b4adb4d,3431087ab467c38d,1024,0/0
/spttest/x2smmlroqws1,3c6b93e0bf755c71,1024,0/0
/spttest/qw1a0r5zidrn,311e169836e7fd33,1024,0/0
/spttest/39r6c9qexkyg,5f98d3fcbf7ee58,1024,0/0
/spttest/wy26aw92u8rk,3c2e1363bf370de0,1024,0/0
/spttest/ayita6bgpc9c,140490e9b9ff0650,1024,0/0
/spttest/jtjtuyem60rj,243483a8bfb1b75f,1024,0/0
/spttest/q0xxvyi9tf0,1520fc2d828472c,1024,0/0
/spttest/lt86bddd1bfp,27d789af291f0125,1024,0/0
/spttest/qvkkbdrfaxf0,31180ebff06c12ac,1024,0/0
/spttest/tep1du9rh1mt,35b7b260f4c20185,1024,0/0
/spttest/fqyqi1qk5bu7,1cc477d381da972f,1024,0/0
/spttest/qfyt8k0xmj01,304d5eb028d20ab1,1024,0/0
/spttest/wjkhao2dd82p,3b71d75fdd74df21,1024,0/0
/spttest/lst43m57hu9j,27d21a79e8e36e77,1024,0/0
/spttest/e6064p1911cr,19e098a965099a1b,1024,0/0
/spttest/z0576zotxjyw,3ff05fc7a70e3058,1024,0/0
/spttest/3sm3yhsf1omg,6ee852c24fb21e8,1024,0/0
/spttest/m54nxkxxbosv,2872247e4a0fb74f,1024,0/0
/spttest/johlf4w122ua,23f2c2fc396a9be2,1024,0/0
/spttest/1okn1xb5jyxl,312cdeb3e19b899,1024,0/0
/spttest/csz7kfmm9e1u,1763c666b4868d62,1024,0/0
/spttest/ob21rieaik2s,2c665ce6df9b5824,1024,0/0
/spttest/h1a8yoiqepys,1f1e210e57b25cf4,1024,0/0
/spttest/1jxmvg7ywku3,2d68bf6013dcf7b,1024,0/0
/spttest/ew89im8qe5q,c17a9522d14a2e,1024,0/0
/spttest/rmftmyetsejt,32750ec1d7830da9,1024,0/0
/spttest/72tmmectbzjh,cedf7eea045d5ad,1024,0/0
/spttest/g2h21xeazah5,1d59f5eb4813b1c9,1024,0/0
/spttest/irp5m7jwzks5,2248d7e925138ff5,1024,0/0
/spttest/es039wqlhld2,1afe54fbe890a366,1024,0/0
/spttest/mt88bp0umc6e,29ab2c14c5be1526,1024,0/0
/spttest/d5sbo71qkhi4,180a26b1359e039c,1024,0/0
/spttest/okv4orjmxg5u,2ce5c264a2628212,1024,0/0
/spttest/ekq4xutx5uby,1a9fd0c6ea4c9dce,1024,0/0
/spttest/l15ze7uv93fo,266b0c006f8820a4,1024,0/0
/spttest/km3idn8cijdg,25a750c14de78e94,1024,0/0
/spttest/z0n2n9x3gam4,3ff6d2bd6c74f0bc,1024,0/0
/spttest/9w3bgsqa5tmw,121161ebe6f9d748,1024,0/0
/spttest/kylhihikxlce,2649ac3e54ad964e,1024,0/0
/spttest/2hpj2wgmzu5t,48d4203027d1971,1024,0/0
/spttest/dy9qmzttu5r1,197c228abff7f99d,1024,0/0
/spttest/5luh54wadxg5,a3dd7a268cb3495,1024,0/0
/spttest/t8pemn7w1599,3569e4d22f855cdd,1024,0/0
/spttest/ff5zslp4elbm,1c2b372adccd3b72,1024,0/0
/spttest/ohcrageitgur,2cb8299e9691c493,1024,0/0
/spttest/c63zc7c5x4kp,163abe39892ada69,1024,0/0
/spttest/y3x6fxsa58yz,3e4dd2b0c36ec6ab,1024,0/0
/spttest/add1rp2kbufu,12f1b61654bc9ada,1024,0/0
/spttest/ocbj6nqfb3xy,2c76c62bb5bbefb6,1024,0/0
/spttest/u9axzqs3gj8c,3745477adae5f85c,1024,0/0
/spttest/d9qr7y34bjvo,183d8ae08b058964,1024,0/0
/spttest/3ro9nxpc2rbi,6e24f4b5f0156ce,1024,0/0
/spttest/2mek1eiggyfg,4ca3eb426c2ca4c,1024,0/0
/spttest/cmsb5bokk9he,1713597828365102,1024,0/0
/spttest/54q5twjd2oan,95f77c5da45807f,1024,0/0
/spttest/8y4mhjs8cs5b,105837d68df6817f,1024,0/0
/spttest/62wwl95n5pr,4efcb46a3cb5af,1024,0/0
/spttest/2r5m3da8weit,507f6f1e2b71185,1024,0/0
/spttest/l7o3emn1paev,26bf84767d763df7,1024,0/0
/spttest/pz488voyxprl,2f7281acbf1bb2b1,1024,0/0
/spttest/581n2hecz3cm,98a93d2d2e90fb6,1024,0/0
/spttest/767pt47zbv1k,d1a0508ae6270e8,1024,0/0
/spttest/nn9cc8dv3vls,2b314073e7db15c0,1024,0/0
/spttest/q6m8bn38664i,2fd3ed4c0b588882,1024,0/0
/spttest/fm3538evi5gn,1c851c724900a327,1024,0/0
/spttest/3j8rj4szrhh,2de9415ad491e5,1024,0/0
/spttest/bxx1zgex60lt,15d05461cacfc191,1024,0/0
/spttest/43c7crmer3sy,779d40756fce202,1024,0/0
/spttest/qtbvly79wgv,15c4dd49d594b9f,1024,0/0
/spttest/3xrueavm8chs,731892265cbc340,1024,0/0
/spttest/bbkzijxu0pa3,14ae35fa93e231fb,1024,0/0
/spttest/b2jn3w0mq5fw,1438d2772626340c,1024,0/0
/spttest/4v3u4jwiv3ba,8e282549cd92486,1024,0/0
/spttest/jhzwomfjrgvc,239e71b760277d28,1024,0/0
/spttest/bbggku8n8oj,93041bde1a0bb3,1024,0/0
/spttest/gpxwzguq1pk,d93055e689d928,1024,0/0
/spttest/9uwgsq9fuuuj,1201ebc4306ccaab,1024,0/0
/spttest/xepyjxtelrc0,3d067c741260afa0,1024,0/0
/spttest/rmkb01wl6d1w,3276acc82ded4c94,1024,0/0
/spttest/yfubufy742cw,3ee8aa8779f083f0,1024,0/0
/spttest/fgx80uip2b08,1c42077b0a31c538,1024,0/0
/spttest/q50afvsxjyym,2fbf055f75c898be,1024,0/0
/spttest/p2lcx3hloo6f,2dcc0a73b0b41967,1024,0/0
/spttest/ybwlo97pdv3t,3eb58774a557a3b9,1024,0/0
/spttest/c8htms3a94kp,1659b740b116f569,1024,0/0
/spttest/emhu32tzl37e,1ab6cc7e3c0f7a7a,1024,0/0
/spttest/xq3ykgy2q0u0,3d9a6b78800b90b8,1024,0/0
/spttest/uvw3uyzh0dpl,386aadea67f70269,1024,0/0
/spttest/mav1yhva714o,28bc9c5662b0b778,1024,0/0
/spttest/v2km26wuzr9s,38c174fe18ebb2d0,1024,0/0
/spttest/md7fv3f9rsi7,28db0ef2c94bfe0f,1024,0/0
/spttest/hb3av0xz00rm,1f9d83eaad3feae2,1024,0/0
/spttest/6uzt39ny0uhs,c8848af4e480860,1024,0/0
/spttest/plpczorl3it7,2ec447fcc7d842fb,1024,0/0
/spttest/wiuq1u8msnnv,3b688c4354517ccb,1024,0/0
/spttest/wcx7nv5efwd6,3b1b82a5b0bd039a,1024,0/0
/spttest/mbtprdqu7exy,28c91dedf07c5d66,1024,0/0
/spttest/xxgaro98uet2,3df9cbfd50c6b276,1024,0/0
/spttest/kmimielcgqar,25acc4e191804923,1024,0/0
/spttest/hrfgan0tkpr2,2071ba628feaec5e,1024,0/0
/spttest/qhszyz9bvq90,3065404522a6f5a4,1024,0/0
/spttest/8tbaxbnay7kn,1019ae778bbf50d7,1024,0/0
/spttest/55t49whphjuh,96d86249c2c5bb9,1024,0/0
/spttest/3cyvq7s38ys5,6234cbc53302515,1024,0/0
/spttest/38fi69giep76,5e859ef4f5d1912,1024,0/0
/spttest/9x2wpk3nr28c,121e3950d98a270c,1024,0/0
/spttest/rxbibfoiopzy,33026210450afb9e,1024,0/0
/spttest/hgl0su71vs07,1fe4db03d5519c87,1024,0/0
/spttest/uj3jt1lui43z,37c481123098874f,1024,0/0
/spttest/6iryuzqxen7j,be99576864585ff,1024,0/0
/spttest/53sz3nnt4zih,9537e5b02d7b5c9,1024,0/0
/spttest/gyus0jbagg2s,1efe918867533b64,1024,0/0
/spttest/ptjwvv9qqo3b,2f2a3ae01305ca77,1024,0/0
/spttest/zyg98i0rkoak,41adffcc6b8cd2fc,1024,0/0
/spttest/vu7hb5f2i9ue,3a286b341384f056,1024,0/0
/spttest/m07lyaq71uct,2832423bdf357eed,1024,0/0
/spttest/iu8xos24kei9,2269f57226471271,1024,0/0
/spttest/78w22w2r07oz,d3cc7df06c9e9f3,1024,0/0
/spttest/j89biop76qld,231ff286ddab3721,1024,0/0
/spttest/7iui8npt0snh,dbe1d2a67c8420d,1024,0/0
/spttest/ltmc850m3y8p,27dca6010417f619,1024,0/0
/spttest/ksvtxtui026y,25ff7844b7b0a51a,1024,0/0
/spttest/27yfxlnhcv8w,40e94aefb7b2630,1024,0/0
/spttest/r2b7pa6qwu1z,316f9bde43af7227,1024,0/0
/spttest/h1yowr1gcvf3,1f26f2cf105c8e0f,1024,0/0
/spttest/nahr0ca59ffo,2a8b6cb34f250364,1024,0/0
/spttest/qubujcmxwgee,3107ec6796ac7406,1024,0/0
/spttest/i09nsxu3c8ej,20e48ac03bffe08b,1024,0/0
/spttest/503jd6q31vys,923590182458314,1024,0/0
/spttest/3ce81fk7j666,61bd89763660cfe,1024,0/0
/spttest/e4bueubq3n04,19cad4803cb75d34,1024,0/0
/spttest/bju1nf2kz8q1,151964d33be1a2e9,1024,0/0
/spttest/u1b92f40eqp1,36dd79d724c87ea5,1024,0/0
/spttest/qgsh4ht4lode,305812a810e496a2,1024,0/0
/spttest/qtbtxg8d03zp,30faed9648f2a135,1024,0/0
/spttest/fzbqs27pbxpf,1d3113617fa6d463,1024,0/0
/spttest/h2jm321dqfh0,1f2e7f4b42b581d4,1024,0/0
/spttest/o544g10d3tlx,2c192cfa15d6f5a5,1024,0/0
/spttest/uayyhimc1gnj,375aeed7583a0e8f,1024,0/0
/spttest/txrnzpppuvl9,36af70ffd2af086d,1024,0/0
/spttest/17lve8ntoslu,2366e53a6809fd2,1024,0/0
/spttest/5tyl6t8o129m,aa73d8b384449ba,1024,0/0
/spttest/4903gaziznay,7c365239fb8beba,1024,0/0
/spttest/kje67v4cyuv8,258431d58a9b9cc4,1024,0/0
/spttest/aqiznrk0rfcg,139cb738f1d1c670,1024,0/0
/spttest/v2dh3nwdquo,1938644e9a71530,1024,0/0
/spttest/d7qjasogpnvo,18237c0a5deaf524,1024,0/0
/spttest/8p8tjje0eini,fe4d41a4e393dee,1024,0/0
/spttest/2l5kty9ulmhl,4ba042ae3a56719,1024,0/0
/spttest/gtrfmsbi07zb,1ebc6a6003dcc667,1024,0/0
/spttest/uid1yy1gnffc,37baf1bbb2df01d8,1024,0/0
/spttest/6kyw9g52jvs3,c060fe315afdda3,1024,0/0
/spttest/5dgip9433zts,9d0e46cbc081b20,1024,0/0
/spttest/yxk57bbilyn7,3fcecc6cbf7070a3,1024,0/0
/spttest/l1ro1r589g4h,2672defdb611e5e1,1024,0/0
/spttest/5oinaikoqcux,a608ac38acb4b99,1024,0/0
/spttest/jkv67md3vu95,23c3b417649f01e9,1024,0/0
/spttest/qzh6x4efhlpo,314acc4ce83e6f2c,1024,0/0
/spttest/tdr3lws2ssyk,35ab7390b0edf39c,1024,0/0
/spttest/x2sjuq7yavgp,3c6b8cc2723fbbc9,1024,0/0
/spttest/dz2jru9a7929,1986879b19d4d7a1,1024,0/0
/spttest/1mub3bzzu7f5,2fc5066192e6011,1024,0/0
/spttest/9z1u69gsx9ng,1237d0f449ae9b1c,1024,0/0
/spttest/v168ucbevu14,38af48aa6fd2c3c8,1024,0/0
/spttest/6ootifx9qmtm,c36622cda78330a,1024,0/0
/spttest/od13vxm67hr5,2c80007e6d2b03a1,1024,0/0
/spttest/7ybz60hetqgq,e8741b4de455d3a,1024,0/0
/spttest/cwzu07a4u336,1797f4ffcb49c722,1024,0/0
/spttest/2ez8ca9td37b,469ca5e8095f277,1024,0/0
/spttest/5j1vx24d3j1h,a198c5a5f51a025,1024,0/0
/spttest/mvlcqzn5sihk,29c9e2bc289add98,1024,0/0
/spttest/jk458nxr5kik,23b9f3a84d98861c,1024,0/0
/spttest/xs3o4j9ffikb,3db44b30c8266ebb,1024,0/0
/spttest/gplhgkbqeynw,1e864fd3a8f04cfc,1024,0/0
/spttest/a3yl2z3yrozt,127796ce89f3b549,1024,0/0
/spttest/qas5z503oibi,300a0682c2d165be,1024,0/0
/spttest/eix9yhg958it,1a8869b707563365,1024,0/0
/spttest/bkaegqb34q4l,151f4b987636ec45,1024,0/0
/spttest/3uogp1zeepml,709591ad719033d,1024,0/0
/spttest/hbqs6uxrroii,1fa5fcd9160433da,1024,0/0
/spttest/rxzgjgcj5olb,330b06575f666ebf,1024,0/0
/spttest/kwbnx1zlvep8,262c267b0b1d4d2c,1024,0/0
/spttest/wrcswd8vr46u,3bd6fc40a7fabcf6,1024,0/0
/spttest/pdnhjlvanacs,2e5bb0e14392ca2c,1024,0/0
/spttest/bo152qij5l8r,154fe938059795cb,1024,0/0
/spttest/cfz6irncxvgy,16bae76111599592,1024,0/0
/spttest/9hcou2k1pm6w,1151ecaf97e24d98,1024,0/0
/spttest/r26fa7eu8yt8,316de17a8ceb283c,1024,0/0
/spttest/13qtfh6i1msx,2044218fd9923b1,1024,0/0
/spttest/85dmawp8jmk6,ee2c63bd93f84f6,1024,0/0
/spttest/7tas1i4wa14v,e45e0c5d107343f,1024,0/0
/spttest/u90vhh8ew1vv,3741a55d36b40f8b,1024,0/0
/spttest/977lcrg5dxbk,10ce3158afc6fef0,1024,0/0
/spttest/ukhm37vd6qf4,37d69157019a0440,1024,0/0
/spttest/kv1gsfriunkc,261b7b407cd760cc,1024,0/0
/spttest/r6azs1n6vroe,31a37c90d60e2fde,1024,0/0
/spttest/85dzeq7nxbpz,ee2e7dc7935cc97,1024,0/0
/spttest/ej7cjt4h9qt1,1a8c0c0c7c00c0f5,1024,0/0
/spttest/no173owrrz7r,2b3b4d536dcba607,1024,0/0
/spttest/n02wl30mt74d,2a042ceab1e90f4d,1024,0/0
/spttest/xp2mconf10wc,3d8cf2805b6865cc,1024,0/0
/spttest/4ik0exo9lour,83f7c05042e0a13,1024,0/0
/spttest/r4o7b4em9i3,16065812282a79b,1024,0/0
/spttest/dswoslyorjrj,19367abd6397cccf,1024,0/0
/spttest/cljxvscgiv61,1703573b5513ae49,1024,0/0
/spttest/4y3jb6bl47q8,9095e595e286120,1024,0/0
/spttest/hht9obb9hkwm,1ff4d1fcbb50e916,1024,0/0
/spttest/kzp9bsiu7tu2,265805f8445578ca,1024,0/0
/spttest/6rbb6qa62crk,c587a23adc9fb20,1024,0/0
/spttest/t1mv3nqc4ex9,350e0d2f33f7888d,1024,0/0
/spttest/hevahkkd7v56,1fce9509ea1d166a,1024,0/0
/spttest/8sb3z1m2aiq7,100c9f5f57b5a74f,1024,0/0
/spttest/21th7u038u36,3beda98d2bfcd52,1024,0/0
/spttest/l8xtcwn7aj5v,26d0039f15ada283,1024,0/0
/spttest/3c8mxzxt417q,619d49fb9d4b026,1024,0/0
/spttest/drys45so7cim,192a3ebd7b5e931e,1024,0/0
/spttest/t0jrfshrte95,34fff16caac04c69,1024,0/0
/spttest/pg9kvsyjfraj,2e7da40fb6e372eb,1024,0/0
/spttest/8r2xwel1rcww,ffcaf9640706f20,1024,0/0
/spttest/brc8h8grqduf,157ae1c53853c397,1024,0/0
/spttest/pgckh74x1t0j,2e7eb82006b94a23,1024,0/0
/spttest/qmqev5s3l926,30a543a9e001041e,1024,0/0
/spttest/fcvl1ksy4ckf,1c0d7b1fdc50ea9f,1024,0/0
/spttest/xquj91enuk6p,3da4021c9a5280b1,1024,0/0
/spttest/i1xdmxitf26g,20fa16c2660d0dc8,1024,0/0
/spttest/rfe4bso0cbj8,321984a6e0a6a564,1024,0/0
/spttest/t87fl7wpgg1i,356368a828e09e36,1024,0/0
/spttest/kt0r6d4t4jw1,26013f0548e95ab1,1024,0/0
/spttest/9wa94843hcuk,1213e278b7264e4c,1024,0/0
/spttest/qrwn8fjegxqe,30e875a0f997f8c6,1024,0/0
/spttest/sqgax5g1ye4j,347ccd5f12a7ed03,1024,0/0
/spttest/k3fnna3uuhc7,24b4e6cfd177dd47,1024,0/0
/spttest/msjmkt0dimoh,29a24b7205de4051,1024,0/0
/spttest/vn8twqzlc946,39cdfb1a7723fa26,1024,0/0
/spttest/7a5989wb1ehi,d4d16c94c75fa96,1024,0/0
/spttest/o4gteq30s44o,2c10c430d7500fe8,1024,0/0
/spttest/5u2wxeosxfim,aa8cd22ce05e8ce,1024,0/0
/spttest/2fwlep54bzh,1fb7ab02a75ead,1024,0/0
/spttest/f6lvzj994bqj,1bbc0bfacbdd716b,1024,0/0
/spttest/ndhxhp9ugghd,2ab2751a483c2971,1024,0/0
/spttest/qjlrjymp4lj1,307c9e9bf62bf6fd,1024,0/0
/spttest/c7gsrm1ia03m,164c5b6805173502,1024,0/0
/spttest/ojta3m9e6w6n,2cd81a4994af9a6f,1024,0/0
/spttest/wfx5743vfhnc,3b4274178ade7218,1024,0/0
/spttest/iw32ke8dcz4j,2281d244306969d3,1024,0/0
/spttest/tauujsu9kysi,3585d6068c2f4e22,1024,0/0
/spttest/giogp2sh945t,1e2c762ce4667e51,1024,0/0
/spttest/gyr1dq3fbjdp,1efd3817853671dd,1024,0/0
/spttest/j95h55e75vh6,232b8cbd93941d9a,1024,0/0
/spttest/1mnkkhdthc37,2f9e222adcaf873,1024,0/0
/spttest/obbx43p1209o,2c69eca71c8842dc,1024,0/0
/spttest/qdiwrtdgb3sp,302da75a5189dbf9,1024,0/0
/spttest/nqm41kyrpxt1,2b5cd3b98897ba65,1024,0/0
/spttest/e83f12vr2tp5,19fbbf1d410739d9,1024,0/0
/spttest/jgkxqmef27hw,238c0da4eae5d974,1024,0/0
/spttest/g8i2rbsg7oli,1da843a352b9e846,1024,0/0
/spttest/5jafvpsz0zuj,a1ca284dca4f87b,1024,0/0
/spttest/753wubgqblc8,d0ba859ae2a0ac8,1024,0/0
/spttest/jr8zm98kxm1n,24169fdea831b1db,1024,0/0
/spttest/jp1qhvw9an46,23fa07600235ec86,1024,0/0
/spttest/qh9wd5hdvbzh,305e5c053ba0ef6d,1024,0/0
/spttest/zcrmklq4v14i,4094566b3e1c9372,1024,0/0
/spttest/9bpoqvkylkil,1108adb47eccfd1d,1024,0/0
/spttest/hjw08tgefenc,200fc968afa2d5e8,1024,0/0
/spttest/jb6z6tg269ua,234611ecdce74952,1024,0/0
/spttest/j0qmr3vgry9k,22be478e9413c238,1024,0/0
/spttest/73sqg97ttuem,cfaa2a55d4c882e,1024,0/0
/spttest/loyos50izf7e,27a0285aa490d9ba,1024,0/0
/spttest/fgu1i7erzsj2,1c40e1a70d555e2e,1024,0/0
/spttest/exp05mbjt9iu,1b4844787d777476,1024,0/0
/spttest/f2ldi4ce82f5,1b87e7870969fc41,1024,0/0
/spttest/efrlintp3y8q,1a5f6565a1640d1a,1024,0/0
/spttest/q5lo1uzjlml8,2fc6bc070d38e49c,1024,0/0
/spttest/f3kfna73xbm7,1b948dea5d9c780f,1024,0/0
/spttest/sx3ms10k1czx,34d327ce3d219c0d,1024,0/0
/spttest/fiz8kuko48cy,1c5cbc27f713cb52,1024,0/0
/spttest/a57buxn0wn49,1287bbb66a3f8909,1024,0/0
/spttest/72jws5x0mx9l,cea765187b5c5e9,1024,0/0
/spttest/i0bjekk9hl75,20e538333efbbe91,1024,0/0
/spttest/yxgxfi7rkd0l,3fcda360aba2d5e5,1024,0/0
/spttest/oej8de4bndia,2c9387e2e9e53f22,1024,0/0
/spttest/jmnkqfdoxb86,23daf0eb938d9316,1024,0/0
/spttest/aaeof1xeiw5o,12cb54cc1858354c,1024,0/0
/spttest/o0o1s548hf6b,2bdf6b3960ef4f13,1024,0/0
/spttest/8x9nr39ct80n,104d0bab1a910dd7,1024,0/0
/spttest/ujnn6zaolqbq,37cbc1206198a886,1024,0/0
/spttest/w0gyzstn0azr,3a79c76ee4fcc2a7,1024,0/0
/spttest/q4j3j4r1ppkw,2fb8d16241253ac0,1024,0/0
/spttest/xe71px202iuw,3cffa9948ce963f8,1024,0/0
/spttest/cu411vn9rcdd,177280c82f910c61,1024,0/0
/spttest/cl9oj1fp5r7o,16ffa38c7a7e3e04,1024,0/0
/spttest/911s445aacf1,107e28f0d7121b5d,1024,0/0
/spttest/d1w9unly51l1,17d79e7795695d45,1024,0/0
/spttest/5b87ddzm8dse,9b3e9e5673249ce,1024,0/0
/spttest/j9buakg5fhjf,232dd8b0fc4b2b8b,1024,0/0
/spttest/jw2dqxa7tndt,24552fd4525b7aa1,1024,0/0
/spttest/s0b1n19746l2,33292f0ac7a9f556,1024,0/0
/spttest/5sfy5h9ecjqo,a93868cfaa4d0f0,1024,0/0
/spttest/mzqvwkf5uqaa,29ffd6c02291e192,1024,0/0
/spttest/9pj911r2rkf7,11bc34c31ff87e23,1024,0/0
/spttest/b0wg70kvchkq,14237700609bf2fa,1024,0/0
/spttest/41ps5ivukyqj,764bfaaea4006db,1024,0/0
/spttest/pdh9v4ohts8i,2e5972f726eb4532,1024,0/0
/spttest/vk3vjj9agukx,39a539ae8473fcd1,1024,0/0
/spttest/gi04xcp9h3d2,1e23af234ecbd846,1024,0/0
/spttest/swy8gui9xqw5,34d1353f1df61765,1024,0/0
/spttest/fyut4kqikqql,1d2af724ec6bfe5d,1024,0/0
/spttest/i2abxrf4utfa,20fec32fd62c0076,1024,0/0
/spttest/bn5avmtcd1ub,15446c52d4848a93,1024,0/0
/spttest/oqic4wphtxvf,2d2f1441e47205bb,1024,0/0
/spttest/6h9295xeofjp,bd5c5eac348e6b5,1024,0/0
/spttest/ifd2hztviesl,21a89c69cf539e65,1024,0/0
/spttest/jkvxunz3vkxy,23c3fb028f7abac6,1024,0/0
/spttest/v68y12b3wk24,38f1344f42477c8c,1024,0/0
/spttest/g9187bn4jka0,1daf2c9a835e9d68,1024,0/0
/spttest/h4lbeg8y31qp,1f491721e6962d91,1024,0/0
/spttest/5p1x3c3q483h,a677ee81551c7fd,1024,0/0
/spttest/fvydr58obb3d,1d0549672d3554e9,1024,0/0
/spttest/q8mp6vius3rk,2fee1316d4bdd810,1024,0/0
/spttest/hdtvgcfdxb1n,1fc114d6f0503f2b,1024,0/0
/spttest/nks37ff2vf33,2b110c3ea351ec1f,1024,0/0
/spttest/gvc8nnw66srz,1ed0e97786bd4d2f,1024,0/0
/spttest/rg6op8fns71w,3223d33c70cde5b4,1024,0/0
/spttest/8gcv7m5e4tyc,f71628c037d92a4,1024,0/0
/spttest/6rl4ekga0a19,c5c046b80e77ccd,1024,0/0
/spttest/n5xy3ptft14j,2a5052827fb2fdf3,1024,0/0
/spttest/3bd16x4g35y6,60e6d65a36270de,1024,0/0
/spttest/lps1t1zx1zf,11a139172a63f4b,1024,0/0
/spttest/z9zglamnvf75,4070323fcfabcdb1,1024,0/0
/spttest/xknnb6zaw0jt,3d5396690dd5a0c9,1024,0/0
/spttest/32muri0rg3x3,59d1146733552d7,1024,0/0
/spttest/jrildc4zayhk,241a16fed87e6018,1024,0/0
/spttest/45yt8x7vuuly,79bf6d114730176,1024,0/0
/spttest/4r5ew1httnym,8af1ef25aba4f8e,1024,0/0
/spttest/3dv6apcmebmo,62ef3a33146c860,1024,0/0
/spttest/bi4ujji3g7b3,1503502022f2e3ff,1024,0/0
/spttest/sxujsuzg0fk,177e9b9ac122130,1024,0/0
/spttest/93v3j2te7l4v,10a2b76c607ca8bf,1024,0/0
/spttest/q5hglmmoqa3k,2fc5376febae85a0,1024,0/0
/spttest/gkgk6u7vhb3t,1e4396b4c68ead79,1024,0/0
/spttest/20g7xq4t44hx,3ad14bd9ae99cc5,1024,0/0
/spttest/n05p03uy08jw,2a052e90e390f54c,1024,0/0
/spttest/ujk2st0w5zil,37ca77b2232e330d,1024,0/0
/spttest/l42lf1itvmvh,2690cace0ebf1a8d,1024,0/0
/spttest/sgmb19zhbsyg,33fd134ebf595458,1024,0/0
/spttest/43e33ji5lz3g,77a81d8312341ec,1024,0/0
/spttest/2cgd6z63ml1i,449014f461e7f06,1024,0/0
/spttest/4ir7rkpk8q16,84215756a31cdca,1024,0/0
/spttest/2yw4eir7nwd8,56c744b93ce569c,1024,0/0
/spttest/6p6dxymfl2b0,c3cb8db6c14e5ec,1024,0/0
/spttest/uln9hwcdg6lp,37e5987f4291a26d,1024,0/0
/spttest/hskeqv68q4f8,208081820392e8e4,1024,0/0
/spttest/3ns1f3px9at8,6afb695ac1253fc,1024,0/0
/spttest/m6jb0opgfobt,28846a23c6ffbce9,1024,0/0
/spttest/fru5of88kepb,1ccfce2ecda59f6f,1024,0/0
/spttest/eslaadffidnh,1b05fab5ecbd709d,1024,0/0
/spttest/lw9yozf7s9b6,27ff26a282f25122,1024,0/0
/spttest/bjlphazj1ubw,151662a770828ecc,1024,0/0
/spttest/fqeqo27nwyia,1cbd40e3d1e589b2,1024,0/0
/spttest/tx4di1kqb3u9,36a7099ccb43a231,1024,0/0
/spttest/9cb96jo2jnnv,111075dedff9508b,1024,0/0
/spttest/3j46hkbe18qt,67325b967c23c85,1024,0/0
/spttest/e0ppyn2t2kx2,199be136292a4b66,1024,0/0
/spttest/6y3w1boqodrs,cb0b97c9c6b05b8,1024,0/0
/spttest/t6io9kd0lrif,354d7c749de75287,1024,0/0
/spttest/955ap2h9hxme,10b362bffd38b176,1024,0/0
/spttest/3e5syby008no,632c9737db423d4,1024,0/0
/spttest/s71dqnucqp6b,33809f346a03b5f3,1024,0/0
/spttest/uw4j1z5m51ed,386db7d8fc1d1055,1024,0/0
/spttest/6e8cjhd56ao6,bae8c2bfc19c486,1024,0/0
/spttest/wd9jbgq97mr5,3b1ff4f8c4057ff1,1024,0/0
/spttest/im2xs4ipcx0k,21ffe16bcc3db324,1024,0/0
/spttest/sbqqgzvm0obx,33bdba1aa1e35d2d,1024,0/0
/spttest/f37a2zbugoc5,1b8fceda3b037935,1024,0/0
/spttest/x81mb5f90iqb,3cafc4a8ceb8b3d3,1024,0/0
/spttest/rtzpie9gwm3o,32d72854bf096be4,1024,0/0
/spttest/12avjozw2kqt,1f184619269a185,1024,0/0
/spttest/8yammkaikcw4,105a6267a90af844,1024,0/0
/spttest/8w1vhv68wo67,103d3f55a36c525f,1024,0/0
/spttest/lu2etyeuypyl,27e272951311eded,1024,0/0
/spttest/i7e6y1vv1lyw,21411a22a1871078,1024,0/0
/spttest/smcnd0a2nv34,344786ca807ee720,1024,0/0
/spttest/x32dm9y7ecki,3c6f1871e41d7622,1024,0/0
/spttest/ctgvjjo2yrbd,176a262d476750c9,1024,0/0
/spttest/l2a7858mem7,111994cfa106f7f,1024,0/0
/spttest/gcd6bl2eur2x,1dda73f700050a99,1024,0/0
/spttest/84sisc3fme2r,edb297aca660bc3,1024,0/0
/spttest/vk15gaaf58ac,39a43e00d5523034,1024,0/0
/spttest/hu75h1hzrhq4,2095b37121bbc97c,1024,0/0
/spttest/dgepgnqopv4j,18941ebea5cd99d3,1024,0/0
/spttest/wgke9nz693wy,3b4ad7d5e21d5e12,1024,0/0
/spttest/i9sb2hrv4qlv,21602c6241a4bab3,1024,0/0
/spttest/xw1j8c2biiyl,3de77aec437a237d,1024,0/0
/spttest/k6gkbwtk5k5k,24dc32714cabdd48,1024,0/0
/spttest/j74813nxcl8c,23111e7a6f1ee37c,1024,0/0
/spttest/mrdo251ur7ew,299327c7cc42b048,1024,0/0
/spttest/vx9m8lvnhfpj,3a50285b985c0cc7,1024,0/0
/spttest/uskvtcdp33l2,383fa973d66e41e6,1024,0/0
/spttest/qg92kaiakrj5,3051124c8d083a61,1024,0/0
/spttest/ecgmh5j8ppx4,1a347808d0ed1378,1024,0/0
/spttest/b787cocx2p5v,1475a445aafadce3,1024,0/0
/spttest/88n5dnnsb62o,f0d2e43942efb80,1024,0/0
/spttest/7iftnwvmj7el,db8d0f3ee2e1e3d,1024,0/0
/spttest/q1ptef3a3y23,2f944632949d752b,1024,0/0
/spttest/sf3vj7r3mfbs,33e96fa5ff9f5618,1024,0/0
/spttest/6ke1v9nn7wjj,bfe8a89bbd2237f,1024,0/0
/spttest/5ae001e0zd2y,9a903efd62534fa,1024,0/0
/spttest/r2bh1yqo67tv,316fb3dd391b8d23,1024,0/0
/spttest/e3ddw8l70b6y,19be659a29f493aa,1024,0/0
/spttest/2wm9n8vru0e3,54eeb8cd754747b,1024,0/0
/spttest/visbkv29f6y3,399411273c41b1eb,1024,0/0
/spttest/tek8yumxrvl3,35b5f7fed58c11a7,1024,0/0
/spttest/nggszzjbhfjc,2ad904fa993e6fe8,1024,0/0
/spttest/abdm3r1fgqdu,12d7efbfa5826c92,1024,0/0
/spttest/3wzd3vxd97bo,727427681f98e54,1024,0/0
/spttest/mpuqw6929zgk,297f56cc99ce81c4,1024,0/0
/spttest/104w4r28ebhl,1d56128b59c31a9,1024,0/0
/spttest/lhbh62oa0xmk,273cdb8de560f43c,1024,0/0
/spttest/y8bsyklol4j2,3e870ea5eb3f562e,1024,0/0
/spttest/4at6jo8hkign,7dae1032739ab77,1024,0/0
/spttest/ekgcjjgxxj8h,1a9c4899bec8d0a1,1024,0/0
/spttest/nmszh4qpoosf,2b2b598e08f8747f,1024,0/0
/spttest/5ftx4nd7qi75,9efb4be5ee909a1,1024,0/0
/spttest/w3h6z7locqlu,3aa0d3b008d5cdb2,1024,0/0
/spttest/udv6i2polt25,378089b457e1425d,1024,0/0
/spttest/9odl4zrzlfri,11ad2c5dda60c20e,1024,0/0
/spttest/wjgglkvdr8ti,3b70641d06c2ee66,1024,0/0
/spttest/thg6ms6ithce,35db784d0c97670e,1024,0/0
/spttest/2a79ziizi77q,42bbf40b8a46006,1024,0/0
/spttest/q98wx78secgf,2ff61706fbdca28f,1024,0/0
/spttest/xsz4xix304p9,3dbfa5b98e417ecd,1024,0/0
/spttest/iu5grwsdj6hb,2268b4f22dbb848f,1024,0/0
/spttest/xiru5mz5frpr,3d3b1eef353c6b0f,1024,0/0
/spttest/adzichv6cwkt,12f9d0b93b45e1ed,1024,0/0
/spttest/cag73zlqq4ot,16731b9c82bd583d,1024,0/0
/spttest/wree7oo9yy2z,3bd78f4f13b22a0b,1024,0/0
/spttest/7zfozjmbd0ty,e9596513e223876,1024,0/0
/spttest/pjena2zmccy4,2ea66fd26fccae8c,1024,0/0
/spttest/p7anmm943meq,2e092029644cbc32,1024,0/0
/spttest/jnvx66yai7ek,23eaf1093533e7fc,1024,0/0
/spttest/k46sekuqtm0b,24beb0f68d1766ab,1024,0/0
/spttest/ieobz8zxt6zc,219faf87726d3598,1024,0/0
/spttest/vihqnb8gozxg,39903fc3908c6be4,1024,0/0
/spttest/hnjfq464idxf,203f355e48cd3303,1024,0/0
/spttest/ssb24lvcgpy4,3494e37ba4ec9f5c,1024,0/0
/spttest/eaaxhr78i6wf,1a186f93fae6676f,1024,0/0
/spttest/o9hdh5wzkcw4,2c51e9f6c9a29144,1024,0/0
/spttest/vrhei5gsu60g,3a0507ead44b25f0,1024,0/0
/spttest/6cdnzircq9cf,b967cddc65269cf,1024,0/0
/spttest/nspgn0hsu4ab,2b7803a8e833b133,1024,0/0
/spttest/3awq43e98mwo,6088b148291f6f8,1024,0/0
/spttest/ooivjv10cg0d,2d154b8f412c300d,1024,0/0
/spttest/nkvn7d7g9blg,2b1254a924d5bef4,1024,0/0
/spttest/f3u6x8yi1q2v,1b98133753a51447,1024,0/0
/spttest/awgjh1bj17ob,13e9c47e84a12c1b,1024,0/0
/spttest/gdkvt422u0b4,1dea39316f266710,1024,0/0
/spttest/tuexm559l1up,3683e121ef48a9a1,1024,0/0
/spttest/venzfdzlq9cn,395e8b794ac9e2d7,1024,0/0
/spttest/quk9mrn9p9in,310af614b496916f,1024,0/0
/spttest/tdbju74pgvp5,35a5d75108ab3d79,1024,0/0
/spttest/ls3jvchnpfpr,27c8e15d7bc1f6cf,1024,0/0
/spttest/thy46ofm5w6l,35e1f0a66682a42d,1024,0/0
/spttest/sgs5pojbmps3,33ff2fdc97770303,1024,0/0
/spttest/72ygk7xehrvo,cefb6392eb10964,1024,0/0
/spttest/tdntmyxh9amv,35aa44e0cecc1317,1024,0/0
/spttest/ro2ohs4kd157,328a4b4928bc6b0b,1024,0/0
/spttest/grzqtcbs5cgt,1ea56f7f97ce765d,1024,0/0
/spttest/f87zi1ejyq4l,1bd1025a99f333c5,1024,0/0
/spttest/citok6fwideq,16dfe3397e743062,1024,0/0
/spttest/oqn8t4rmysud,2d30d98fdba96885,1024,0/0
/spttest/q1a374tl67en,2f8e9971be6e33ff,1024,0/0
/spttest/mx2f703lw7zy,29dd088650bbd17e,1024,0/0
/spttest/ebthw14qanll,1a2c1fcbda288ff9,1024,0/0
/spttest/byfkpecrflgv,15d7030b2135e56f,1024,0/0
/spttest/yrlwb9wq68uh,3f817ecfa67b9c49,1024,0/0
/spttest/xfe65ejwpbhe,3d0f38c814387262,1024,0/0
/spttest/j7cmn5htn29m,231426eab2659c3a,1024,0/0
/spttest/eg6luxgvpxsx,1a64cfcb8430c661,1024,0/0
/spttest/p0dc6k7bpg5x,2daf2b19eca94515,1024,0/0
/spttest/cbsgsl80txr1,16848621e495c01d,1024,0/0
/spttest/3pjklb0bv82a,6c6a2f9d4b11592,1024,0/0
/spttest/vm7jf83126w7,39c086924ed85c67,1024,0/0
/spttest/9i06tfkp4ntg,115a674b4ade0a94,1024,0/0
/spttest/vc8490sozrdh,393ed77191debd55,1024,0/0
/spttest/cb440m4epeen,167bbc82e692d32f,1024,0/0
/spttest/f5kb2g7pvkgc,1bae7cae572a2e4c,1024,0/0
/spttest/l15mdmbuyxy9,266aea9a980d6a61,1024,0/0
/spttest/l5t3lnanevsn,26a7584a722f2777,1024,0/0
/spttest/ph04slcno8bi,2e8738b8f5edb71e,1024,0/0
/spttest/gjvo8crvsr75,1e3c0d581e0903b1,1024,0/0
/spttest/dtempb9qhov6,193cf400699ea622,1024,0/0
/spttest/5kltfxjeyn2w,a2dba9f51717358,1024,0/0
/spttest/vw3yi86bj4ya,3a41205dda2e62d2,1024,0/0
/spttest/pdozz4okp1ls,2e5c3c89e343c860,1024,0/0
/spttest/46iaysmvqt5q,7a2ff469153ed1e,1024,0/0
/spttest/deo33n0q00fd,187d8689d8a28c29,1024,0/0
/spttest/f0kkik2gkjte,1b6da2a32d0fb952,1024,0/0
/spttest/zaki4ir7joeg,4077c9eb1bbad548,1024,0/0
/spttest/9s6fzqgcso02,11de8d9cb2639482,1024,0/0
/spttest/udac22qzd8s1,37790439ce3db8b1,1024,0/0
/spttest/5fx8u7tkedds,9f0e7e4efb05340,1024,0/0
/spttest/1xvq8o4zxwkh,38bb57550253621,1024,0/0
/spttest/eif122nv8rpv,1a81d440163d1953,1024,0/0
/spttest/xni4jqg8wsrv,3d789032bab101ab,1024,0/0
/spttest/sp0uca7r93bb,346a3c0d1b049007,1024,0/0
/spttest/ce63264nmlgs,16a36a902779fd2c,1024,0/0
/spttest/855krivkg6bt,edfdf572cbdd409,1024,0/0
/spttest/cdu5r9llja98,169f1d107e4cb3ac,1024,0/0
/spttest/1azp3j8pb7r8,2626318374bc504,1024,0/0
/spttest/t8pvc3ywcloo,356a0fb0449210c8,1024,0/0
/spttest/5uzzzwrxt52i,ab4bd29e5e58bea,1024,0/0
/spttest/bn9me6bhx5c9,1545fb57771c3649,1024,0/0
/spttest/va3ski4z61el,39234d7c71a3ff9d,1024,0/0
/spttest/1xddquxjlbir,38516c5624ca493,1024,0/0
/spttest/vjowywbdhb7m,399fd3d19bd50c02,1024,0/0
/spttest/ugltuwpkmep8,37a421b84ce90bec,1024,0/0
/spttest/lvx7y2t6u6zt,27fa8d967ed178e9,1024,0/0
/spttest/5q7dv5iuco7j,a76750a26b77b8f,1024,0/0
/spttest/d6wew8s7xoeb,18189db16123d0c3,1024,0/0
/spttest/6fchy1r80gnu,bbd08c4c3d1385a,1024,0/0
/spttest/ib6pwqnc5p46,21725cdf65acf666,1024,0/0
/spttest/an4f0x5ifi5q,13707d5a5dcd9fae,1024,0/0
/spttest/wl8mcr46c0lf,3b878a724fa49403,1024,0/0
/spttest/mj90xppmy1in,292990ecd6a8e62f,1024,0/0
/spttest/xtdyaluw35oh,3dc4fe3867366781,1024,0/0
/spttest/b8ln7og09dnz,14877b032bb92d6f,1024,0/0
/spttest/w63d7qil7r6j,3ac2ce4e0493a25b,1024,0/0
/spttest/wxg8li7ckewy,3c26292d117ef082,1024,0/0
/spttest/xb65zcwfz9wk,3cd86060b7528be4,1024,0/0
/spttest/x3v573dshsh0,3c797983fc168a64,1024,0/0
/spttest/s8qjx5j73zma,3396b1865f8cfa12,1024,0/0
/spttest/tutu25lignwh,36894188c7d27301,1024,0/0
/spttest/x9wjtnhwmwvd,3cc7eaf3f60403e9,1024,0/0
/spttest/422s77brwfdj,76970930f414cd7,1024,0/0
/spttest/21ts1b3xs4ow,3bef65b0605a3c0,1024,0/0
/spttest/1wm29m4ynd8t,37b3b6035f834cd,1024,0/0
/spttest/kkxf8jn4p0of,2598213a64303faf,1024,0/0
/spttest/q2j2rdu0k5ag,2f9ed4e489201fc8,1024,0/0
/spttest/vx0kjtmn194c,3a4ce4b61ca0036c,1024,0/0
/spttest/j04pq8lhxty2,22b65f174eaf3ada,1024,0/0
/spttest/vxxpoyzlum2k,3a58da0f2c578c3c,1024,0/0
/spttest/ytb8n9q0ukml,3f97a0eb115dbbed,1024,0/0
/spttest/7hjr3tb3fnc6,dad3e9ae293a2e6,1024,0/0
/spttest/rbjv1njse1u3,31e7a204fd5578cb,1024,0/0
/spttest/kdejvvvxkhtq,2536655c6abde43e,1024,0/0
/spttest/jb6saag8351e,234600365502a442,1024,0/0
/spttest/wl0ap1r1e01a,3b84899665c034ae,1024,0/0
/spttest/hri86abyiqhw,2072baa73b45e4a4,1024,0/0
/spttest/xtox9kper7h3,3dc8f3a1b422b097,1024,0/0
/spttest/mxtya8ps13bb,29e6f772afd56707,1024,0/0
/spttest/y17rwpzrszo,1ba130bf30c9284,1024,0/0
/spttest/jzzrw3bpxhsn,2488340a76f9cd57,1024,0/0
/spttest/nemwqwn6f6p3,2ac13e4a75d5d1a7,1024,0/0
/spttest/3gzzjuonoixr,657a7f0bd4fecdf,1024,0/0
/spttest/w0uy1jteaf3y,3a7ed225c2d93cfe,1024,0/0
/spttest/8vplmupudwwu,1038d19cfc6b29de,1024,0/0
/spttest/nujcsy3cv7ia,2b8fca1fa020cfc2,1024,0/0
/spttest/e4xb8h176qfl,19d29365fe23e651,1024,0/0
/spttest/jjz5iu5v7nv6,23b8268a904a8792,1024,0/0
/spttest/jjwggpr4owlj,23b72d8246d41b07,1024,0/0
/spttest/9zh7bhpux3zd,123d5c34ae0a4469,1024,0/0
/spttest/ijj008xofl22,21deb540d5b5d45a,1024,0/0
/spttest/bs25rdg2cnzp,15843c5eb3181675,1024,0/0
/spttest/vld4r2eafzpa,39b58de1a857847e,1024,0/0
/spttest/iv96rja7eld0,227709fdbaa122a4,1024,0/0
/spttest/y2fme11v98nl,3e3a7fb8cbf44711,1024,0/0
/spttest/duy2rpe9r8ef,1950f57a5ef25447,1024,0/0
/spttest/m2zsgo8tgurz,285667c3323ddccf,1024,0/0
/spttest/oj0uje1cgnk0,2ccdd80c5399ab40,1024,0/0
/spttest/3p984v9vz7hl,6c2e75522db43a9,1024,0/0
/spttest/e8h07xbg5ke0,1a00a645525be278,1024,0/0
/spttest/n0sqwjw4rky6,2a0d7fe9ed0ed6ce,1024,0/0
/spttest/4dcarfaxur4h,7fbc156881abdd1,1024,0/0
/spttest/9bodv9fjhq7,791dedb19e437f,1024,0/0
/spttest/h8hjm0kfxsej,1f7bafc074bdcd0b,1024,0/0
/spttest/h0dotl2fc33s,1f126197e7c3e1b8,1024,0/0
/spttest/p8dhq6a9won0,2e172361c4fa35bc,1024,0/0
/spttest/73o4fd2b8m5n,cf8f8a97d62e52b,1024,0/0
/spttest/ok3ou9e5b0s4,2cdbdbca298405b4,1024,0/0
/spttest/6t5jjn3er9xp,c705fe3ceca550d,1024,0/0
/spttest/vjdp47b87riz,399bc79eb6470b1b,1024,0/0
/spttest/8g3p6gtqy7c8,f6e13c19822c7a8,1024,0/0
/spttest/1e87wie6pqln,28c6e0f5f5f30eb,1024,0/0
/spttest/rnjhnqooo33u,32835ec0e283fdba,1024,0/0
/spttest/5ycakz04rfey,ae0248300903aca,1024,0/0
/spttest/x35gdyqtdbx,1adc892e091dabd,1024,0/0
/spttest/oldn2p7awj8o,2cec7032e1b1ff68,1024,0/0
/spttest/azirrtpk9uft,14118a4bcc4a2a59,1024,0/0
/spttest/x547nukkloef,3c89bc69876772c7,1024,0/0
/spttest/rk0vgbcuo6rs,3255af60de4a7648,1024,0/0
/spttest/w414jlav05el,3aa804cec4b8125d,1024,0/0
/spttest/mv5lviic72qk,29c43441f2e9fd9c,1024,0/0
/spttest/zxlsc663mpa5,41a30164ffc2447d,1024,0/0
/spttest/zm0vjtcu690o,410c94145e679128,1024,0/0
/spttest/27uidtvcdll8,40d297fad9f268c,1024,0/0
/spttest/mvt4c82ysp1t,29ccb01a2f9c97d1,1024,0/0
/spttest/wx0aj8ylss4g,3c20684140c9ba60,1024,0/0
/spttest/rt8cn2j0xk8e,32cd495dcdc3f0ae,1024,0/0
/spttest/iy55xivg8a8y,229c8e263e0831e2,1024,0/0
/spttest/vx41tsm2xfoa,3a4e26252849279a,1024,0/0
/spttest/qa5xay43d7fa,30020028b50479d6,1024,0/0
/spttest/8y97ggt0glp6,1059df1d899065da,1024,0/0
/spttest/rp9k5jionsi0,3299c3fc19850008,1024,0/0
/spttest/43z9v96z1u3r,78226f28f2879a7,1024,0/0
/spttest/1qnnsiv40uvs,32ddf6eced21c58,1024,0/0
/spttest/icuzxaklu1f1,21881caa1bbc47ad,1024,0/0
/spttest/xlbzom3qtkd,1b457f8d8c5532d,1024,0/0
/spttest/b58dv5tkrws7,145bba7889bb16b7,1024,0/0
/spttest/8tm9nixduc30,101da340e8e9c9ac,1024,0/0
/spttest/4cslq59cuf1p,7f4a61b0b0bc7ad,1024,0/0
/spttest/qiyezsf04p7z,307431e9995174af,1024,0/0
/spttest/okjvl4gf7ez8,2ce1b2fda8327694,1024,0/0
/spttest/2e28kdt0ok6a,45de2cb5856e022,1024,0/0
/spttest/l8fbxklft2l5,26c95848237f1559,1024,0/0
/spttest/q7yvacx1cpgg,2fe579e4f24c10e0,1024,0/0
/spttest/k4x68lgns6r0,24c836082e14182c,1024,0/0
/spttest/a0pwejh6q2dq,124d7cc5366ae88e,1024,0/0
/spttest/2tv4ydbes51v,52b270ed9083293,1024,0/0
/spttest/jvptr3dek7l9,2450a81b598e756d,1024,0/0
/spttest/a9j0faxlx8o7,12bfe7d21b596327,1024,0/0
/spttest/ki05t536q43c,2572265f67c9d938,1024,0/0
/spttest/42tq3mu7rb10,77329218cba2f94,1024,0/0
/spttest/cten8oq2rhzs,17695823df75fdd8,1024,0/0
/spttest/iqjnwcr7ez0b,2239df5a076d1bbb,1024,0/0
/spttest/fymlj7oevmw4,1d2800b71a01e3a4,1024,0/0
/spttest/3oxbaum55w63,6be9b098e8fcf1b,1024,0/0
/spttest/h8i4qmybkmj9,1f7be5f670fc4215,1024,0/0
/spttest/1tk08mpsuoee,35385aade3ad706,1024,0/0
/spttest/moy4oxjrc3s8,2973920d5479d528,1024,0/0
/spttest/cqubcbef65hf,174807bb2a3d7843,1024,0/0
/spttest/emixjcc244gi,1ab731b7c5b26192,1024,0/0
/spttest/fw2f86ydm8xb,1d06bea8242a2baf,1024,0/0
/spttest/3hlh0up8hur6,65f6880e36ca1f2,1024,0/0
/spttest/qnnjgvbjw5sg,30b137a040a8d450,1024,0/0
/spttest/prr4dvypbr7t,2f12da2f2d3f0f89,1024,0/0
/spttest/w0wgvv1y1yvk,3a7f5edc3aa01cd0,1024,0/0
/spttest/u4mhc1c8hj9,18758db8a913ac5,1024,0/0
/spttest/4qjktuccfzk6,8a73e15576fbdc6,1024,0/0
/spttest/mh6w10888jdm,290ed114b70e7c1a,1024,0/0
/spttest/6n64ekrixejz,c22a5deb81525ef,1024,0/0
/spttest/ua5610ic31mo,37502f24dc4d7f00,1024,0/0
/spttest/92a7y854rhhb,108e31c6ba8b493f,1024,0/0
/spttest/8zuawg1x8z1y,106e78f10099c876,1024,0/0
/spttest/bol88tpf3dhd,155728b7096faa01,1024,0/0
/spttest/v46fgdwb3jg9,38d65166daafc039,1024,0/0
/spttest/agk0bogeo16y,131b30ba4ee86a0a,1024,0/0
/spttest/zum9xralkprw,417c36c7fd014c7c,1024,0/0
/spttest/6j84d8z5xw97,bef697c25d2728b,1024,0/0
/spttest/y3p0rrcsii9,1baf8087aa2d4b1,1024,0/0
/spttest/i3zb1npmp9h9,2114c35c92cf863d,1024,0/0
/spttest/fwubkkxw7ok8,1d10cf966035fc18,1024,0/0
/spttest/9w0h9s1mqbjh,12105bb6122836ed,1024,0/0
/spttest/mytyoqo1byx7,29f3f5bcf235268b,1024,0/0
/spttest/i80dea6fuu9e,21491ac9c0215bb2,1024,0/0
/spttest/u32s3qvmj148,36f465e258119e68,1024,0/0
/spttest/c8u30170ar6,9f0f36d0670172,1024,0/0
/spttest/wxn48e3nxrw8,3c28a48e52ea4e78,1024,0/0
/spttest/reao8spbfxa8,320b49062c370540,1024,0/0
/spttest/y0k9c47ct8cc,3e22318ee083177c,1024,0/0
/spttest/8p5u961u8dkf,fe3c0d31ece18af,1024,0/0
/spttest/6fj3wvxhqi59,bbf6b57af7fa35d,1024,0/0
/spttest/sjd0ye1u440p,3420b1e66699cf59,1024,0/0
/spttest/up6pf7btqspq,3813941fd81f8cde,1024,0/0
/spttest/2y2wdva0i3v7,561e90b1e8b7c13,1024,0/0
/spttest/itgb7gv7g73j,225fa1743dd88aef,1024,0/0
/spttest/yaqaopwwghgt,3ea643cc8464ec6d,1024,0/0
/spttest/snsh8xfgrnxz,345a3a4113016df7,1024,0/0
/spttest/18c493wqarc6,23fe6a09a77f2e6,1024,0/0
/spttest/544nq0dxehtv,957b59403abe6c3,1024,0/0
/spttest/3nh7ll3pjaym,6abce6407a0f33e,1024,0/0
/spttest/l9fsxeg6x9b5,26d681250a7cd361,1024,0/0
/spttest/ka2olug90nva,250b2549073081d6,1024,0/0
/spttest/70yse9a64ewd,cd5da130a2a626d,1024,0/0
/spttest/d9yvf99hsjdm,1840789b736c161a,1024,0/0
/spttest/2fcm7xs8dhav,46e9ec4792b60d7,1024,0/0
/spttest/ae018hee4ozm,12fa012ffd222d82,1024,0/0
/spttest/32ozuy32zgf3,59dd71612ab0bdf,1024,0/0
/spttest/nv18pz6a1n5r,2b963e46ef50bd7f,1024,0/0
/spttest/lx2gjelydsgr,28096ebb6eba475b,1024,0/0
/spttest/5109381fst9x,92f26ca395bd635,1024,0/0
/spttest/mhu0l899ph71,291729414564504d,1024,0/0
/spttest/aa511ezx1y2c,12c7d97f82d9afb4,1024,0/0
/spttest/9omdvwuixtxv,11b05912b3f55fd3,1024,0/0
/spttest/7eefvijc3lus,d845c2db1702964,1024,0/0
/spttest/62fntrxr8gmp,b1550a043901531,1024,0/0
/spttest/9etcgy4gki4r,1130f7737c9758cb,1024,0/0
/spttest/5u446nxsa7eg,aa93c1fdbd7f3f8,1024,0/0
/spttest/fkxpcu0di8o4,1c7628faea260964,1024,0/0
/spttest/r5uwzt6iybwz,319daf87aaf52ad3,1024,0/0
/spttest/ly75a7u13u61,28181cf39cc48479,1024,0/0
/spttest/ptphiws9o47v,2f2c3daca849445b,1024,0/0
/spttest/qwzn52tjsnsr,312a7cc737984e7b,1024,0/0
/spttest/t0w9350evb1e,3504732031dc27a2,1024,0/0
/spttest/zo1fxtmgy506,4126c2e8347a85d6,1024,0/0
/spttest/ij9va2yq8cy7,21db69cfa129b58f,1024,0/0
/spttest/jddf97dsoy5s,23625fdeeff662f0,1024,0/0
/spttest/9l6asv8rgrua,1183937f23f8fbf2,1024,0/0
/spttest/kvr2s3s0x00y,2624b8e1a9cb9e62,1024,0/0
/spttest/j9tpbq81hnzk,23344a92d0acb4b0,1024,0/0
/spttest/koqgckxuvas0,25c99287df968a50,1024,0/0
/spttest/kuhtsi0imqyi,2614653f283ca3fa,1024,0/0
/spttest/yfzko2t91il9,3eea8f024330715d,1024,0/0
/spttest/h5mrxc4ahtpd,1f569b27eb958aa1,1024,0/0
/spttest/srnqqmx5rr98,348c79cb4706ebbc,1024,0/0
/spttest/o9kajkbe0ade,2c52f78add620e82,1024,0/0
/spttest/7gagr7u6vbkb,d9ce77a7eb17a4b,1024,0/0
/spttest/qcgofpig7czz,301fdbf86cc5258f,1024,0/0
/spttest/kksgmsq4bg,76cb5864e4c5c,1024,0/0
/spttest/179qgr5i27gd,2320d42116cc83d,1024,0/0
/spttest/x77rrjs5tl8h,3ca4ff9c1da515c1,1024,0/0
/spttest/xkopo5k67gsm,3d53f8d57a7e36c6,1024,0/0
/spttest/7d01pj3vmr7q,d722d6b3bae0e46,1024,0/0
/spttest/fvblocc7ecv1,1cfd11428d590f9d,1024,0/0
/spttest/can9xql4qe78,1675a970e15ba264,1024,0/0
/spttest/zm5twiz70iak,410e5db1f8404f9c,1024,0/0
/spttest/vt31y27mp205,3a19d50dd7bfc865,1024,0/0
/spttest/idjs2kby4knf,21910db84ed16f8b,1024,0/0
/spttest/i1evz80f66v,ea513084badd17,1024,0/0
/spttest/45e64j0y1shm,794842029ddd87a,1024,0/0
/spttest/20ybqjk0904n,3b39d1ec6eee8e7,1024,0/0
/spttest/csktxum54bn5,175e9647f0c470f1,1024,0/0
/spttest/km6h08jv0eco,25a86256a41673a8,1024,0/0
/spttest/kjwyyeacopo5,258afa320b98ebf5,1024,0/0
/spttest/g96a0zr9nzdc,1db0ff200c5837d0,1024,0/0
/spttest/i08fosmv0ahg,20e4198f9e8f8c14,1024,0/0
/spttest/89ewrwnwzvv,6b4f9ffcfa24ab,1024,0/0
/spttest/t3hm11hd4m6o,35262293f69caa50,1024,0/0
/spttest/abdgituzr9f4,12d7e16db70cf370,1024,0/0
/spttest/tv9l073wgbjm,368ef031cf121a72,1024,0/0
/spttest/wq2azje5rapo,3bc6355af30b7bfc,1024,0/0
/spttest/kbqosi10xh5y,2520cbdaa7e09926,1024,0/0
/spttest/2r1tasga0gk1,50697f618f01dd1,1024,0/0
/spttest/37efp5myej33,5daf9f58622621f,1024,0/0
/spttest/qixuf7e0hcd4,3073fd2136a280d8,1024,0/0
/spttest/pppes847jqsq,2ef8419d3255856a,1024,0/0
/spttest/u8zuc2zuj20x,3741460ba8a5fb01,1024,0/0
/spttest/mc2ugkr2p0bd,28cc694d6c8b9bd9,1024,0/0
/spttest/cv18flt6okse,177e7bdf6ffde93e,1024,0/0
/spttest/dg96sl8i34vi,18922100ffa9fd6e,1024,0/0
/spttest/7mh9p5ed74av,ded4b7d1c03c687,1024,0/0
/spttest/2o3vis1q7x5j,4e05ea0e90be197,1024,0/0
/spttest/hz3y6unx7p04,20d57def214f5754,1024,0/0
/spttest/6s1m2bj5xvv8,c61f79f7dfea094,1024,0/0
/spttest/426jzp4m7cct,76accfc7879f04d,1024,0/0
/spttest/cfwoatdskfhh,16b9ffe44e91cb65,1024,0/0
/spttest/42n9435gnfpa,770d355e70b233e,1024,0/0
/spttest/77td89hlit54,d2ed21dc4a70d08,1024,0/0
/spttest/c7f1vmvjrck9,164bba0c73d66759,1024,0/0
/spttest/nvb3l62jpq35,2b99ccc9b2e32b51,1024,0/0
/spttest/kr0sw13isnb0,25e748e6f704b2fc,1024,0/0
/spttest/aqderz6qxkby,139ab3ccc964072e,1024,0/0
/spttest/tfrik7m9annt,35c59471c05cc749,1024,0/0
/spttest/29mv0mb14hro,424617ade343ff4,1024,0/0
/spttest/igju962n1lxh,21b80b17a6988445,1024,0/0
/spttest/tf9xc9acg0lx,35bf3bbc6240eb15,1024,0/0
/spttest/h425hoh85u29,1f422cf8a1ced371,1024,0/0
/spttest/v7w9sjwfm8hn,39069c37fd5af37b,1024,0/0
/spttest/z9j027mnl59y,406a41f1d9988cf6,1024,0/0
/spttest/j55ae06by03a,22f786625d4777f6,1024,0/0
/spttest/30awaq31xwlz,57ec6475b5fd057,1024,0/0
/spttest/be556scj0hk0,14cf7669c8db3be0,1024,0/0
/spttest/2mqpiht06829,4cea12b70ba9251,1024,0/0
/spttest/wo163d43w0hq,3babd1ead446cd7e,1024,0/0
/spttest/lz0fabxhn654,2822ad4bedd683d8,1024,0/0
/spttest/mr3f3zi84a5h,298f752335d48c65,1024,0/0
/spttest/9otzsqqvv3xf,11b317df4352eca3,1024,0/0
/spttest/7r6zwjmyl44j,e2a88f58ce1b223,1024,0/0
/spttest/drz2cknveknf,192a58ff63bfdb0b,1024,0/0
/spttest/mdssa5g09nq3,28e2c28b4176f05b,1024,0/0
/spttest/gw6iz7ykpav3,1edbd6fee8a28f3f,1024,0/0
/spttest/pi2kqo6irody,2e9517a19eb8de36,1024,0/0
/spttest/pqyxkoazojld,2f08ae6590ec6431,1024,0/0
/spttest/luzo3r8cdrp0,27ee72865ef7e974,1024,0/0
/spttest/30cot3wdpxl7,57f6bcc97a6934b,1024,0/0
/spttest/6l8aqfodgn2w,c0974553a16d5d8,1024,0/0
/spttest/as7q8y0sxw13,13b2a189720ddc67,1024,0/0
/spttest/676b61ijh6k1,b52e31d515a4671,1024,0/0
/spttest/dfrd95bxb7ed,188bb2f34bcf5735,1024,0/0
/spttest/mc8kpuwqck6u,28ce7a83fe83eb36,1024,0/0
/spttest/6r1m9wi4u687,c54fae81df7c707,1024,0/0
/spttest/1avli5skyfo5,260e866a3efd7d5,1024,0/0
/spttest/e8lb3gkpq6m2,1a0233a62ef2ecfa,1024,0/0
/spttest/wl0q2egeetij,3b84b106a434faeb,1024,0/0
/spttest/8porp0coc9d4,fea9540c52ec268,1024,0/0
/spttest/lg8gacvxhdmd,272ec6eeae273c35,1024,0/0
/spttest/ap0etq1pll4k,138905e1695d9b34,1024,0/0
/spttest/b0ztotabnlsu,1424aebad7b8f11e,1024,0/0
/spttest/68ie0ebo8z1y,b643c15d29b6776,1024,0/0
/spttest/b2j0oi8hmknd,143898ebfb6a0309,1024,0/0
/spttest/i2s6mtoxogas,21053434f1b2d984,1024,0/0
/spttest/iirp50xb0rl3,21d4db6d7625daa7,1024,0/0
/spttest/rkz0e4wr6mpf,326200927f1cf373,1024,0/0
/spttest/j4v1gp6le88i,22f3d3cd42edbe32,1024,0/0
/spttest/9d8v2g7doslv,111c962d8c55cfd3,1024,0/0
/spttest/hdtskqdor3qn,1fc10d74785957af,1024,0/0
/spttest/dg1wbo4a1fj0,188f7f8ffc661edc,1024,0/0
/spttest/x94538mrow6d,3cbdaad6b5480be5,1024,0/0
/spttest/pqzvifth2lzv,2f0905795cb790db,1024,0/0
/spttest/gvn1vpbgfov,db3eab9773d26f,1024,0/0
/spttest/wydnolen0hkm,3c323808f41017f6,1024,0/0
/spttest/8t94j8xn99o9,1018e55525d27439,1024,0/0
/spttest/9kevmpo3t20q,1179aea0effa027a,1024,0/0
/spttest/nlo1dwtv9b6i,2b1c935be581f3da,1024,0/0
/spttest/2j5e5hopzb9y,49ff88419128cd6,1024,0/0
/spttest/azcpq2z37q6k,140f5ad4b3406f4c,1024,0/0
/spttest/cpa5g127ln6h,1733c3fabcd82799,1024,0/0
/spttest/9s5cqm9kr8d6,11de28e592419b1a,1024,0/0
/spttest/jw3g469th5vk,2455924605929900,1024,0/0
/spttest/de5buprnh7fi,1876c1ff76fc12de,1024,0/0
/spttest/filqhr44uvpd,1c57dcf6d43e0001,1024,0/0
/spttest/aw39tbbuib55,13e4faec9e4ae2e9,1024,0/0
/spttest/bmc0bd2sbkwh,1539da8abe1bb291,1024,0/0
/spttest/1egsmu4y8kem,28f8632afd16b4e,1024,0/0
/spttest/svmy4eerysir,34c02564e8d797e3,1024,0/0
/spttest/g6jfsxtbudxd,1d8ec6f67c7f3101,1024,0/0
/spttest/4qrnijs7ekfh,8aa27ebf8b965ed,1024,0/0
/spttest/bw0nnndryfrv,15b7a6943d60035b,1024,0/0
/spttest/5i3snmer84tj,a0d3f767e79dd67,1024,0/0
/spttest/bo177si8ttgy,154feeb5f0e64a72,1024,0/0
/spttest/1og3i52czbbn,3112a4934a0c813,1024,0/0
/spttest/cff23mwvwh4n,16b3a4ac381a3db7,1024,0/0
/spttest/7ix2j0f0u23a,dbf09f4a7a9c216,1024,0/0
/spttest/v47mpqucdj3,1943002d3c7657f,1024,0/0
/spttest/fyu9zks3hooy,1d2ac609bdf46a42,1024,0/0
/spttest/gb66ktuv2v02,1dcaf0ca0d4b9072,1024,0/0
/spttest/5qojecw6xes5,a7ca57f59354f15,1024,0/0
/spttest/1odkonr6pkkh,3104143a2a3b661,1024,0/0
/spttest/i49z5djymcll,21189ce349e38749,1024,0/0
/spttest/m9e88mf28tt7,28a98cefe0b686eb,1024,0/0
/spttest/hhqdb0228tck,1ff3c63263409094,1024,0/0
/spttest/a3ky98x35n4,832f6de4813050,1024,0/0
/spttest/yd1j3or1vort,3ec44bf4c14abc29,1024,0/0
/spttest/23rn992xsm25,3d82bdea97237ad,1024,0/0
/spttest/3wmk7dkwyjuq,722a3e291151902,1024,0/0
/spttest/s7k7of7lnjp2,33876aa5a2746476,1024,0/0
/spttest/aya1ioe1n4jn,140166bb25720fc3,1024,0/0
/spttest/5wdu6nlqk89w,ac6b8a96d6a24e4,1024,0/0
/spttest/gs0htpwdsm5z,1ea5b4cd2c9cdc37,1024,0/0
/spttest/4x74yscjjcvn,8fdadc2ecaeaaf3,1024,0/0
/spttest/1yzsg3bdsahr,39a29d9358f8d1f,1024,0/0
/spttest/5wjjypf0eibq,ac8c8a598060046,1024,0/0
/spttest/3em6d9ua3v2u,638b1c35c611216,1024,0/0
/spttest/k1r9cyddh4ae,249f1c0f7023d0f6,1024,0/0
/spttest/7ghbm48pq4qw,d9f60dd216d3388,1024,0/0
/spttest/scyfh0ikvrdj,33cd7e15970ff857,1024,0/0
/spttest/dy2rpxhlb3ee,19799ebd403f4ef6,1024,0/0
/spttest/jl77m66o6rdo,23c80c1cf572a01c,1024,0/0
/spttest/dotgyhsex0jf,19015c805180cefb,1024,0/0
/spttest/e3batwbds92g,19bda50063db95e8,1024,0/0
/spttest/izcla4fhsfuu,22ac395e57374c46,1024,0/0
/spttest/h2vdt956mvkg,1f32be7ceb9d1350,1024,0/0
/spttest/kmj38diqfi5h,25acefc8dcf9bba5,1024,0/0
/spttest/d046s2g48nq2,17c07f048f3a0e1a,1024,0/0
/spttest/wtq58l46hgi6,3bf5c736a36c13ce,1024,0/0
/spttest/8c65qv1xlqmw,f3b01f8d18a4f18,1024,0/0
/spttest/rham8ejrb5ym,32323ba27c68f9ee,1024,0/0
/spttest/if88a8djrc15,21a6dd69df13bca9,1024,0/0
/spttest/1xygrpd58aga,38cb24300a1afea,1024,0/0
/spttest/5xt6g0xsuhzw,ad93ee642a0769c,1024,0/0
/spttest/3y4jv7302sdr,7361ee6e938182f,1024,0/0
/spttest/jhe0ce70pk4j,23968b01acf28e23,1024,0/0
/spttest/ujzsoe72zuop,37d0239d8d882419,1024,0/0
/spttest/1cpmevkt6yui,278bb09646572ea,1024,0/0
/spttest/b4q9ojganuv2,1455311b80b0b5fe,1024,0/0
/spttest/212t3oaun5db,3b53b25bfd500ef,1024,0/0
/spttest/cowj3s5bjynj,172ed9df4380d52f,1024,0/0
/spttest/h5ez0fl2bq1l,1f53ca642387fe99,1024,0/0
/spttest/ol6s29xxylbe,2ce9f66b760d956a,1024,0/0
/spttest/3b5i24jy7la7,60bb5ba4f55b57f,1024,0/0
/spttest/dlhuoedub0ci,18d633837fbde882,1024,0/0
/spttest/fsnpo3vsbzcb,1cda7827b3b82fab,1024,0/0
/spttest/jc0zosqlfl1d,2350e64106f8b541,1024,0/0
/spttest/em3bf78gy02j,1ab18f73a7dd94db,1024,0/0
/spttest/33rbb383vibx,5abaa741e89618d,1024,0/0
/spttest/3gfatwld530a,6503125bd757f7a,1024,0/0
/spttest/6wp40n9x1u7v,c9e672f30f1443b,1024,0/0
/spttest/xiz9geipkuy3,3d3dccc4205afaab,1024,0/0
/spttest/10ieshqqe2w8,1da41d286ae1828,1024,0/0
/spttest/wct6ioto696e,3b1a0e3d55d41ff6,1024,0/0
/spttest/uifz1op1bk35,37bbff55fca29f71,1024,0/0
/spttest/79cwc7kbmio1,d42db669b033301,1024,0/0
/spttest/tznjfj9io7ld,36c7ee56a5014271,1024,0/0
/spttest/xh9wp4abc9y6,3d27a991be91905e,1024,0/0
/spttest/11l6avqbg8l2,1e83e6700759276,1024,0/0
/spttest/g69mwkzcvr1o,1d8b3d80265dd2ac,1024,0/0
/spttest/sakgfp050na3,33ae78e31faeeadb,1024,0/0
/spttest/ol8mlpu70wg4,2ceaa125adbd1344,1024,0/0
/spttest/ql1sjkbf6h4c,308f644b97a6172c,1024,0/0
/spttest/kvqq0gmavpwt,2624981f3483f6ed,1024,0/0
/spttest/uq6d3qnjjab5,382071c65320c9f1,1024,0/0
/spttest/7tpr7kkrhhwq,e4b4829bcc53fea,1024,0/0
/spttest/uhmyf65ki45,18c0adcd0bf05b5,1024,0/0
/spttest/jxr2i8na3ejr,246b1573189e7267,1024,0/0
/spttest/2hbhl2zvz6xa,4883105477e58ce,1024,0/0
/spttest/na9fynhns69c,2a886d6916c859b0,1024,0/0
/spttest/1mz4nwd819ms,2fe0dbecc120304,1024,0/0
/spttest/pvgn043b5ao3,2f4306edc130dc43,1024,0/0
/spttest/dhd6v65zozw5,18a08feae6a622b5,1024,0/0
/spttest/2751pka2ylgw,403f982b7dccb30,1024,0/0
/spttest/j05xwenaw41f,22b6d06cd80bc273,1024,0/0
/spttest/in9j49mas6nz,220f3fa2549602bf,1024,0/0
/spttest/6mud75jjtk2l,c1e68039caa39dd,1024,0/0
/spttest/t6jnj5xqzwt7,354dd6f131001edb,1024,0/0
/spttest/fd9gpbkjotw5,1c127d24a6db6055,1024,0/0
/spttest/qs8ke7f984f0,30ecc2c30dd0fd5c,1024,0/0
/spttest/hbo5wbrruax5,1fa50ae9e0ab89c9,1024,0/0
/spttest/mli0e7p4yie2,2946c95ceb52099a,1024,0/0
/spttest/pxtaqgbhsne1,2f6192c05cdea269,1024,0/0
/spttest/zb047933v97,1ca9855ee2dd7fb,1024,0/0
/spttest/17zkqw6ln5cq,23b60290cef07da,1024,0/0
/spttest/szjxukiyijpv,34f3049da289de53,1024,0/0
/spttest/oj13yv6fksq1,2ccdf03e43ed8569,1024,0/0
/spttest/j3dmi5end19k,22e08de6cd8186a8,1024,0/0
/spttest/wsq2ww4lrz8y,3be8c3fdde2cb032,1024,0/0
/spttest/rcxpi7494i7,16360d6de8bdf0f,1024,0/0
/spttest/gg1k1ldzox9i,1e0a37c8212fa566,1024,0/0
/spttest/kyzed479woun,264eb1519d17eacf,1024,0/0
/spttest/snarrpt6yina,3453d69f6d033ce6,1024,0/0
/spttest/ijzuo28b9umv,21e4c9d0e0842e57,1024,0/0
/spttest/e45mzn4nbsr7,19c8973f66579d53,1024,0/0
/spttest/fjcged79ux56,1c618101ecc2784a,1024,0/0
/spttest/3htw6yuqvlwt,662725f3d69b2ad,1024,0/0
/spttest/m468uoou1lts,2865b947a81662c0,1024,0/0
/spttest/59b6vf5mhhup,99b0334f0432ea1,1024,0/0
/spttest/gx4moh6j2dmt,1ee825036d448c85,1024,0/0
/spttest/bjz3qfvdiwjr,151b38036877ee47,1024,0/0
/spttest/6eot8auewbc,533c5ba0aba118,1024,0/0
/spttest/vdzkb17vedpp,3955bbd6be3b07ed,1024,0/0
/spttest/vowrj7tfaoy3,39e39b1a145fcfcb,1024,0/0
/spttest/8ds07owkydzt,f4fe1227f2acf59,1024,0/0
/spttest/jajkeirm028a,233d9f849739cd4a,1024,0/0
/spttest/ceg5iu2zppir,16a70c909b31f873,1024,0/0
/spttest/qb13klfb8fqy,300d3fa8264fd8ba,1024,0/0
/spttest/m980weiojno0,28a74fe56bbf7e90,1024,0/0
/spttest/mrggyaltn98f,29942aa68e225f7f,1024,0/0
/spttest/bkkctcbpwxoe,1522e30b963b377e,1024,0/0
/spttest/3y02nhhoke70,7348142d8c450dc,1024,0/0
/spttest/r027ywoqqfur,315262ba00620cc3,1024,0/0
/spttest/l130w0u1ltmz,2669fabb53cc624b,1024,0/0
/spttest/h8bp2lb60s8t,1f79938d7b4d30fd,1024,0/0
/spttest/w1astu4vhw3s,3a848aa924b6ebc8,1024,0/0
/spttest/m8cre44erc2i,289c0815ca9393da,1024,0/0
/spttest/tgbt8120gsui,35cce72a211b4e0a,1024,0/0
/spttest/lvzu8hvtrivy,27fb7f83a110c15e,1024,0/0
/spttest/82yl4255qpc3,ec35f248ccc7bc3,1024,0/0
/spttest/7iq775hba452,dbc8f5c96841276,1024,0/0
/spttest/vg6lx9lo3cmb,397241149263bea3,1024,0/0
/spttest/dc60z1nq3x1d,185d07f00c7bb001,1024,0/0
/spttest/fgl7ptq31ah0,1c3db246b1d68644,1024,0/0
/spttest/w46ao8qctngf,3aa9e260056dcfff,1024,0/0
/spttest/eet9gmq703sm,1a5301f14f748236,1024,0/0
/spttest/inh4d3i7t5yy,2211fcb8fd86227a,1024,0/0
/spttest/ea2o05kpunh7,1a1574491de6ab5b,1024,0/0
/spttest/lq3yw442xes7,27af0d64a667db17,1024,0/0
/spttest/gd2m7em608jc,1de3a1ecf418a938,1024,0/0
/spttest/uy4xvhcoz2w4,3887d8628bea9164,1024,0/0
/spttest/una63lr4zfmq,37fad981ddf419e2,1024,0/0
/spttest/vsplnduy5xya,3a14fa74148f6522,1024,0/0
/spttest/xwrf640yqr0h,3df0d2135b872d41,1024,0/0
/spttest/upuz205024gh,381c55ade5ee3711,1024,0/0
/spttest/c02msmerwmak,15ec522190d88bdc,1024,0/0
/spttest/5qdpnxis6a8q,a78bd8616576d5a,1024,0/0
/spttest/9da10pg2491j,111d01d10e4218c7,1024,0/0
/spttest/kf6sbn5rjoez,254d9293ef62615b,1024,0/0
/spttest/2b4235pjdcao,437932364a28680,1024,0/0
/spttest/jsotld00g2ha,2429538f5137808e,1024,0/0
/spttest/5g670t2tnh9t,9f4228beeb10c31,1024,0/0
/spttest/4iongcb3z54x,841289b193ab3c1,1024,0/0
/spttest/q89ckz3sqy3g,2fe941f3a47ce71c,1024,0/0
/spttest/bmf0iq1zk8co,153af02bd96e2e48,1024,0/0
/spttest/b5965mx4tig5,145c030f34074aa5,1024,0/0
/spttest/p81ax6oa4tah,2e12bd808f11b749,1024,0/0
/spttest/x3hg08f9zkgf,3c74881849ec174f,1024,0/0
/spttest/uattcftyhcxw,375913cf262641c4,1024,0/0
/spttest/dm1cc2edvixo,18dd3bd0be91b69c,1024,0/0
/spttest/6x02a4tf6eg0,ca25ac794c651a0,1024,0/0
/spttest/9i72incg8nap,115ce2d70e88d7f1,1024,0/0
/spttest/8iv3hmcvnkl4,f91f0ed9bd796f8,1024,0/0
/spttest/qaskk029qebv,300a2beb2fafbc0b,1024,0/0
/spttest/izayuhkltrco,22aba3704db9c4b8,1024,0/0
/spttest/qhd073wcp8u6,305f7af5214ef4fe,1024,0/0
/spttest/uic0utdbu9jz,37ba92813d0a1adf,1024,0/0
/spttest/gl9l61azzsnr,1e4e0fe4cb8276d7,1024,0/0
/spttest/b3pphfty1kwj,1448000768ae4613,1024,0/0
/spttest/fzesc6mril1m,1d322c7c4cf4ae0a,1024,0/0
/spttest/2v9da6tygkpl,53d46d6bd21a2d9,1024,0/0
/spttest/xcy9serzsl3p,3cef81b698b788d5,1024,0/0
/spttest/i7ofwj3n0q1h,2144cccd223316d5,1024,0/0
/spttest/u24rp1yenbeo,36e82051177f7f80,1024,0/0
/spttest/iqkyegteo726,223a56ab2fa71bbe,1024,0/0
/spttest/8jgv64hr2zg9,f99cbaf117bbef9,1024,0/0
/spttest/wmj8lu2ibj3t,3b985c7af0bdef79,1024,0/0
/spttest/414e9avyq50v,75d084866a8b9ef,1024,0/0
/spttest/bc0xqvisoyrg,14b3f7550d5559fc,1024,0/0
/spttest/h38l5kflqjjn,1f37821cfc663673,1024,0/0
/spttest/lxyill0i1594,2814ffcd7e5fb2d8,1024,0/0
/spttest/tjlymc1o68up,35f78877361a6e51,1024,0/0
/spttest/sl5dwlbr7nvu,3437eab1d023cbaa,1024,0/0
/spttest/l0c4zpjmcsj,110e5895a051143,1024,0/0
/spttest/5vjwjj8mdv22,abbeba9fcbbc47a,1024,0/0
/spttest/tto36y04nqjk,367a318062400a20,1024,0/0
/spttest/h53tr71rnk0g,1f4fc4da6d629410,1024,0/0
/spttest/wro9x31dhi3z,3bdb1ff8fe30b6ef,1024,0/0
/spttest/teghfcoud34e,35b49c398f350f0e,1024,0/0
/spttest/je1i5nl4q9gz,236b10272c005a73,1024,0/0
/spttest/g8ab4znxfzme,1da576312e890f16,1024,0/0
/spttest/ihu2kw8mvv04,21c8b964c3a8a4b4,1024,0/0
/spttest/lp97optynxwm,27a3f48ae3569166,1024,0/0
/spttest/lc4u7qlrrypv,26f9842ab220b783,1024,0/0
/spttest/k7j5prej90zg,24ea1f4de99e483c,1024,0/0
/spttest/d7x7ocsbtawc,1825e4cb8cfe776c,1024,0/0
/spttest/v96f9aes8axg,3917432dfb865d54,1024,0/0
/spttest/n2zzuknxegc4,2a2a17f4bae48734,1024,0/0
/spttest/gvkiot22cfmw,1ed3e626f53e3428,1024,0/0
/spttest/lxsinyfv768o,2812d5c32b591658,1024,0/0
/spttest/lgg73adgd070,2731924847d6063c,1024,0/0
/spttest/qkxyyfhesgsj,308e0346ca7c6603,1024,0/0
/spttest/mqepb23l5aem,29868a17e669c4ee,1024,0/0
/spttest/j32dtr1uie2u,22dc7f95ef8189c6,1024,0/0
/spttest/j8efc0lvujwl,2321ca27e551b345,1024,0/0
/spttest/e9aqr8xmj8dz,1a0b610991abeb37,1024,0/0
/spttest/tbs1ih56kiqf,3591d00b2c1f25d7,1024,0/0
/spttest/vpt7p7xohfka,39ef505db57b550a,1024,0/0
/spttest/d0jkpfeb2dkc,17c60c463576c42c,1024,0/0
/spttest/d6vet7kaxux3,1818411bc11de4c7,1024,0/0
/spttest/osglrgah9tov,2d486ebbb17bd78f,1024,0/0
/spttest/qqlxf3ow79zx,30d79a7467709e5d,1024,0/0
/spttest/isdohhre99hb,2251b1298c5b023f,1024,0/0
/spttest/8b500wvzkkvs,f2d99ab2a8f85b8,1024,0/0
/spttest/q2qhtjx2n5li,2fa1821c9d275216,1024,0/0
/spttest/h8bpsfgyz8n1,1f799564e850a87d,1024,0/0
/spttest/ql4t3tz5lkrh,30907ad835b07d5d,1024,0/0
/spttest/oncgtu8l9bgp,2d05fe515ab71749,1024,0/0
/spttest/m5pqv0s8pt8x,2879bfbdc6a11851,1024,0/0
/spttest/jmexj9zuumf6,23d7d273a0ea6702,1024,0/0
/spttest/3mgqz5fifjnv,69ea67b82000f4b,1024,0/0
/spttest/bmolfkni9n7o,153e65247680ebc4,1024,0/0
/spttest/aogwslcag7n1,1381fc9e83a6d4ad,1024,0/0
/spttest/v6j0v1qkqz2j,38f4d742b83d400b,1024,0/0
/spttest/kgozu81cmrgq,256121bf6825648a,1024,0/0
/spttest/vx4w8l5debhk,3a4e742c487ae2a8,1024,0/0
/spttest/1231439ecq7a,1eeafb7c1a2d1a6,1024,0/0
/spttest/uinkxphjtq51,37bebe13cb7fd095,1024,0/0
/spttest/b89fw8tx6k0o,148313d16dea7fd8,1024,0/0
/spttest/vqlqumphbrk5,39f99bcff63af545,1024,0/0
/spttest/za62tv1zv25j,407295843f3bf3a7,1024,0/0
/spttest/77if0dpnfyg,5da2a0f66f7d88,1024,0/0
/spttest/90e2vs6e8cc1,10759bbb93961671,1024,0/0
/spttest/cuneqzcq3poe,17797eec44385ebe,1024,0/0
/spttest/jsx1ji049y8y,242c4ae63fc079a2,1024,0/0
/spttest/5avnwjag66sx,9af6386b2b20ff1,1024,0/0
/spttest/9cpgoylkv1nr,1115964c87904227,1024,0/0
/spttest/88xrqkqm9ilb,f1103507d6e045f,1024,0/0
/spttest/sznfqm076c0t,34f4479f58f0c95d,1024,0/0
/spttest/40cyavf2ynur,75321664e7efb43,1024,0/0
/spttest/o3xp374il8h8,2c09de1c0948302c,1024,0/0
/spttest/clvjhrndp5q7,170786bb02abc23f,1024,0/0
/spttest/vp0svskesatl,39e5100976cb43c9,1024,0/0
/spttest/5cnrb69q8ocr,9c683d5972e6b4b,1024,0/0
/spttest/1c1732wsc4qw,26feadf112e9f08,1024,0/0
/spttest/ybdtdraw4k93,3eaec03cb512b787,1024,0/0
/spttest/aoacjuujtqxi,137f9e78af71f896,1024,0/0
/spttest/eo8mi5x9mu7y,1acd743dc5f7df7e,1024,0/0
/spttest/4lmbvf4dc2fa,86749ecbf0f0446,1024,0/0
/spttest/mkd5s5aofqrb,29380c1645600537,1024,0/0
/spttest/bhgs9zg3hgth,14faa179991f0265,1024,0/0
/spttest/u2g44ib94cru,36ec3842205aeeaa,1024,0/0
/spttest/nzv54h6oj44n,2bd4fd1f21ce9ba7,1024,0/0
/spttest/65gcmmld4h5q,b3c880806a0b0de,1024,0/0
/spttest/b3fddj0sitf7,1444454740ab7173,1024,0/0
/spttest/stpu8mlqxvkm,34a736060bb14c16,1024,0/0
/spttest/6p3cngnz58t9,c3ba07036da3add,1024,0/0
/spttest/ikggphmlh4i3,21eac841bee4ce0b,1024,0/0
/spttest/5kwdjwivkh2o,a3189e74db65a70,1024,0/0
/spttest/e0jnp8vd2fnp,1999b13372b884c5,1024,0/0
/spttest/yqrdnicq5s6n,3f767be2cc7e07ef,1024,0/0
/spttest/qb4ua0u0ypy3,300e9948c5446fdb,1024,0/0
/spttest/tg06uav5osod,35c8b5b03193c82d,1024,0/0
/spttest/zi1z57jvbbl8,40d904a49f146a6c,1024,0/0
/spttest/otrjmovu6wg7,2d595e91d531a3c7,1024,0/0
/spttest/54hsn7g06i8z,95c72fe91e011e3,1024,0/0
/spttest/n9kp6rew502t,2a7f7fdfdb81d7a5,1024,0/0
/spttest/y650mdm6a324,3e6aa136d24c5bfc,1024,0/0
/spttest/tot3o6im1hdj,363b0e499bfbcc37,1024,0/0
/spttest/8io0b3ivqku9,f8f62302d56e301,1024,0/0
/spttest/b81l5x63xjpd,14803e6404b5ed01,1024,0/0
/spttest/pncsmqs8m6uc,2ed9b9d7ffc3e424,1024,0/0
/spttest/c74tdcloz0l6,1648088965ca79ba,1024,0/0
/spttest/pyqjbb7vug0y,2f6d90ea930817a2,1024,0/0
/spttest/9pwcvp9pq6i7,11c0ef6e71f1706f,1024,0/0
/spttest/xc1qtqvfi3p3,3ce3c5465a9a0e37,1024,0/0
/spttest/mnag7gxpsvp5,295e09809ef12c79,1024,0/0
/spttest/qncfh15zwzab,30ad3552e18e01a3,1024,0/0
/spttest/thwcozmfvktd,35e14dbeadb23221,1024,0/0
/spttest/fqtm59vpjupu,1cc29ecfba618742,1024,0/0
/spttest/lt0v28adlrg3,27d4e63b3c0b1333,1024,0/0
/spttest/b7munbam5cq0,147aed32de557da8,1024,0/0
/spttest/b751ulf2l9mi,1474810cbe2ed1fa,1024,0/0
/spttest/p7eip5den6l1,2e0a84fc72fb3315,1024,0/0
/spttest/lpskdsnr3yas,27aaf01dae9e8764,1024,0/0
/spttest/n1dbun2b73a8,2a14ed0619f92f60,1024,0/0
/spttest/jsthi22uongt,242b02604e4b52cd,1024,0/0
/spttest/c0h18d19sd5g,15f184544be04e94,1024,0/0
/spttest/lgqqwim4n8tr,273560cc417a486f,1024,0/0
/spttest/nbbuancr7ma9,2a96482e006c0791,1024,0/0
/spttest/kp2dxidba10c,25cde0be7235c29c,1024,0/0
/spttest/9z79lu0dizz0,1239c66458aed39c,1024,0/0
/spttest/irlqmtxt9nqo,22479c5d11599170,1024,0/0
/spttest/uinmbclzr971,37bec19d8c375e4d,1024,0/0
/spttest/tcv3u35u39zv,359fe85d3f70175b,1024,0/0
/spttest/1ripjnw6u26r,3391359337ddc93,1024,0/0
/spttest/zqrhxcl3mnpw,414a2417b8247894,1024,0/0
/spttest/c3dr6oibg7b5,16174d379202fc01,1024,0/0
/spttest/453zapl489op,790d6ec6011eb09,1024,0/0
/spttest/vsadw6njprxf,3a0f7d07dc5568a3,1024,0/0
/spttest/tezpxbvsh3cm,35bb8d076dd49336,1024,0/0
/spttest/np1t78u81sc8,2b4883487ccac5b8,1024,0/0
/spttest/yx8ri8x5otx8,3fcab13b7da4f67c,1024,0/0
/spttest/iyb0ez8o26wq,229eaa3549b0777a,1024,0/0
/spttest/jyhhulbqs76i,24749e641aa0495a,1024,0/0
/spttest/kopqfhi8ty07,25c950070215b167,1024,0/0
/spttest/tji0xgblfme9,35f61ceaae59a021,1024,0/0
/spttest/lio0rgln06ct,274e5f810d1ecb2d,1024,0/0
/spttest/t0mk6kxad5uw,3500f3e98b878ce8,1024,0/0
/spttest/sxccr54a3p39,34d64d6618658bc5,1024,0/0
/spttest/fp7j0crwbpdm,1cada967c79f813a,1024,0/0
/spttest/dtquktcb56of,19415ca04fb51c0f,1024,0/0
/spttest/d4zzn6x5h58f,17ffed853f3c9dbf,1024,0/0
/spttest/opwuz8w39vwz,2d275480a0b1acd3,1024,0/0
/spttest/o8if2t4o27yt,2c454d2f190b8cd5,1024,0/0
/spttest/atama3oqxlfi,13c0a9b7bb6b54be,1024,0/0
/spttest/srfa676yftrp,34896c56c7d76e75,1024,0/0
/spttest/dz3ickup3d6q,1986e05214689682,1024,0/0
/spttest/q0d6bh97x9je,2f82b94ca351a98a,1024,0/0
/spttest/kniouua3j5it,25b9c827dee44db5,1024,0/0
/spttest/wcjx22c7a77e,3b16b6a60301f9fa,1024,0/0
/spttest/t87bjoemtelc,35635e48aaacfd20,1024,0/0
/spttest/a97hfmwizagp,12bbbf0b3a0911b9,1024,0/0
/spttest/rbyfcqmnsnr8,31ece347d9859644,1024,0/0
/spttest/ufg3n4d4936u,3795135b47ae5066,1024,0/0
/spttest/nlht1rbfu3gs,2b1a53c1cf10d80c,1024,0/0
/spttest/h5mnh69zp553,1f568fbdaabe4d47,1024,0/0
/spttest/kbe45m5j9715,251c427d0a6152d9,1024,0/0
/spttest/y96cwipcj1el,3e9214dd62863ddd,1024,0/0
/spttest/50atrvq0s4si,925fa49ea615f42,1024,0/0
/spttest/zwfokisnlh7y,4193d042a806d16e,1024,0/0
/spttest/n68k7vum4y1f,2a5426efbce14353,1024,0/0
/spttest/qmrw7qcn71ol,30a5cc8bcfd98b45,1024,0/0
/spttest/15rsqn5duooe,21e9735979d296e,1024,0/0
/spttest/8nxdik7pqs3o,fd3b5ac54bd05c4,1024,0/0
/spttest/hele5jwpx3o5,1fcb02c34c1439d5,1024,0/0
/spttest/xovvqowosljh,3d8a84039a46f40d,1024,0/0
/spttest/hv7plhse5nna,20a2e454e8c514f6,1024,0/0
/spttest/5c69dm0zuiug,9c03390576c5de8,1024,0/0
/spttest/uzfsobe3742t,3898c05a4bba9b65,1024,0/0
/spttest/83j48ybfqhfo,ecac79b376a75c4,1024,0/0
/spttest/ll555lx1gcqm,276e878c95a0f97e,1024,0/0
/spttest/2qgcav22oj04,4fed89d73b77034,1024,0/0
/spttest/hue07yn616qi,20982c8b290b3a5a,1024,0/0
/spttest/8skn8hbksbqh,1010101bebc2da69,1024,0/0
/spttest/knomhmzrgtpt,25bbec4aec780171,1024,0/0
/spttest/hxbhcy5fejdk,20be3b2eca881c98,1024,0/0
/spttest/aftxwx0v4q31,1311c8f8436bec0d,1024,0/0
/spttest/rmz358f0haqb,327c0226083aac93,1024,0/0
/spttest/g3yprsjmbnxp,1d6d524adc5dcfed,1024,0/0
/spttest/csbnmej69vj7,175b46c19cca59e3,1024,0/0
/spttest/vp11vsupkzsi,39e527212d336332,1024,0/0
/spttest/h4r1lsthrd6v,1f4b283533f9c087,1024,0/0
/spttest/z5fhzd0iyej,1c895985c7c42ab,1024,0/0
/spttest/u4etlpq9cquy,3705bb67fc9d33fa,1024,0/0
/spttest/f50jktu4mz3y,1ba75b26fd7ae73e,1024,0/0
/spttest/t5yftj04hs9r,35462f6bdef59d5f,1024,0/0
/spttest/eay54r3zpxk4,1a20cfa5ae301524,1024,0/0
/spttest/49657abo91qo,7c593d66149f510,1024,0/0
/spttest/94kan8ymr0ir,10abcee31c9b1963,1024,0/0
/spttest/5yuobi6blk3,4d8582bf433fe3,1024,0/0
/spttest/6ug4vzfv29n5,c812f9717d8a851,1024,0/0
/spttest/dcaep8xj1mfl,185e9ca22179fed1,1024,0/0
/spttest/6j85y5j6ad1e,bef6d8a66702282,1024,0/0
/spttest/935un92yr1dv,10999b6c372139c3,1024,0/0
/spttest/9hm5pk9efrli,1155574c10304b76,1024,0/0
/spttest/see5rxxlc05a,33e0285a9e40b4be,1024,0/0
/spttest/5umuoehqap89,aaffeba3705bc39,1024,0/0
/spttest/1wfv4he275a0,378fed712116078,1024,0/0
/spttest/z55k58xj4uc7,4031734b64014997,1024,0/0
/spttest/y43tgjfkiwl,1bb1dffaf9a77b5,1024,0/0
/spttest/dm37sxgnk1n7,18dde8ecc0c90c53,1024,0/0
/spttest/8egrnjtojmiy,f58d061091a94ca,1024,0/0
/spttest/sylxtt5bcdws,34e6c00a936f006c,1024,0/0
/spttest/wq4xet0w4h7n,3bc727a08d94a023,1024,0/0
/spttest/orj31e9sr35t,2d3c568a3cc0c8c1,1024,0/0
/spttest/rs6wkab9pbdh,32bfc67d90e95ad5,1024,0/0
/spttest/p2xiwmuowpqn,2dd06e3b8b66fa4f,1024,0/0
/spttest/zezjrc1g8tgj,40b12ca922ff7b23,1024,0/0
/spttest/r38h3omiqg3p,317b9c23800f7e05,1024,0/0
/spttest/eeeohg5j2gzo,1a4dbef6c9112984,1024,0/0
/spttest/qhg0p5igkp36,306091592dc7e402,1024,0/0
/spttest/8akg50pth3my,f262f47dee4adaa,1024,0/0
/spttest/ju20vz4tl6i8,243b14521c51d130,1024,0/0
/spttest/4hbbm9rj6hil,82f5c31f572ed2d,1024,0/0
/spttest/osshe2l7sodc,2d4cb7ef6f1de560,1024,0/0
/spttest/kf28ml4tqyly,254bee91b66aceb6,1024,0/0
/spttest/xp7nrjaq7rnl,3d8ec3f784ec39c1,1024,0/0
/spttest/ru6ifs9w4tmn,32d99cc31d9cd2ff,1024,0/0
/spttest/lme5duyfs5w,118dacc2592e654,1024,0/0
/spttest/pjazri98n462,2ea51e615be820da,1024,0/0
/spttest/tc89nd5ey3hm,3597aacf6c98d82a,1024,0/0
/spttest/a2gz12kq499s,12643eb4fdd191f0,1024,0/0
/spttest/rwoim5o3gsrk,32fa165baf5f08a0,1024,0/0
/spttest/hcd3997vjaef,1fae095801818667,1024,0/0
/spttest/x59b4yinfr3e,3c8b932b93b055ea,1024,0/0
/spttest/vj40d5g5wdoy,399848cc86c60252,1024,0/0
/spttest/hsncgmfd2p9f,208190c040f61563,1024,0/0
/spttest/7rcbpql3abu5,e2c751acb0a916d,1024,0/0
/spttest/uv8m655bo1pg,3862340ee2470da4,1024,0/0
/spttest/iszv1tg7o42x,2259b21b5efce1a9,1024,0/0
/spttest/qgdax7vig8ll,3052993837506d89,1024,0/0
/spttest/hox4s7wjcly7,205123b4ec34dd1f,1024,0/0
/spttest/vrmrskavufq2,3a06f7db15d9d21a,1024,0/0
/spttest/mdjpvb5gg0t6,28df7d0a5a1f1c1a,1024,0/0
/spttest/97y9c6kjpb5j,10d7d0754eb427b7,1024,0/0
/spttest/3hric6f75og7,6619615fdda6e07,1024,0/0
/spttest/t0mghggoy6qc,3500ea6c9f44ee94,1024,0/0
/spttest/7v2d50k5n1qu,e5cd21a90419d96,1024,0/0
/spttest/hpmud3b1nh99,205a6a8b85dbd41d,1024,0/0
/spttest/ihlofqgk347n,21c5b228acb66c13,1024,0/0
/spttest/mw8zxyuitg1r,29d26ab7068ae07f,1024,0/0
/spttest/rg9kn14exrry,3224ddebb0b838de,1024,0/0
/spttest/v269fi02fxkj,38bc476e32b479b3,1024,0/0
/spttest/wiev3r5ypxmp,3b62d35625377c81,1024,0/0
/spttest/5h0hv45fgrbq,9ff11696c189156,1024,0/0
/spttest/m0ry847xeow9,28399916856ef289,1024,0/0
/spttest/e3ravhbpgmi8,19c36b019ad16af0,1024,0/0
/spttest/dppc7urhgigr,190cdc1f8ae65e7b,1024,0/0
/spttest/4txoxs45fq35,8d34d8d820de6d1,1024,0/0
/spttest/pwr5fheq5ctj,2f53cf25bf19f227,1024,0/0
/spttest/ser2ko49hbl0,33e4d0ece9d20de4,1024,0/0
/spttest/tm60n3hrgspr,3618bf87a6b1c45f,1024,0/0
/spttest/c31o4z4ct994,1612f0fab1b72018,1024,0/0
/spttest/i6hal19xuufp,21353b51949bca95,1024,0/0
/spttest/t3fzyawfb78x,35258d913b470871,1024,0/0
/spttest/2gwmzkk13wq8,482d55bc5173970,1024,0/0
/spttest/7zuipgg3ynsn,e9aefba2f6f0ff7,1024,0/0
/spttest/iuhhhdz2ws58,226d0b2e44fa147c,1024,0/0
/spttest/xxooohakghr5,3dfcd2a0fb64c9e1,1024,0/0
/spttest/4gpwrky5103e,827a25a920ca3ba,1024,0/0
/spttest/rlkicxmmb3eb,3269c2675e03e3f3,1024,0/0
/spttest/lomgv0tv7u4w,279bbf9d4a766750,1024,0/0
/spttest/lf3him0aqwiu,271ffefd090c5126,1024,0/0
/spttest/r4vvoub2uuyw,31910b4b3e632648,1024,0/0
/spttest/m451jyhp683n,28654a2fc45deb83,1024,0/0
/spttest/5gs3v931vxb3,9fc0a8dfd94975f,1024,0/0
/spttest/jg92qsyro09w,2387c611354d1a64,1024,0/0
/spttest/2ceqrx3iszm6,4486b6bc595b14e,1024,0/0
/spttest/35j8ye3bowrf,5c2bbfc09b6f2db,1024,0/0
/spttest/iclce4a124c1,2184a0f87b894b71,1024,0/0
/spttest/mvjgcs8gyzut,29c9333fca04da05,1024,0/0
/spttest/9bjx9k13k80v,1106995a69b06c9f,1024,0/0
/spttest/h4uv5g9ljz6j,1f4c891ef27771db,1024,0/0
/spttest/5m3zvjo6bhqj,a414703d928448b,1024,0/0
/spttest/4ar5o0udh10q,7da260524ff846a,1024,0/0
/spttest/7h79c55o47ak,da8bc987aaa99ec,1024,0/0
/spttest/ryxlylu9bwcl,331758c53a182985,1024,0/0
/spttest/oxoih1ulvxzn,2d8c3b862bd37ad3,1024,0/0
/spttest/so9wjw0jt8mq,346083c8434083f2,1024,0/0
/spttest/istx0al6vv8n,22578ceba08b89e7,1024,0/0
/spttest/67kwolj5rqc4,b58277952705f14,1024,0/0
/spttest/eqcoc6azb97q,1ae8e4eeb360ce66,1024,0/0
/spttest/640wqrqyrwg8,b29f87e64c91708,1024,0/0
/spttest/4w8y6winal8z,8f157dbef0e0913,1024,0/0
/spttest/sv0t1ud6vg34,34b828481d199d30,1024,0/0
/spttest/e868eys4awcx,19fcc33f89bfd651,1024,0/0
/spttest/h77rd6jz1tpj,1f6b2ab595471ba7,1024,0/0
/spttest/ny4e16o7xqdf,2bbe58c79ea16ac3,1024,0/0
/spttest/45g88hvvwbsu,7954246ca256ebe,1024,0/0
/spttest/1h2wkpvrq2st,2b17aecca3df7ad,1024,0/0
/spttest/92kpmvx399jd,1091fad5ab080f89,1024,0/0
/spttest/cwlodzrzussd,1792d96e9a5aac3d,1024,0/0
/spttest/hglyllrdeqee,1fe531bc6d648626,1024,0/0
/spttest/8er6z6uq94r1,f5c9360b8cf324d,1024,0/0
/spttest/c5d1n2qs7gel,163106304c6272cd,1024,0/0
/spttest/o9bkqhbxa82m,2c4fd2610c6ca45e,1024,0/0
/spttest/k50sdskaaie8,24c983f450b795a0,1024,0/0
/spttest/tyr4xr1btvk,1853a97effe6900,1024,0/0
/spttest/j9om0l9vdtsr,2332743dbb866b1b,1024,0/0
/spttest/ahr040ak7tbf,132ab403f4e58c2b,1024,0/0
/spttest/d80yvokpucr7,18273fb2c1e06513,1024,0/0
/spttest/58eiagfhfhgk,98f38599ab7d324,1024,0/0
/spttest/mphdvig6ay9c,297a849c1865b1f0,1024,0/0
/spttest/zsyw862l8lh,1d113d47364b8c5,1024,0/0
/spttest/1anjddhcfoe,10d55535186f5e,1024,0/0
/spttest/bpcm882ilpr9,15610a8922928fa5,1024,0/0
/spttest/g3am4qp3a1m3,1d64a01d457cadab,1024,0/0
/spttest/r0g9san6ypz7,3157748ad1a5da03,1024,0/0
/spttest/xqy9errukdux,3da55a55dd9ddd29,1024,0/0
/spttest/7mx6f4vnt5vq,df308f830681606,1024,0/0
/spttest/3srhzwprk11w,6f0770913be0154,1024,0/0
/spttest/jbmyu8jsdvtv,234bd6eba57faa63,1024,0/0
/spttest/wzq49x75iz7y,3c43b448811573ce,1024,0/0
/spttest/gb0jyze7i9ts,1dc8e8f19b5c1140,1024,0/0
/spttest/hafs5ukpbmj2,1f950777f670efce,1024,0/0
/spttest/d84s9nqq7hnx,1828a034f7bb072d,1024,0/0
/spttest/5kjff9qz1c21,a2cddeaf2eeee49,1024,0/0
/spttest/yudndugyfakh,3fa57cba00d4a541,1024,0/0
/spttest/l6pgcekmjq9w,26b304c5636891c4,1024,0/0
/spttest/gibnx1p60u8u,1e27d7eaad9cb31e,1024,0/0
/spttest/vgb4iqye4d3n,3973e244bd4bd153,1024,0/0
/spttest/nwp5kslo0y9r,2babdc4e0ee2f97f,1024,0/0
/spttest/p41iksa8q838,2ddedc1e2762db74,1024,0/0
/spttest/7n8f4c7eeegs,df71757bd384abc,1024,0/0
/spttest/rizf20m7z10e,32482bae8a6deede,1024,0/0
/spttest/xz353bq0hz30,3e0f0726ccb2e3dc,1024,0/0
/spttest/lghvmanvmjp5,27322d958b226839,1024,0/0
/spttest/tk29fgxjiqpv,35fd6a1789eb2ec3,1024,0/0
/spttest/49fzac2xgbgd,7c92057a9c0e6fd,1024,0/0
/spttest/i2kdjxojgcb0,21026303f44ec54c,1024,0/0
/spttest/bgns8quxv97r,14f02ab52af4d967,1024,0/0
/spttest/ke5gak2mmpqa,25401a160ab909c2,1024,0/0
/spttest/hahexp68iwpw,1f959e44de9b2624,1024,0/0
/spttest/c7zy4j3w3r7k,165344270fabe880,1024,0/0
/spttest/2jh8g4h5y95x,4a43e4c4cd9abe5,1024,0/0
/spttest/hi1xu1rb784q,1ff7f2ebb41debea,1024,0/0
/spttest/mconhh8aqif4,28d44781f0d199c0,1024,0/0
/spttest/b9236x1c33me,148d69e70e01f516,1024,0/0
/spttest/8jb0g43zbu9v,f97af03e9f59d03,1024,0/0
/spttest/9g8tsz92uxr9,11438ab512e43c65,1024,0/0
/spttest/rr5a6mcjr7wh,32b23371bc88e3c1,1024,0/0
/spttest/vquc17w1kioj,39fcb51bfd386c93,1024,0/0
/spttest/mnbdd94kjgz8,295e5e95e242d0b4,1024,0/0
/spttest/26xtcfedx6m5,4015d786f57b4bd,1024,0/0
/spttest/f7ihntjs9dvw,1bc7cf6034f4068c,1024,0/0
/spttest/pbrwbvrfj0ma,2e434dc68f68f4e2,1024,0/0
/spttest/rlk00mx4mkb4,32699357dbb11850,1024,0/0
/spttest/5ho7hberlp3,4752a7e1af5097,1024,0/0
/spttest/gzyzjgm7rq1q,1f0d1392645bfb9e,1024,0/0
/spttest/2oixfd8epn4d,4e5cd0a65f0bf4d,1024,0/0
/spttest/ewy8oumql9u,c1bd3be9437c32,1024,0/0
/spttest/jgfxsawjb3e0,238a3fec3b45f8e8,1024,0/0
/spttest/frh7fwcp6r4r,1ccb21eb7147f7db,1024,0/0
/spttest/yekidzy0ikv6,3ed82260e5c17222,1024,0/0
/spttest/wtpmydzipisp,3bf5984d6f263969,1024,0/0
/spttest/d2ioiddeci9k,17dfb42e009e5978,1024,0/0
/spttest/5nv2qnshmfr0,a5809903ef88a3c,1024,0/0
/spttest/poykz2i1zh0a,2eee938dd28f49da,1024,0/0
/spttest/b10p0meovzt6,1424ff1c5e87370a,1024,0/0
/spttest/bxzcs6frd1w,9b24b085bb81d4,1024,0/0
/spttest/zijbuzuzjbo,1cd50358cba3694,1024,0/0
/spttest/qr9ekztslyl7,30e012f66ce0025b,1024,0/0
/spttest/qzauam6yejhn,314881b290e1742b,1024,0/0
/spttest/szery90a1fdk,34f127a462405e18,1024,0/0
/spttest/uu6em174lyo3,38546aabd24f32c3,1024,0/0
/spttest/z5cdcaoo7fue,4033e86a00da63f6,1024,0/0
/spttest/7t3fqe9lksau,e433a9d2c692546,1024,0/0
/spttest/w4nhvz6wfvxb,3ab01725a0b5375f,1024,0/0
/spttest/jod2wu02tmxa,23f12206120a3b4e,1024,0/0
/spttest/y368dlc0dcpr,3e4419b659cec19f,1024,0/0
/spttest/xt25odjpnlu6,3dc0bcbe4632834e,1024,0/0
/spttest/5s5p9d2ho943,a8fd40d918b4d23,1024,0/0
/spttest/scm5ewtwp5ee,33c90fdb94f11b96,1024,0/0
/spttest/v57imd2gd01r,38e3b3266c43e97f,1024,0/0
/spttest/h7m2gq8x3ru4,1f70545754bb30ac,1024,0/0
/spttest/oo46qn8jqyh,14071be2c40f339,1024,0/0
/spttest/fxf0i3z7qqql,1d1846ebb5b48cdd,1024,0/0
/spttest/vh3913x8w5ji,397e0826a873800e,1024,0/0
/spttest/dmlsjixadq4c,18e49cc3b197137c,1024,0/0
/spttest/sr4nprz5y5s8,34859709f0aed2c8,1024,0/0
/spttest/qehomyvy7uj2,303a335e9c7c744e,1024,0/0
/spttest/ejbj1jau5bvw,1a8d8e2e0d2a816c,1024,0/0
/spttest/nug3ajr6ereb,2b8e9c9d8f734433,1024,0/0
/spttest/wq8a8lhbw7gd,3bc85da4ff5e0cbd,1024,0/0
/spttest/uvw60zwoev6p,386ab37a075b5d61,1024,0/0
/spttest/kkagwp6h4oyb,258fd90bb87f7053,1024,0/0
/spttest/5b7d0rab3uyn,9b39c05b986c27f,1024,0/0
/spttest/duqxcva3tehw,194e6103932329a4,1024,0/0
/spttest/ajicz7rk2em0,1341903a7631c678,1024,0/0
/spttest/ais4pjc9v2go,133819701fb2e738,1024,0/0
/spttest/9ki7gypf8q2b,117ae21cf1b3c8f3,1024,0/0
/spttest/w8wy9lf2z5ov,3ae77582dc7a758f,1024,0/0
/spttest/ib9f0u3g3eeu,2173560bb01347b6,1024,0/0
/spttest/hcic0lon7vc6,1fafeda90812c166,1024,0/0
/spttest/1at9ia1hn02g,26010e229b2d518,1024,0/0
/spttest/1xndvw20surl,388b2cfe1ee92c1,1024,0/0
/spttest/1iguz0fi2zni,2c38139657fcefe,1024,0/0
/spttest/vefygxmjhjra,395ba6127d209946,1024,0/0
/spttest/4owrggch07za,892055d01a38966,1024,0/0
/spttest/pa1drz3jl0gd,2e2cbf5775a6c48d,1024,0/0
/spttest/t7kn8yeo5k90,355b2fd6e98925c4,1024,0/0
/spttest/ultrv7c2pube,37e7f1d6c76787ba,1024,0/0
/spttest/8909zjhulgwi,f11eadfbebefad2,1024,0/0
/spttest/i663cxhgrv2a,213130bad679da02,1024,0/0
/spttest/eiqdtmw7hefm,1a85ed0e0841ea52,1024,0/0
/spttest/88gaytigo5h0,f0ab60603fe19b4,1024,0/0
/spttest/s50iwus9t8b0,33665597e4f3484c,1024,0/0
/spttest/kthwltayzbb1,26076f35f5befdfd,1024,0/0
/spttest/peryli61na6n,2e6a4b5cfa026c4f,1024,0/0
/spttest/18qi8inm7tg3,24517a9627942d3,1024,0/0
/spttest/sxr7lh4eez34,34dba9b08d6a5720,1024,0/0
/spttest/el6ipyb64459,1aa5ba06ce901ffd,1024,0/0
/spttest/tu42k5rdg7s1,367ff5c4fcf25461,1024,0/0
/spttest/wzitr1q39dzh,3c4112b3d54d0a0d,1024,0/0
/spttest/h1shxeqfhngw,1f24b6af90ebc810,1024,0/0
/spttest/ksglv1yayzt6,25f9fa054fa0cbca,1024,0/0
/spttest/qg8p59vvee8p,3050efdf9ee66a99,1024,0/0
/spttest/q65inb4iagcr,2fcde586be92c34b,1024,0/0
/spttest/om7el8jof8vk,2cf72d79a409deb0,1024,0/0
/spttest/z1urzr4rdxs8,4006979bba94e748,1024,0/0
/spttest/vnf9p7ncjixk,39d04dd404a8de98,1024,0/0
/spttest/4b8x9c9qo967,7e08f136311626f,1024,0/0
/spttest/jdfin6yglvc,fba47b08b0fcb8,1024,0/0
/spttest/spfcd4ttm27o,346f7773897905b4,1024,0/0
/spttest/vvjis6ej409q,3a39c0a88e16255e,1024,0/0
/spttest/isurkas9aacd,2257db51dcfe8bdd,1024,0/0
/spttest/r0hn91sbkj1f,3157f375b49cc863,1024,0/0
/spttest/fh9hurcl0e3m,1c46751f9bf15c62,1024,0/0
/spttest/qec6mwce8fs3,30383756d63dffe3,1024,0/0
/spttest/1pv7nrvy7pz8,3239bbb23382d44,1024,0/0
/spttest/ry1u201vbdwe,330be1c1401bbe1e,1024,0/0
/spttest/2t0i44lh2e60,520196875bc1938,1024,0/0
/spttest/c4h40umpqwyb,16258084a9e9da53,1024,0/0
/spttest/antrmtvf4r4b,1379a2e8f2dafd4b,1024,0/0
/spttest/o2nqsfqon0ro,2bf94988f5a313a4,1024,0/0
/spttest/5a4y7f9h55yv,9a5c004797ed277,1024,0/0
/spttest/wn1pquq1v7yv,3b9f0715a7c7e317,1024,0/0
/spttest/j0e9gnpi83as,22b9d109c1fc88b4,1024,0/0
/spttest/5djalg2p4b4a,9d1e4bb5d2b524a,1024,0/0
/spttest/s48krilerjhs,335c40089b7dbd70,1024,0/0
/spttest/cg7aeoh5ulfb,16bdd44c0071d0f7,1024,0/0
/spttest/ndq30johlenl,2ab566387a6b7e71,1024,0/0
/spttest/nlt1280tlvl5,2b1e605df910d029,1024,0/0
/spttest/tm5nn4golciz,36189e2d363f8aab,1024,0/0
/spttest/ugm424dlekc0,37a43be45053a770,1024,0/0
/spttest/3e5ydxczkeqm,632d7643baf8a9e,1024,0/0
/spttest/3hx4p7xgvt8,2d6f0945aad20c,1024,0/0
/spttest/riiyb2s48je3,32423ad13b6b682b,1024,0/0
/spttest/80tcgy8uyyu2,ea7809d675302da,1024,0/0
/spttest/9r1mm43jivvo,11cfd380fc8410e4,1024,0/0
/spttest/wc7sgsl5jyys,3b1256734edf90c4,1024,0/0
/spttest/f1kdf6dr7vf0,1b7a8db1570109cc,1024,0/0
/spttest/tvp988w3ptb2,369497dee89b439e,1024,0/0
/spttest/e4v711uw29ag,19d1cfdeadd54388,1024,0/0
/spttest/owwsdfjxo99v,2d823a9cfaf061f3,1024,0/0
/spttest/xsrfhzoma5kq,3dbcdde53636e0ba,1024,0/0
/spttest/go35ns2czwr3,1e72b5aaa090e48f,1024,0/0
/spttest/dumq2c128iy1,194cdcd4655737e9,1024,0/0
/spttest/z5q96kl1vllt,4038eae5f7035421,1024,0/0
/spttest/ki7q5bsnjulw,2574e122758878b4,1024,0/0
/spttest/nlf52zkkqx00,2b195d8784753d90,1024,0/0
/spttest/a70pmouee5k1,129f52fb51dc19a1,1024,0/0
/spttest/nvbcqtopvr0y,2b99e44876960392,1024,0/0
/spttest/rkbi4nbi23yl,3259853e06354e8d,1024,0/0
/spttest/sft1uv98m3g1,33f2851468bff6f1,1024,0/0
/spttest/381jjsh149um,5e3504f32fd0fde,1024,0/0
/spttest/gcrvcma4k1zq,1ddfc156a9c09316,1024,0/0
/spttest/ui2jn4hnk51w,37b727062f4fb194,1024,0/0
/spttest/sa882cpu6f3h,33aa0efdbc98b3ed,1024,0/0
/spttest/ucbnrexsr7ue,376c815deb56c076,1024,0/0
/spttest/p6t4n65nfwd,147305dcd991d3d,1024,0/0
/spttest/p1zsw5q4suhc,2dc44356170b0550,1024,0/0
/spttest/pac9e4plgn8a,2e30ac24793cd29a,1024,0/0
/spttest/drqaj6k7q2ry,19272eae41f5e78e,1024,0/0
/spttest/rug6p3hbbi3u,32dd1a519dbe6f6a,1024,0/0
/spttest/15qcinqdx558,21e113833285d4c,1024,0/0
/spttest/5gqqekoko62f,9fb8ba47e27e8b7,1024,0/0
/spttest/a44sl9obwiyv,1279d447d20f4307,1024,0/0
/spttest/az6mjp3j64is,140d28780d008b64,1024,0/0
/spttest/cmtl0i5fvky0,1713cf26e2d43ec8,1024,0/0
/spttest/rrt54yl9rzpu,32bacf55ba4c2a92,1024,0/0
/spttest/qphz79z2tg04,30c9304c808ef444,1024,0/0
/spttest/9jvfmp8day96,1172aa94218728ea,1024,0/0
/spttest/pq942wiymvq0,2eff5d842d1db418,1024,0/0
/spttest/w84bg9gk6u3o,3add20a99e2641e4,1024,0/0
/spttest/up53u6te5q9q,381300607ffc563e,1024,0/0
/spttest/si58ao4dx59v,3410e488744355f3,1024,0/0
/spttest/61czvoxfnyht,b075d30c976e161,1024,0/0
/spttest/wf1xavm0ws7w,3b37306b1ea7dedc,1024,0/0
/spttest/q1tfs7xqyuvt,2f9594bbb39dbed9,1024,0/0
/spttest/9hv3hawwci3y,115890e41c3966ae,1024,0/0
/spttest/u1bkqpfwl6t4,36dd97cb85bde1b8,1024,0/0
/spttest/tacbpgvuo2xi,357f270d1fcc1ed6,1024,0/0
/spttest/oba21e7zz6dh,2c69408d5fbfaa05,1024,0/0
/spttest/kcnm0nv604uh,252cace3f8102a89,1024,0/0
/spttest/ggyw5tw9c1x2,1e163f066d27cdb6,1024,0/0
/spttest/am0nd1oh6xy1,1362240387f75259,1024,0/0
/spttest/fbpvmqdt6m64,1bfe6ed2e91a66bc,1024,0/0
/spttest/jxjoq5arnlkx,24686b83b3b10001,1024,0/0
/spttest/c1kkaiogrysl,15ffc798283ef8e5,1024,0/0
/spttest/symyv412vhs3,34e71f1172a451c3,1024,0/0
/spttest/24d6joxrm0r4,3dff118cd350c50,1024,0/0
/spttest/ofql0saasezb,2ca32c2d71f1acd7,1024,0/0
/spttest/voc8rohfzkyc,39dc33971d30e7d4,1024,0/0
/spttest/3yd2xxm5pjnv,73932cafc59bccb,1024,0/0
/spttest/3e04ldm4yerw,630bd1b9d5c2b4c,1024,0/0
/spttest/udhupkz0954,18a8c4bd34f1148,1024,0/0
/spttest/7ytab6pvu9ox,e8d808f18cf2f91,1024,0/0
/spttest/cawcunhloxhg,1678f03b86d2c884,1024,0/0
/spttest/4dkl9b20oq3x,7febf375e41d22d,1024,0/0
/spttest/4xlrptddajn7,902f54a5a6712f3,1024,0/0
/spttest/dx0bvvlwblne,196bc01e0e13865a,1024,0/0
/spttest/8m94dmjw0jqs,fbdf822840b4ff4,1024,0/0
/spttest/7rwiuh1hd9y1,e33bec478955899,1024,0/0
/spttest/fcu65sfypbg,c778aeb7b1e3ac,1024,0/0
/spttest/6cxchadvhrth,b9d96b5432a5a15,1024,0/0
/spttest/18wlsxe7255q,2474b05e8aef59e,1024,0/0
/spttest/7w53nhjzc4wa,e6acc1fb8e2a2ca,1024,0/0
/spttest/a4icj6j28gs3,127eb83c100094f3,1024,0/0
/spttest/4monm86syt92,8751e0d602f3c96,1024,0/0
/spttest/a54054iu2s7v,1286888b7595e15b,1024,0/0
/spttest/xmi70eb9z1l9,3d6b9942b60687cd,1024,0/0
/spttest/2timrv1enj7z,526a3fdbc13e30f,1024,0/0
/spttest/ocs5wzsotlpt,2c7cc66307424b31,1024,0/0
/spttest/ght963i7mtl8,1e2133725482de4c,1024,0/0
/spttest/t1qrbpgmkk3d,350f74f7c2f508b9,1024,0/0
/spttest/74afoxmui71m,d0105ab5105fa2a,1024,0/0
/spttest/b8gbjkpwmk03,14858f3aca1532c3,1024,0/0
/spttest/rc6ty3yv1aq8,31efebabb31be390,1024,0/0
/spttest/7uqydgnuqwax,e58b42b1b1d0009,1024,0/0
/spttest/uy1q27irvfy0,3886af3bbefdd578,1024,0/0
/spttest/yeo63pnn8cug,3ed9745437c17608,1024,0/0
/spttest/i0f09lmsgwrs,20e67891aa3c4de8,1024,0/0
/spttest/hg9sv2vml12z,1fe0ce9907048abb,1024,0/0
/spttest/6pcjddq14f0e,c3ef0fe95617dfe,1024,0/0
/spttest/wducpndzcr5y,3b2777c15d571b86,1024,0/0
/spttest/ezwrj6uce6y,c2ce8cd63478da,1024,0/0
/spttest/oq32ekdzu5us,2d2991c3a5139024,1024,0/0
/spttest/zca5mf8y8ynm,408e08ab90bb5372,1024,0/0
/spttest/oy96arrlv6dy,2d93b0052b3ee316,1024,0/0
/spttest/5lulwt4usxt6,a3de3deb009d82a,1024,0/0
/spttest/wcypmewdiv7,1a455b2762458c3,1024,0/0
/spttest/aofktdc2x5r3,13818184579b9d5f,1024,0/0
/spttest/tyrtv0xois7w,36bc7d510cd65b5c,1024,0/0
/spttest/asyphmws728h,13bc5d8879b5c311,1024,0/0
/spttest/sv0ho7o254ah,34b80b162b06b6f9,1024,0/0
/spttest/r6y5jbv8mwsx,31abd7cf1078a391,1024,0/0
/spttest/62736go2mdka,b1238b3ed48102a,1024,0/0
/spttest/soyovux41c84,34697550ae043c24,1024,0/0
/spttest/umw5xk5gzgqm,37f5cbebccf1037e,1024,0/0
/spttest/g9mtc3ikewy1,1db6f68ef397ea49,1024,0/0
/spttest/g0aqbyau7w3f,1d3db31f09ffc43b,1024,0/0
/spttest/5ye0gpybid9z,ae0c349909556b7,1024,0/0
/spttest/nmo7my5287xl,2b29a0a789fef029,1024,0/0
/spttest/xrnv2l2siusa,3dae971ec684205a,1024,0/0
/spttest/v8sig8yyt3qx,39123e37b6a46239,1024,0/0
/spttest/wtdasz8mxzi,1aa410509f7098e,1024,0/0
/spttest/r88c4kcnnbki,31bc81a7fd700152,1024,0/0
/spttest/8l5mz9tsx9l2,fafb921cd1e2ec6,1024,0/0
/spttest/novcnrm5ifgm,2b462ea2049dcbc6,1024,0/0
/spttest/8g1w27q4xcmt,f6d6cad586cda35,1024,0/0
/spttest/puk0250kc8pz,2f374046bb711b27,1024,0/0
/spttest/swu4uxp0a97k,34cfba83ba09e120,1024,0/0
/spttest/1bjd59z2xo1w,2697bcb52677604,1024,0/0
/spttest/twm3w97jzrxf,36a07256d4d57723,1024,0/0
/spttest/d7iqh0jgsqcb,1820ab7f8cbcf05b,1024,0/0
/spttest/5w3dt9ud220n,ac2f2f91b4babb7,1024,0/0
/spttest/6jwazayx4gbq,bf8234a166e14a6,1024,0/0
/spttest/409knkqeu2h3,751e947806dde07,1024,0/0
/spttest/n4pmlfwwbsh4,2a4054c7ed1834e8,1024,0/0
/spttest/k6e6z3ocxo8g,24db57701c48d4f0,1024,0/0
/spttest/kkjicc351zvx,25931c0a492f3ced,1024,0/0
/spttest/cbxiodxd04s0,168658ce3eac3930,1024,0/0
/spttest/2jnwh2pft1br,4a6a62772fb7ef7,1024,0/0
/spttest/3vu5gf8umhgl,71863bb7228efe5,1024,0/0
/spttest/wf5r776xowjm,3b38923c0acb83c2,1024,0/0
/spttest/t6vpdftzkt9d,35523015a7e49821,1024,0/0
/spttest/49clmrz7ljtt,7c7e83415bc5aa1,1024,0/0
/spttest/e8l7y4j2s3f4,1a022b9253fd2e50,1024,0/0
/spttest/bj5sezjyrlme,1510a44b5afbe436,1024,0/0
/spttest/aidqu67esoqy,1332e8b12449964a,1024,0/0
/spttest/a86e5r0cajmi,12ae5d04561efdda,1024,0/0
/spttest/p2xjju0zcdf3,2dd06fe2d44371ef,1024,0/0
/spttest/u15fqelz8o3m,36db60bc354f0302,1024,0/0
/spttest/sqsxua2rqa49,34815c99436f18b9,1024,0/0
/spttest/j1blwtnsuwi2,22c5d921b4e6280a,1024,0/0
/spttest/lwq5vopit39y,2804fef701fc4bd6,1024,0/0
/spttest/kkovwmrammxj,25950caee3121397,1024,0/0
/spttest/54n60fjrtkpi,95e632226b72516,1024,0/0
/spttest/d55m35v9wqgz,1801f4f27de7e303,1024,0/0
/spttest/uhg86ljut9u,18bf9990a6cb6b2,1024,0/0
/spttest/g23wkl2y231a,1d553711265375de,1024,0/0
/spttest/4m5e240d2t7l,86e2a87a5a9ed61,1024,0/0
/spttest/pmcfw360exai,2ecc9be5d4cea80a,1024,0/0
/spttest/s3lrddhz6yrw,3354048442c6ec8c,1024,0/0
/spttest/hlgtnsjfm749,202449816a14e889,1024,0/0
/spttest/9366wbuex6x6,1099badbea69574a,1024,0/0
/spttest/5nl6c9obnmks,a54771e50f6ad0c,1024,0/0
/spttest/pko4k8s9d1t1,2eb6d8bc47136365,1024,0/0
/spttest/alvj6nmonu41,13604b7439211831,1024,0/0
/spttest/elop5768vzx1,1aac4922e39d5795,1024,0/0
/spttest/p7jt9vttorr0,2e0c6df68729a37c,1024,0/0
/spttest/i5lstwdqffto,2129de59cd6eebdc,1024,0/0
/spttest/53xnr5y7kdbg,9552f153062bf6c,1024,0/0
/spttest/aedtl0ytsax0,12fefab5e8516b44,1024,0/0
/spttest/9md45b9r0h3,7cf9100dc84027,1024,0/0
/spttest/33kmw3nsgoys,5a94198db196a64,1024,0/0
/spttest/f7zfxlspub6a,1bcded33a4bdcd12,1024,0/0
/spttest/jxvkmzz2snzn,246cb57224e4c673,1024,0/0
/spttest/m9hgihb3wywe,28aab74547ddf7ae,1024,0/0
/spttest/yydro2u4nkdb,3fd97cbef439a2df,1024,0/0
/spttest/m5lmiqc6nsr2,28784321174c874e,1024,0/0
/spttest/smu9edluyanc,344de19897850c68,1024,0/0
/spttest/qs66but48vr3,30ebe5efdb800abf,1024,0/0
/spttest/ef67qkbqu4gy,1a57ae4e60e39822,1024,0/0
/spttest/bz2wmbudk7gr,15df6e156c21f7cb,1024,0/0
/spttest/gcwzua6dyweq,1de19ab3a9aafd92,1024,0/0
/spttest/76syel21hc9t,d21aed2c4e11161,1024,0/0
/spttest/9sqjh8y2qjz1,11e5cdec2b05b19d,1024,0/0
/spttest/g1zwg5q7lkq9,1d53c5474e32bb31,1024,0/0
/spttest/m9axhqaqh8ie,28a85c41feb3e756,1024,0/0
/spttest/b48ccyzyhpfj,144eb95a188f88ff,1024,0/0
/spttest/qd5n5npl1os6,3028dde4f7921cb6,1024,0/0
/spttest/3boxsip500v6,612b9179b894d62,1024,0/0
/spttest/mklurmxix5x1,293b2f2425023235,1024,0/0
/spttest/c739j8srm895,16477945db49fe49,1024,0/0
/spttest/plljv19hfgt6,2ec2e824b12e47da,1024,0/0
/spttest/pt7o6gawjbah,2f25d01e6196c7e9,1024,0/0
/spttest/78s6ga8kdfu3,d3b619dadefe56b,1024,0/0
/spttest/g616tz3monkv,1d883150f46bbf5f,1024,0/0
/spttest/ms4nzt4bl9pl,299ce58e8d422f69,1024,0/0
/spttest/fnnu727tvcuo,1c99917c45d3ebd0,1024,0/0
/spttest/jdvvv7gmjf9i,2369091eb1da1a06,1024,0/0
/spttest/13p0bzhrskhc,2039b12a2ad25b0,1024,0/0
/spttest/66nh60tqnl3x,b4c1782e1d2389d,1024,0/0
/spttest/4jw37svt8whh,850d4e25b13ef75,1024,0/0
/spttest/n72z9qdnhauy,2a5f209a2bc6fc3a,1024,0/0
/spttest/brkydfy10w6m,157e07280d013bee,1024,0/0
/spttest/4n2mdkseby81,87a28067dddc001,1024,0/0
/spttest/vxcl91dxwove,3a513aed6ca3aaea,1024,0/0
/spttest/d96mdx4mz8o9,1836471becdfcca9,1024,0/0
/spttest/7rx4e1jf6gkl,e33f60b2efdc465,1024,0/0
/spttest/vv5iejk4038j,3a34b28800c71463,1024,0/0
/spttest/lmmyudy54h0y,2781f33d62266c32,1024,0/0
/spttest/8wq4gwbv05yl,1045ff320731a92d,1024,0/0
/spttest/nrhpbpi09ho,134ac45495e760c,1024,0/0
/spttest/luljlpxk5c83,27e959d225be5523,1024,0/0
/spttest/uyj24cbwug4g,388cf06f5b2a9920,1024,0/0
/spttest/i9il14iw7yt3,215caa4300e0d3f7,1024,0/0
/spttest/2r66ui1kcqh0,5082c31beace904,1024,0/0
/spttest/7dvfdbr4ulzz,d7d7fe2b4058adf,1024,0/0
/spttest/fk5fkqduj063,1c6bf5931230599b,1024,0/0
/spttest/70jr5uccpkrs,cd06d629c879168,1024,0/0
/spttest/brv97ywc8io6,1581beac2216fc86,1024,0/0
/spttest/yueffwb5zywo,3fa5c4b6f84d8c78,1024,0/0
/spttest/yeewwz27arfc,3ed61d71444f8858,1024,0/0
/spttest/h1w4wqt1biyg,1f2606c196aa09b8,1024,0/0
/spttest/4biddflpjliw,7e3f7bbf13e50b8,1024,0/0
/spttest/3oyugn7b5hd6,6bf2891850cbe2a,1024,0/0
/spttest/emctb5vv0gq2,1ab4fca98e09bfaa,1024,0/0
/spttest/tlv0qw0rs9e1,3614c7bfe0289989,1024,0/0
/spttest/hum3e38nmmsk,209b179fa59263e4,1024,0/0
/spttest/egl29sr4wqbm,1a6a07100b791d42,1024,0/0
/spttest/xgd1q107zsw4,3d1bce4f9e737404,1024,0/0
/spttest/qj964kr8ydt5,3078133659150e69,1024,0/0
/spttest/23lak7o1zm68,3d5e1161876cc00,1024,0/0
/spttest/xo36hw2mvox7,3d8028ee70d5edeb,1024,0/0
/spttest/k2u0efhfaysx,24ad176f527e91b1,1024,0/0
/spttest/e4sk2e81t06f,19d0dc374ff6c727,1024,0/0
/spttest/f0t3nmiw5o06,1b70b6b1c911d0c6,1024,0/0
/spttest/nhowyr4pd596,2ae8ef5b56efd4da,1024,0/0
/spttest/kud26w2y49l1,2612acf519ed3385,1024,0/0
/spttest/orc45qgv3jzj,2d39d2d659ea26ef,1024,0/0
/spttest/4um1jhl63v7x,8dc16ba25b3cacd,1024,0/0
/spttest/l08bs58fk87m,265ee74373994592,1024,0/0
/spttest/sa3y9troospr,33a884649beb1b5f,1024,0/0
/spttest/5w1l12jq0c5r,ac24cc0b82a238f,1024,0/0
/spttest/zb27v1inqrw1,407e2e369d67deb1,1024,0/0
/spttest/ap4089dlitnc,138a51e71d4b7f98,1024,0/0
/spttest/ktnsxalcuokn,26098ff9ae3db7e7,1024,0/0
/spttest/glqofzh5h1c7,1e543a8f70061a07,1024,0/0
/spttest/51l4zqlpwob2,936b002f559d00e,1024,0/0
/spttest/5jvlinzj5u1e,a2444b776fb7652,1024,0/0
/spttest/80bfey2j29ix,ea1098a7c0077b9,1024,0/0
/spttest/yh66dz248dev,3ef9ee33bef831e7,1024,0/0
/spttest/pjrcsjdjml75,2eab05b36c968bd1,1024,0/0
/spttest/bbpm1mzx8ezx,14afe1425f4bcaed,1024,0/0
/spttest/7b92kwmcd7ee,d5b7474adfc0ab6,1024,0/0
/spttest/zieiqinzuh14,40dd8b54a0e710b8,1024,0/0
/spttest/pyov3hv0mwcy,2f6cf66986b3f952,1024,0/0
/spttest/uv7ottgrgxbk,3861de8244c057b0,1024,0/0
/spttest/mfo5k6uf9569,28fb114972928971,1024,0/0
/spttest/flszkpwhzq5u,1c81729d940a3032,1024,0/0
/spttest/1771o0jxhfdz,23114e4fd975527,1024,0/0
/spttest/rnhjad759dvq,3282aa31ff8a9f86,1024,0/0
/spttest/va44tzdbgl4p,39236cf37a407df9,1024,0/0
/spttest/efzt1kpcrf6d,1a625ba6c2e59595,1024,0/0
/spttest/yppszu7xlxl6,3f68ed421c0e7a4a,1024,0/0
/spttest/obx52lu7tomy,2c7194ce36e990fa,1024,0/0
/spttest/9fodleww4pkb,113c29c031171a6b,1024,0/0
/spttest/f5virjowho9r,1bb2887b195d051f,1024,0/0
/spttest/1zoqjx9qv401,3a32a3232aa1401,1024,0/0
/spttest/d5qjcknufvhg,180981a759542724,1024,0/0
/spttest/fzunv7yz5680,1d37e6e7c330a9c0,1024,0/0
/spttest/j1isbblov936,22c870232c633bc2,1024,0/0
/spttest/5un5t29itwq2,ab01b487e9ec0ea,1024,0/0
/spttest/cbj3k7ok7dyw,168124ddb43aa678,1024,0/0
/spttest/ngo0a5kkuua8,2adb9e3de3b528d0,1024,0/0
/spttest/wcrb18osdrsj,3b196116a58489f3,1024,0/0
/spttest/fmktwxhdobrt,1c8b7e66e2597299,1024,0/0
/spttest/vauxyx93vx1p,392d194909f1f00d,1024,0/0
/spttest/977xb9zsrxlf,10ce5007af573ad3,1024,0/0
/spttest/aobmq04ut0fz,138014ef8434957f,1024,0/0
/spttest/blpjget01w0b,1531bf2e9c43cc4b,1024,0/0
/spttest/lqrnhf0waqeo,27b798f5bab2f430,1024,0/0
/spttest/ojeaqruyj4f,13ebdd84738df4f,1024,0/0
/spttest/dv6eoa37znmv,1953f6f8207f5567,1024,0/0
/spttest/ets8x934t2i3,1b157b0b4df0f1eb,1024,0/0
/spttest/is7dvof453qf,224f6bbd7dd60227,1024,0/0
/spttest/6j3l52w5na88,bedc6ae0b2b9888,1024,0/0
/spttest/3ir4zdqeamva,66e71134be99846,1024,0/0
/spttest/mhh4i5fmd8rt,29128282f4a0afa9,1024,0/0
/spttest/a3khcvo8ynud,127280181bc40535,1024,0/0
/spttest/xc9mv261r9vn,3ce69e0d1f0ec3c3,1024,0/0
/spttest/j02u1hj5muoy,22b5b16b5c3ee5e2,1024,0/0
/spttest/7j716xdcx098,dc2a2360628ef8c,1024,0/0
/spttest/2nrj4rmmnldz,4dbea6bedbd6a07,1024,0/0
/spttest/o7u09c560ey9,2c3c7e531d0c45b1,1024,0/0
/spttest/w334s6ksxhxy,3a9bc0e65563a516,1024,0/0
/spttest/tzlpb7hb2ys,1858904e4f100c4,1024,0/0
/spttest/qkiek5mm5a1s,3088656b7d700020,1024,0/0
/spttest/px1zy7zyun78,2f57b92391b68ef4,1024,0/0
/spttest/10fz82t83s7x,1d96124e5036d9d,1024,0/0
/spttest/2lnegge6n3o6,4c07270738e3056,1024,0/0
/spttest/e4v3n5hhhfj4,19d1c72e8e970de0,1024,0/0
/spttest/wum1fpr1xcjt,3c01493dfc67fac9,1024,0/0
/spttest/gdntvy8mphgf,1deb495e59cdfa9f,1024,0/0
/spttest/1lp9udbxote6,2ed8218a620c7ce,1024,0/0
/spttest/a2k4n9fcmunn,12656238e176bcb3,1024,0/0
/spttest/fp0925i1wir2,1cab094c49211fee,1024,0/0
/spttest/ke21fnqrlb3n,253ededbb510fe73,1024,0/0
/spttest/fczajbs9wapc,1c0ed1a38a920730,1024,0/0
/spttest/eoetjj29cpy3,1acfb0822f26ef5b,1024,0/0
/spttest/81xxjze5u3xw,eb625712ebd7c74,1024,0/0
/spttest/b9c2lmat99up,149104112820df21,1024,0/0
/spttest/14c9lzcm7j6o,20bff58cc4c52e0,1024,0/0
/spttest/tt456rpw0rkq,3672ff417a8fdf9a,1024,0/0
/spttest/wl7vbfxo41wd,3b874513b242ce9d,1024,0/0
/spttest/3rmzx6iqhpbo,6e1d9ed5f121c74,1024,0/0
/spttest/pd38duwbomwf,2e54620365b114ef,1024,0/0
/spttest/qki51zli2n1h,30884d0872091725,1024,0/0
/spttest/snjrbasuv0ps,345714c451fb4360,1024,0/0
/spttest/h4xeyygbrpz9,1f4d74b5cd6e8745,1024,0/0
/spttest/cfurfvahbc3d,16b94f367bf1daf9,1024,0/0
/spttest/4vr03nfci17s,8eade2168d12ea8,1024,0/0
/spttest/efpeo5y2z6w,bb844ee0d4b4a8,1024,0/0
/spttest/h1b51kxq8pc3,1f1e735e2b7c3043,1024,0/0
/spttest/vflzyhkvamag,396ad15af5f26e58,1024,0/0
/spttest/r2jk0dn7kx7e,31729e64f7fad81a,1024,0/0
/spttest/j92f8o7jjw19,232a72c15b7217ed,1024,0/0
/spttest/sz99th5s1zyr,34ef2b46cd6e8c53,1024,0/0
/spttest/gwf5d955ftdb,1edef3639af26b6f,1024,0/0
/spttest/cfjw2fjut3sa,16b563088c3a326a,1024,0/0
/spttest/7m9vk5e5rumr,deaa0a2376440d3,1024,0/0
/spttest/w7ipjxej8atm,3ad554be51d2a3ca,1024,0/0
/spttest/wdu4udw088yv,3b2763910d25af67,1024,0/0
/spttest/1rjxzgxpdppd,339855e99ca6061,1024,0/0
/spttest/l4f2bfb7yu6l,26954a95994df04d,1024,0/0
/spttest/tp7ornnpve7c,3640519278fafea8,1024,0/0
/spttest/kxyszreznp3n,26417d3a8f8449d3,1024,0/0
/spttest/lmt0667ww1k,11900e9a2aa0938,1024,0/0
/spttest/p9hfmsgguaq3,2e258cbd255c21cb,1024,0/0
/spttest/idq39pxglj3g,219354a9bbcc57ec,1024,0/0
/spttest/i2zrppi59p5v,2107f0df1b2a64a3,1024,0/0
/spttest/mr561khufny7,2990169c158668ff,1024,0/0
/spttest/dxujfknc2esl,1976a6876667ff65,1024,0/0
/spttest/7xd5k677oayy,e7ab138cbbf908a,1024,0/0
/spttest/zdovjoglw49p,40a05598dd12929d,1024,0/0
/spttest/unbujtxc6fvg,37fb749c6364d5dc,1024,0/0
/spttest/fv1g80z2clb8,1cf96795f536a4e4,1024,0/0
/spttest/5lowp4odkdu4,a3bd556339b900c,1024,0/0
/spttest/89bxcqlh9l14,f161ee0d8b997b8,1024,0/0
/spttest/fehm1p72v0bi,1c226b0e97a4a15e,1024,0/0
/spttest/exej4f1t994z,1b447d15908e6783,1024,0/0
/spttest/l4258rhec61k,2690a14e0ada0b98,1024,0/0
/spttest/347vu9bzbt13,5b1a50704cc86b7,1024,0/0
/spttest/8m6jlio8olu3,fbd0a1451134c8b,1024,0/0
/spttest/hi2n27vmjwos,1ff833a5ca70ce3c,1024,0/0
/spttest/hvplwz9fc4w5,20a95983f6e906c5,1024,0/0
/spttest/g92zbu9x4thd,1dafce91e96c9341,1024,0/0
/spttest/tysrcey7h3xt,36bcd33a13523d31,1024,0/0
/spttest/6qwbp4tjh8fy,c5311ed6a934bfe,1024,0/0
/spttest/p8mrhzdw2l4e,2e1a7bc525a4bb6e,1024,0/0
/spttest/xkjvp7iqqapw,3d523a7669854ac4,1024,0/0
/spttest/4r118o3dkbxr,8ad8a73e71c126f,1024,0/0
/spttest/nyv1mz0fm0ch,2bc7f6eb8045ca41,1024,0/0
/spttest/hrqom3mvsibp,2075c7c7617f92c5,1024,0/0
/spttest/qppjob0sptjj,30cbeb67ea52adcf,1024,0/0
/spttest/gwld028tnbt3,1ee1312f438c1887,1024,0/0
/spttest/8cypdzc4vv8z,f454eae2d0653f3,1024,0/0
/spttest/rpshrr9pcfgu,32a098de0a21c64e,1024,0/0
/spttest/zbi59s4fmary,4083ed7555eddf0e,1024,0/0
/spttest/6z04y8024r53,cbc5c243767a467,1024,0/0
/spttest/6c0ifwarxact,b91bdda028fd5ad,1024,0/0
/spttest/8itscv1y72f,6eb51c6c949547,1024,0/0
/spttest/hr106kz14lyi,206c83e34e78152a,1024,0/0
/spttest/ikkvqcqbatre,21ec604733cc882a,1024,0/0
/spttest/2i3p30wc9g4w,4925e92158e85f0,1024,0/0
/spttest/4qaddepm7xfq,8a3eba32c649f06,1024,0/0
/spttest/kdgau6h6tn6g,253706e24413a498,1024,0/0
/spttest/1ash1rva3yaw,25fc7dd7ae2e668,1024,0/0
/spttest/oie980zz0wq2,2cc5b1416af914aa,1024,0/0
/spttest/7gcz07fy4eu8,d9dcf0a2e069220,1024,0/0
/spttest/i98a1cf6k31n,2158f25f0e44ae6b,1024,0/0
/spttest/yecytnjvvnxq,3ed56999d6b4e5ee,1024,0/0
/spttest/olbkffrbw5xu,2cebb0ac39a7cd12,1024,0/0
/spttest/7zpiua0uaiug,e99223ace907be8,1024,0/0
/spttest/n3gi24ggq9yq,2a300c91efd1c4f2,1024,0/0
/spttest/v3w5iz96zzh3,38d29c3f0f97d857,1024,0/0
/spttest/5m9vf86lly7z,a4365cc5a8aed7f,1024,0/0
/spttest/pp967gm94fyb,2ef265b74cd2aac3,1024,0/0
/spttest/e1c8udzf0i4v,19a401c27cac86cf,1024,0/0
/spttest/yo0j4iw3pj4l,3f52d178b66eb015,1024,0/0
/spttest/aymc38esfr7k,1405d645daa50b80,1024,0/0
/spttest/bvkdysa2q2x8,15b1c7d2b1877b4c,1024,0/0
/spttest/crywh51obdp8,1756acafa21f661c,1024,0/0
/spttest/9mscdd38jgnv,119884e19a43df1b,1024,0/0
/spttest/boezoaf57mdk,1554e88400fcce08,1024,0/0
/spttest/cibqohlqiyqj,16d96a08f4235e5b,1024,0/0
/spttest/nxpnsrpmqs4n,2bb908506e019ae7,1024,0/0
/spttest/wa7n5ngkaul7,3af84e505ba73d5b,1024,0/0
/spttest/4vsr320xfkz,3f6e36fcb30523,1024,0/0
/spttest/arv7lrnhjfy8,13ae1d48315b3480,1024,0/0
/spttest/bnwy6w3hsbpj,154e6614de014747,1024,0/0
/spttest/8uo7wr3bj1n9,102b54c5d6ed1615,1024,0/0
/spttest/u9jilb7nz55,1891f1750ad54a9,1024,0/0
/spttest/nmwcyo633cs7,2b2c9143cc091e77,1024,0/0
/spttest/nd123052657m,2aac5e9fb80d95e2,1024,0/0
/spttest/tkkr81u7drkb,360416602ab87bcb,1024,0/0
/spttest/dbev31jz20ee,18533ae2a41d6d86,1024,0/0
/spttest/sos3mpt42p3c,3467149299e21388,1024,0/0
/spttest/2ge70ivl2t0f,47c2dbed984305f,1024,0/0
/spttest/w1o4sawu485q,3a895a20c192004e,1024,0/0
/spttest/l6xlgpp2eba6,26b5f4da5f7d069e,1024,0/0
/spttest/hpvkbph4ji75,205d901a4a2e9ae1,1024,0/0
/spttest/a1nalkn2u8rc,1259895834ac05d8,1024,0/0
/spttest/9m25m1o51z7x,118f11f71e067d8d,1024,0/0
/spttest/l06hjhghszcm,265e3d4df10a62f6,1024,0/0
/spttest/qcgdaknk3dau,301fbf617c507616,1024,0/0
/spttest/h2x65pgwd1xn,1f336395f4717b0b,1024,0/0
/spttest/4vqh15vkvcsk,8eaad340c535284,1024,0/0
/spttest/3vqvuzkp8k2n,7173601f7fd509f,1024,0/0
/spttest/4o6jtl7wjhti,8889032eb810cf6,1024,0/0
/spttest/fks1v1tf0ll8,1c741edbc2df404c,1024,0/0
/spttest/3jbjbfazsypi,675cd3836adb9b6,1024,0/0
/spttest/7d2wru87f0mi,d7335dbf75fd7ea,1024,0/0
/spttest/4db3o9pr9u09,7fb52c8ce818f29,1024,0/0
/spttest/mjq7eynmbepe,292fc3cf2ec75132,1024,0/0
/spttest/elh460o5pk52,1aa98cbc4a7f3736,1024,0/0
/spttest/g3rvfbq8owi5,1d6ada388ba9da8d,1024,0/0
/spttest/1hjryszga5rv,2b7915c3006f7bb,1024,0/0
/spttest/188l8uuvl5j7,23ea0c13ad3a643,1024,0/0
/spttest/28h7bq2donnp,415599838b362c5,1024,0/0
/spttest/i1rh69vp43r5,20f7f5a03ad79101,1024,0/0
/spttest/2ft4nsgi95zf,47493f928e3988b,1024,0/0
/spttest/r7rsa19pvw2u,31b688d6a78cc126,1024,0/0
/spttest/jpxxnypwqylh,2405a58d710e35a5,1024,0/0
/spttest/qs751zrz3190,30ec3f095950e814,1024,0/0
/spttest/rj3qye88b0a2,3249bbafa0975e2a,1024,0/0
/spttest/x2glo94cj7z6,3c673d02bf2e5b22,1024,0/0
/spttest/g5187sye8oej,1d7b379c656c438b,1024,0/0
/spttest/unpe8c1g1g9,18e3b5494f9bc59,1024,0/0
/spttest/kcdqvmxyj917,25291dadc6e75a7b,1024,0/0
/spttest/k32830n2e0m5,24b00e17fc3cb89d,1024,0/0
/spttest/wl6mcu863ddv,3b86d1b758fe2c83,1024,0/0
/spttest/jvksc3ppvckj,244ed6a1a5f53e63,1024,0/0
/spttest/4gdblih21oz1,823179ef1c2baad,1024,0/0
/spttest/1bv35vp1ml90,26db69929ccea14,1024,0/0
/spttest/vvzgilwooc3w,3a3f80bc98c5bb4c,1024,0/0
/spttest/4pldpigeb3ab,89ae74b440d5363,1024,0/0
/spttest/n3cvmiyz7ox,12bf70d8e9d1bb1,1024,0/0
/spttest/cgya7rx27pgc,16c791bf51b4529c,1024,0/0
/spttest/sg7rn5qs4gre,33f7d465670f81da,1024,0/0
/spttest/50br6z455v54,926500910ea91e8,1024,0/0
/spttest/tk1x2az3fdzh,35fd4a5d3cb4638d,1024,0/0
/spttest/irjjkl4quyzd,2246d181afd34699,1024,0/0
/spttest/t5loq9ww0lno,3541957e956f1da4,1024,0/0
/spttest/s9i9kwowwr7r,33a0b14e196ad1c7,1024,0/0
/spttest/157qde242mc8,21759c4b57fc998,1024,0/0
/spttest/1183b7raf17v,1e385f1105379eb,1024,0/0
/spttest/nvqckuoff6fl,2b9f4d618b2f7d51,1024,0/0
/spttest/1h85gq2epcxs,2b35f92d1aec3c0,1024,0/0
/spttest/tkskkhbjjs7,180311e3372f9e7,1024,0/0
/spttest/a5lgiw9x0fzy,128cd4d6c31455fe,1024,0/0
/spttest/3czwlaqz7rpb,623ab51b67912ff,1024,0/0
/spttest/9an30u64vhjz,10fabff9795fa69f,1024,0/0
/spttest/76nt6vsc5n51,d1fd39ab032f065,1024,0/0
/spttest/5na3b2ykdxd6,a5077492c7a262a,1024,0/0
/spttest/jdwra1u69w4z,236959b7981898f3,1024,0/0
/spttest/5qrtdjyo7v87,a7dd433e776e9d7,1024,0/0
/spttest/nzwmxia7dq3p,2bd5872d5fe2f465,1024,0/0
/spttest/mrw2txb784hn,2999cc4f625e8bbb,1024,0/0
/spttest/cmiqci4a7o6w,170fe4c90ccc7038,1024,0/0
/spttest/nk1rfzux1x1s,2b078c7dd9924690,1024,0/0
/spttest/91uta0cs91hm,1088a29b10a73bca,1024,0/0
/spttest/wkmwqttub7md,3b7fb501973cbd55,1024,0/0
/spttest/q21hg892mb1z,2f987bf4c1a46777,1024,0/0
/spttest/zlf3qgolvj14,4104b8fa73228718,1024,0/0
/spttest/1tt3guzdd9r7,356cd43f9a9eba3,1024,0/0
/spttest/e2rhtsrckr58,19b67f9712619e6c,1024,0/0
/spttest/fidlhq9pwn14,1c54ed30093a9998,1024,0/0
/spttest/gzov14x28tjo,1f096c51fa722d94,1024,0/0
/spttest/vkmm6tcl4oqy,39abfcae00e58b4a,1024,0/0
/spttest/mhkm9jla4ont,2913c52fdda783d9,1024,0/0
/spttest/dcby96zemde,ad4f6be5b253c2,1024,0/0
/spttest/qpwh1h0xooee,30ce6b3984cea286,1024,0/0
/spttest/7h4pttp3kk5j,da7d1cdbc009a07,1024,0/0
/spttest/lxpte8e19ysr,2811dc3031e6b16b,1024,0/0
/spttest/s3jgc640lyws,33532f787b4b93fc,1024,0/0
/spttest/e0fdxon8wict,199826abeb41a8ed,1024,0/0
/spttest/1h3dx9qpnppa,2b1a77018ad12de,1024,0/0
/spttest/logkz830max0,27999ff7b14f0cc4,1024,0/0
/spttest/7kfn55w4hy06,dd2babc3bcd5a66,1024,0/0
/spttest/ixxuk7ea470,f60d9f47c63dbc,1024,0/0
/spttest/wgoblal9o595,3b4c42709a842d99,1024,0/0
/spttest/hw35xh4cjctz,20ae3da757f333b7,1024,0/0
/spttest/q9bfsiguezep,2ff7002df5dee8c1,1024,0/0
/spttest/pyltx2q6pcxd,2f6bde48bb35dbb1,1024,0/0
/spttest/x4vpqhgdpyu9,3c86ab78528179a1,1024,0/0
/spttest/mpzvvbv1nc6z,29813168c0de8a7b,1024,0/0
/spttest/66fztawl84j0,b4964689cf75dec,1024,0/0
/spttest/fcnta3fobv5w,1c0aad4fd583d684,1024,0/0
/spttest/biz06385g6bi,150e319bd79f78fe,1024,0/0
/spttest/zpfp95jro628,4138e538058febb0,1024,0/0
/spttest/uxle4aukx6qg,3880cab383390c58,1024,0/0
/spttest/wzpd3y2273qu,3c436e94c36978b6,1024,0/0
/spttest/1vdokianridt,36b38074f5394d1,1024,0/0
/spttest/wocmxcwzc50v,3baff528853f276f,1024,0/0
/spttest/vlj44yrz1utw,39b7b6840a6ac154,1024,0/0
/spttest/s7mvthub9d92,33886152ea841e56,1024,0/0
/spttest/uzbe2h8a2tpb,38972967000dfcdf,1024,0/0
/spttest/9g8szc0yx7d0,114388982e528584,1024,0/0
/spttest/kvkq5a0kv219,26226e41773e900d,1024,0/0
/spttest/830ialjaxfin,ec410a5deaf12cf,1024,0/0
/spttest/ece1bsiby7d,ba52075af1b3e9,1024,0/0
/spttest/1wyfreirsw4f,37fb26af162b49f,1024,0/0
/spttest/20bli4fginbp,3ab69b557b4b295,1024,0/0
/spttest/9v63hkbqwiso,1205654c3fd10d28,1024,0/0
/spttest/jcfzwvaza5pd,2356505a57fc9661,1024,0/0
/spttest/b656m6g27kko,14679005abd0c5e8,1024,0/0
/spttest/d9hg491s8sgr,183a2f136fe3121b,1024,0/0
/spttest/g3m4n59j2bs5,1d68c7a92e576f25,1024,0/0
/spttest/ngoc043kzof1,2adbbc50c712265d,1024,0/0
/spttest/9gisunntg61d,114723f18cf16b91,1024,0/0
/spttest/kvferdudn8ty,262083335e3b8176,1024,0/0
/spttest/1rta352hlo2m,33ce3bc16dc761e,1024,0/0
/spttest/yourxo9l5hg8,3f5dbb1f6330a098,1024,0/0
/spttest/brxxdogb2v0r,1582b565086df48b,1024,0/0
/spttest/nlbxnw6w9uhc,2b1835636cb1ba90,1024,0/0
/spttest/l45hdjz0mg5z,2691d58a5d30d757,1024,0/0
/spttest/8no8nwltas9y,fd069e934501ea6,1024,0/0
/spttest/g7be8qehvtd7,1d98dd448a22ef6b,1024,0/0
/spttest/eh1itycakfug,1a6ff7719021e738,1024,0/0
/spttest/6ywo1qe9vvsv,cbb1bab2bf033bf,1024,0/0
/spttest/f7ibviokmmom,1bc7c0879e6bf056,1024,0/0
/spttest/360sp4f93xc7,5c910e655e59087,1024,0/0
/spttest/t0wbulq5ht0j,35047a36fa844a23,1024,0/0
/spttest/6xe0yl4wvdx0,ca7648bd86dd834,1024,0/0
/spttest/z3f9x8kvmeya,401afa3c18330432,1024,0/0
/spttest/wzr918o92eqx,3c441cdc95838029,1024,0/0
/spttest/kef5bf5btoqs,2543999b3e33f184,1024,0/0
/spttest/rppi8y70k0zc,329f84fcea00ddf8,1024,0/0
/spttest/wj5hap8wrep0,3b6c6dda69a8d324,1024,0/0
/spttest/wv7kqvmb4b2c,3c090e854f1c8404,1024,0/0
/spttest/l6c73w13824m,26ae3c48f28103c6,1024,0/0
/spttest/adkxj425vldn,12f48e2883c7eafb,1024,0/0
/spttest/b9fkr0eqrp3j,149247bd7b13c9cf,1024,0/0
/spttest/prko7va0scft,2f10867e482d45f9,1024,0/0
/spttest/a9efqpvrkyfh,12be4147a58ed24d,1024,0/0
/spttest/h5qefo65g476,1f57ea03c1e0b642,1024,0/0
/spttest/8zl5lcpmapvk,106b2c01f8ee7b80,1024,0/0
/spttest/mj14401y2kev,2926b61fea54d9d7,1024,0/0
/spttest/330sa3utx647,5a2180f3215c237,1024,0/0
/spttest/z1hw93s3oqk1,4001f1c033a9df71,1024,0/0
/spttest/43tvorjwv6k2,78034b905e42ef2,1024,0/0
/spttest/jhc2bil6787v,2395d756cc4c3f5b,1024,0/0
/spttest/f7hvpdcmn1ch,1bc79709fd5efc91,1024,0/0
/spttest/asropsju7dtn,13b9d4f8913e4bbb,1024,0/0
/spttest/2d72d0wahde5,452a375aa78680d,1024,0/0
/spttest/wipyhblwnfj2,3b66d40d3132325e,1024,0/0
/spttest/chl7ee2y9obr,16cfd6fdb708ed67,1024,0/0
/spttest/fyn2upucvrqj,1d282d274dbb722b,1024,0/0
/spttest/kpv4coxqd4qq,25d83ed8e1d75742,1024,0/0
/spttest/a4xr2s124y2s,1284471372b2ab84,1024,0/0
/spttest/xn3gwrud6l0,1b4fad8212e8c94,1024,0/0
/spttest/7t2acj8rdt5n,e42d06dc88e1fdb,1024,0/0
/spttest/x01mkwny2s5q,3c47db4d0a87190e,1024,0/0
/spttest/1eztpv8t6y33,29663f9f5017f0f,1024,0/0
/spttest/6bqoc5wskwy3,b8e314c3e474fcb,1024,0/0
/spttest/cn7o8atoueaj,1718e48f70edefdb,1024,0/0
/spttest/c9hhp7vqywur,166695e4d19fc0d3,1024,0/0
/spttest/2urd4o75l05s,536c7d134a51510,1024,0/0
/spttest/7pkecj8l0joe,e15644b1d36e89e,1024,0/0
/spttest/8p9igi88dblg,fe514080064c3f4,1024,0/0
/spttest/poo4m9w9uesc,2eeacde83945df5c,1024,0/0
/spttest/9btwerkw95d6,110a32d753c1a36a,1024,0/0
/spttest/gxx7jpp02ydi,1ef274ddbbbe6e86,1024,0/0
/spttest/5j67d0bik5gq,a1b1b2fb7d8f6aa,1024,0/0
/spttest/onnkmpesdbis,2d0a001f85ce1f94,1024,0/0
/spttest/ybe45sl3tcwx,3eaedbe4a47a3da1,1024,0/0
/spttest/hfz9qnsheoh1,1fdd01d9b8ca0465,1024,0/0
/spttest/m6x9uwugln2u,288974515e833016,1024,0/0
/spttest/tehirc4r6po0,35b4fc03559ed270,1024,0/0
/spttest/d0hifogrb2kl,17c54db6208b5cc5,1024,0/0
/spttest/77e4irfcj60y,d29523fb243fd42,1024,0/0
/spttest/dl45cnwsdaae,18d141bed9260156,1024,0/0
/spttest/hp4ihcw5krkn,2053cd6e698c6d97,1024,0/0
/spttest/a88ebbkg7e0r,12af1626862492bb,1024,0/0
/spttest/6yw4f4g9fpvn,cbae94eabc219c3,1024,0/0
/spttest/ra2jl8t7ew8y,31d4651c06f155c2,1024,0/0
/spttest/3wc2jze6zoyk,71edaeabbb8171c,1024,0/0
/spttest/n4z5i8l5zdb,12c8c929b9cf74f,1024,0/0
/spttest/e3bsy4o55xgy,19bdd37cbddc7db2,1024,0/0
/spttest/b90ogye6lkrw,148ce7c350ca3a6c,1024,0/0
/spttest/dju200n8a8me,18c0a03529e30e26,1024,0/0
/spttest/490t2ykhzrtg,7c3a6e5ffeb9894,1024,0/0
/spttest/iwn7oon5oe4c,228916c40db8be7c,1024,0/0
/spttest/niu1kaf0ck92,2af7c640b5452d86,1024,0/0
/spttest/rxsgcvkwmm86,33087f4b7bb6fa06,1024,0/0
/spttest/vxoamy8ppjlg,3a55741d429ba874,1024,0/0
/spttest/kwkg6brhvqix,262f51ede964c509,1024,0/0
/spttest/f2m9ba49h8o9,1b88392526a1df29,1024,0/0
/spttest/rfpvqv5aost2,321dc30d7ddf95d6,1024,0/0
/spttest/l98gcj1hi6hl,26d3da4a3af47659,1024,0/0
/spttest/lk3xocqj5rfz,27611abbe0b7752f,1024,0/0
/spttest/qawqcz495wxh,300bac491d199ef5,1024,0/0
/spttest/k7v6jvfij7ol,24ee75de8fde4ba5,1024,0/0
/spttest/nwh5djlhp2nu,2ba8f8d79d556eba,1024,0/0
/spttest/njvld7urfriv,2b0552b080021c17,1024,0/0
/spttest/9ujxdic5l0yv,11fd658345b42d27,1024,0/0
/spttest/2zjszvat13gp,574ffdd7bf01cc9,1024,0/0
/spttest/am4pz4lsyitu,13639c312dbda3d2,1024,0/0
/spttest/yetmh6v9umpq,3edb6c2eeffcf37e,1024,0/0
/spttest/69e1vfs33rm0,b6fa8b9e29e3188,1024,0/0
/spttest/l4annjwokui1,2693b37d2eaf5f69,1024,0/0
/spttest/rz6adrxx42fc,331a7a605801ba48,1024,0/0
/spttest/kmrencv4bw8l,25aff0059fcf57f5,1024,0/0
/spttest/qe8uwg52ukta,303704202e253ade,1024,0/0
/spttest/4v090ixaqvv6,8e1370eaaaab1d2,1024,0/0
/spttest/v18p39xz67t5,38b02b17700fe409,1024,0/0
/spttest/5713ewt4tm4,437baba3d9cbec,1024,0/0
/spttest/kye6msrb9zq6,264709bfdf0d941e,1024,0/0
/spttest/5pw60jcuup67,a7268d8b15a98ef,1024,0/0
/spttest/q4zhxngjxabo,2fbebc3b44769584,1024,0/0
/spttest/3wgksnsoylj2,7207b3147f7197e,1024,0/0
/spttest/kn5queeonvbd,25b51c77ff296e49,1024,0/0
/spttest/q2s502134gxr,2fa219f4e03dd5bf,1024,0/0
/spttest/hgmloovmckzm,1fe56cf815632742,1024,0/0
/spttest/1knrzpqu52c6,2dffaab0a5b7116,1024,0/0
/spttest/o9rt1lpmu37y,2c55ad9704a6d5ce,1024,0/0
/spttest/pi9jbsktf8ov,2e979a9536f066bf,1024,0/0
/spttest/zi7bt1npsvf8,40daf2f8f80d5314,1024,0/0
/spttest/fjmrmv60u6oy,1c653984f1d4c562,1024,0/0
/spttest/sjnr6gxxi7pz,342490de64b75c97,1024,0/0
/spttest/fprbd1xobxm7,1cb4cd26274e0aef,1024,0/0
/spttest/yqg3t08ysb43,3f726a91b7a0e943,1024,0/0
/spttest/2u9r37iimnv2,5306d016a102c4e,1024,0/0
/spttest/64hz29rj52uq,b3020b47fb4ecb2,1024,0/0
/spttest/vlykzpyugagp,39bd4b48b18d8ef9,1024,0/0
/spttest/dbzmjoi4vv7q,185ab8b64e36fbc6,1024,0/0
/spttest/dc1ihe4ccjt1,185b6705ba922b45,1024,0/0
/spttest/sp98zj7lrubh,346d44933ed5733d,1024,0/0
/spttest/veic7x9qw59i,395c82166909d0a6,1024,0/0
/spttest/xn6o5i4vkxsd,3d746e14a6fa570d,1024,0/0
/spttest/11ulibmrnyva,1eba4bbd2c25346,1024,0/0
/spttest/8re2avntdwo,71cc14da295ea8,1024,0/0
/spttest/9ufge6mzpcw1,11fbc87836cb0881,1024,0/0
/spttest/848nzigi26im,ed3ff748981ff7e,1024,0/0
/spttest/f3cpengw41eh,1b91c403212c3019,1024,0/0
/spttest/k2qx39aia7jt,24abf9d6265a4eb9,1024,0/0
/spttest/41nes4vd97zq,763e49f2632d9b6,1024,0/0
/spttest/j6n3uho3wpo2,230af17bdbbe1cf2,1024,0/0
/spttest/ssecbwj8qumj,349612c3fc8d118b,1024,0/0
/spttest/f7ulk0hbtf1l,1bcc2dc9578dc069,1024,0/0
/spttest/r7hdr17s9209,31b2c7e17d1f5a69,1024,0/0
/spttest/b3yf31fd8fag,144b24a8b1439868,1024,0/0
/spttest/mtlz885tvh31,29b021e5b414593d,1024,0/0
/spttest/208zm34axftc,3aa78ce9f5c5850,1024,0/0
/spttest/76ehcvpq62w,5d3c2a27da3648,1024,0/0
/spttest/nsvtaxb92kuj,2b7a4e5ce6161b0b,1024,0/0
/spttest/9jsu3mdnj8iw,1171ba99d2399ce8,1024,0/0
/spttest/kd2hb5p70i31,25320a554f7ed68d,1024,0/0
/spttest/ly78qkicpgxw,281825d07d08f604,1024,0/0
/spttest/5wyazigf9ub7,ace1b22cb9590b3,1024,0/0
/spttest/trc9gqb8c5f3,365bf2a94caf5a6f,1024,0/0
/spttest/a5zokwqe2uwn,1291f6a9fe307ef7,1024,0/0
/spttest/iizke5va4od,f0a8816481c92d,1024,0/0
/spttest/fxzl51qhl3fe,1d1fb33c709ead9a,1024,0/0
/spttest/oc4q6id378jt,2c74518afbbafe09,1024,0/0
/spttest/qhx11ao9dv6l,3066b4795539c81d,1024,0/0
/spttest/omw567cnzbjd,2d001a84893a3c29,1024,0/0
/spttest/5d0awsy6dijp,9cb0a8b7574ed25,1024,0/0
/spttest/e33zhnmg95rz,19bb0153e5d65d7f,1024,0/0
/spttest/8m3opu749psc,fbc021c88a40acc,1024,0/0
/spttest/b4n24wzqrn36,145408a4c1eb73a2,1024,0/0
/spttest/pvc3qkyzwpw1,2f416406cc44d611,1024,0/0
/spttest/6lot43gqup4b,c0f6961ee9da4ab,1024,0/0
/spttest/j7qbiedh0kip,231917828044cce1,1024,0/0
/spttest/d80gt3skb4ri,18271154992ce0de,1024,0/0
/spttest/e7rkbb1jb7lj,19f77840cf1c0237,1024,0/0
/spttest/886g7eoyadof,f0727c837dcc5bf,1024,0/0
/spttest/lyxyo6arxvvf,2821c9edadcce29b,1024,0/0
/spttest/624onpdm31s5,b115ab55cf8a5c5,1024,0/0
/spttest/uqp9i3iwokgv,382743880defd59f,1024,0/0
/spttest/k3l74ronhynz,24b6e6a63a6450bf,1024,0/0
/spttest/4p4x7i89s90m,894f710f4d3c5a6,1024,0/0
/spttest/87i5h0dalkr,6a9f34a86a08bb,1024,0/0
/spttest/t4suom51ah5n,35372e178075aa5b,1024,0/0
/spttest/rnyblf73kr41,3288b8b793c65541,1024,0/0
/spttest/inojtk92zkq6,2214aaf5e8f9d9ae,1024,0/0
/spttest/4eihimenvpg9,80afa23269de199,1024,0/0
/spttest/sas0glec6nsm,33b132d83fcd91f6,1024,0/0
/spttest/feq6e6bmaimt,1c25823532503ed5,1024,0/0
/spttest/vnamltyalv8m,39cea119eba7b366,1024,0/0
/spttest/796xs2f9lli5,d40b4e3265bc51d,1024,0/0
/spttest/4m8nmkld0eqd,86f582f575aab95,1024,0/0
/spttest/w7wnp6ee3t2q,3ada5d2434d41bf2,1024,0/0
/spttest/edkjp9kqdc26,1a42dfa51c17784e,1024,0/0
/spttest/n2c4jggnysva,2a217b279f143da6,1024,0/0
/spttest/itqqqiuuro7,f489ea88be6d97,1024,0/0
/spttest/d59xhje16nbx,180383ab1cb8c49d,1024,0/0
/spttest/phopd1jyjl5r,2e9016556200cfdf,1024,0/0
/spttest/1ke6baqx5079,2dc83bb75075945,1024,0/0
/spttest/c6vju3ujl5sa,1644b0c24beceb8a,1024,0/0
/spttest/9enmmxj1a40f,112ee75372478fcf,1024,0/0
/spttest/7ep56zzx8xor,d8838d2f736398b,1024,0/0
/spttest/mfisqulgkwrd,28f92290ad62c6d9,1024,0/0
/spttest/o0dicni2apds,2bdb9db01715d900,1024,0/0
/spttest/z7e8orujkpgx,404e8fb96e4198f1,1024,0/0
/spttest/lvotjw6xm6oe,27f785b5c54b244e,1024,0/0
/spttest/yax6yqsfhngg,3ea8c0d3f1ad1000,1024,0/0
/spttest/vtvq5wm5vffs,3a242d80b69fdce8,1024,0/0
/spttest/uxj7pf4v4298,388001826a71236c,1024,0/0
/spttest/miah7gfi9umv,291d19c89741b157,1024,0/0
/spttest/99vv8xtp1wx4,10f0ee1545a4b9e8,1024,0/0
/spttest/4gaftmw7rwzs,8220d5bb3eb66c8,1024,0/0
/spttest/lzlxlpxhtg42,282a700688609bd2,1024,0/0
/spttest/ck5iqxi6hh2o,16f125fc9a3f4eb0,1024,0/0
/spttest/ymw6upmwfb2q,3f444340c8232dd2,1024,0/0
/spttest/iwnjn6yokuae,22893572f000d656,1024,0/0
/spttest/zxpmiea9f6ff,41a463ea9ef93f4b,1024,0/0
/spttest/6tedkv86191q,c738fe58f84ba0e,1024,0/0
/spttest/ua88kj0r6217,37514ac5668b7acb,1024,0/0
/spttest/1p5vm8dv3in4,31a77a02a6c5420,1024,0/0
/spttest/p8kr6vprv8v6,2e19c23e0ba7ada2,1024,0/0
/spttest/6e1ozzn8zgol,bac258f60e8f335,1024,0/0
/spttest/gkgums13fcyf,1e43b180010fb657,1024,0/0
/spttest/tato0nfnnupj,358568e5d3a47e37,1024,0/0
/spttest/1vo94ynujnxi,36f087c08a5b9e6,1024,0/0
/spttest/xwpntgmyu2k1,3df02f8795802271,1024,0/0
/spttest/fyw10inkp8y9,1d2b67bfe2076991,1024,0/0
/spttest/38197fewdg3v,5e335c539a55acb,1024,0/0
/spttest/lhpo82ti3eyu,2741fad020b07486,1024,0/0
/spttest/bkjzyo4cn8kz,1522c211dcaba733,1024,0/0
/spttest/l3po7z8zfsbz,268c213632a0502f,1024,0/0
/spttest/2p3awps4p7go,4ed26ff43d8f608,1024,0/0
/spttest/mr0hx79497n8,298e673f213d86f4,1024,0/0
/spttest/mc817azvp1v9,28ce4871817c20b5,1024,0/0
/spttest/40kv13ud8vzv,755fbf3c23d28fb,1024,0/0
/spttest/aywk77yu3vdr,140986c40a0e979f,1024,0/0
/spttest/2773cugdpiul,404b678e78778ad,1024,0/0
/spttest/v4gub16c8sr3,38da13307e03778f,1024,0/0
/spttest/5v0opgr16o2k,ab4fc90575aec5c,1024,0/0
/spttest/alt3qbwnkj5h,135f6b11331fc4f5,1024,0/0
/spttest/kc90yx40ewdk,252769bab99ebb68,1024,0/0
/spttest/t9mx85nk03n9,3575fcb0bbdbb275,1024,0/0
/spttest/mf1j4gwyd3mr,28f2e79e2e9635a3,1024,0/0
/spttest/l2yc2jpxwww8,26824417b79de388,1024,0/0
/spttest/fqmwjkgvqus3,1cc032e90cdbdd53,1024,0/0
/spttest/gjnfi2107981,1e3913ff65f96e71,1024,0/0
/spttest/w6wdbgxcntjv,3acd453ff8de655b,1024,0/0
/spttest/6r3acqq99ln9,c55950e609ac6d5,1024,0/0
/spttest/ric5fh37bvn3,323fc683761697ef,1024,0/0
/spttest/v2d3gxd6xtqj,38bebeb713883ecb,1024,0/0
/spttest/6bw988mj7ffx,b9034bda519d4ed,1024,0/0
/spttest/fp2friqj9djh,1cabd33cb7e927cd,1024,0/0
/spttest/u57sxx4g7mdu,37103063ac395d12,1024,0/0
/spttest/qtngh82bkofp,30ff1f7e86b4abb5,1024,0/0
/spttest/p35lazov5i4o,2dd3575554e47a08,1024,0/0
/spttest/7b0o9t34ibp9,d586ccc41408bbd,1024,0/0
/spttest/kwb5e0qoz73u,262bf6f09c2d4eba,1024,0/0
/spttest/vqvlmc92gwch,39fd2a1331ce4dc1,1024,0/0
/spttest/sznd4vyaieu1,34f440f14dec1d99,1024,0/0
/spttest/u8kgggw0cmux,373bb8e9dc127eb9,1024,0/0
/spttest/xuol1vxt52au,3dd5d18d10b02be6,1024,0/0
/spttest/slc1wue7tadf,343a528035aa18c3,1024,0/0
/spttest/lvb7ceriy45n,27f29bf13595c78b,1024,0/0
/spttest/wiwoy3ma0qda,3b69422accc4977e,1024,0/0
/spttest/i2ezv30yhdmv,2100720c3e15b147,1024,0/0
/spttest/lh59s2ff9vf4,273a9e62d3b13250,1024,0/0
/spttest/f5e9uc932qqg,1bac4f53e80fdad8,1024,0/0
/spttest/hf7jpxyexbg4,1fd30125795c9e34,1024,0/0
/spttest/aiye5byzajhf,133a5bdd81953c23,1024,0/0
/spttest/r3ixb9fn44hq,317f6169eb7d52be,1024,0/0
/spttest/loq91lpmpwje,279d1d07b39bdafa,1024,0/0
/spttest/7qkmfo2r5863,e22764cc0a23b9b,1024,0/0
/spttest/1607puuty8p2,221a096069df586,1024,0/0
/spttest/gy7qoie97xeb,1ef641a3f05c65d3,1024,0/0
/spttest/j2o6pfxw4qwm,22d76029a7d2d536,1024,0/0
/spttest/wya7w731ek22,3c30fa6b65445a0a,1024,0/0
/spttest/ioaa2uzjtxgm,221c821118330da6,1024,0/0
/spttest/d6v249fwpxiw,1818208a7a04c1f8,1024,0/0
/spttest/imixkbq6nz54,2205a6c1cebb2fa8,1024,0/0
/spttest/k9vlc8x92n9v,250896537e7c2f53,1024,0/0
/spttest/dq5pr3wahyih,1912c4be16fc82f9,1024,0/0
/spttest/inadat86adek,220f8d12f76e985c,1024,0/0
/spttest/v6ninvd4969o,38f67667fc500ffc,1024,0/0
/spttest/d9f0us7l6png,18394f2d8a36b85c,1024,0/0
/spttest/5aa8vpjnruz4,9a7a93f56bdc890,1024,0/0
/spttest/t8czbfe2s3wg,3565691da9cdecc0,1024,0/0
/spttest/vskse5faf7v8,3a133dea21698b94,1024,0/0
/spttest/7kzh36s5jgch,dd9e2908cca0e81,1024,0/0
/spttest/eqr4vexg9wol,1aee1c82f8dce1b5,1024,0/0
/spttest/iet9h605icdy,21a176f32d86d436,1024,0/0
/spttest/1xn8dvjiqgg3,388a4b2ff5a83c3,1024,0/0
/spttest/ub2rfeyvd2r5,375c4e3432793631,1024,0/0
/spttest/af2p86p5ud66,1307f4bd022d272e,1024,0/0
/spttest/aoruvrkvo3x9,1385efc3b3bae8dd,1024,0/0
/spttest/qwfxaql3gjkz,31235f797f1b3e23,1024,0/0
/spttest/v38bdggz2uki,38ca0268e0428a42,1024,0/0
/spttest/ydadwvgykjvk,3ec77df4ab1033a0,1024,0/0
/spttest/maekhu4507kl,28b6a9a3cd3cfb55,1024,0/0
/spttest/q5375fnm96q6,2fc012091bab4c4e,1024,0/0
/spttest/xmahqysu66pq,3d68d1ddba3ad57e,1024,0/0
/spttest/mntfbrsrl2z2,2964e23d66335d4e,1024,0/0
/spttest/wtjuqdby4wak,3bf3820c3e703a7c,1024,0/0
/spttest/j227yda4pl8z,22cf73436aaa73d3,1024,0/0
/spttest/h8sqd98ntya6,1f7fb9237f82b9ce,1024,0/0
/spttest/3awja8rqj9ct,608798ed2515c1d,1024,0/0
/spttest/50zmnewm8455,92eed3746babcf9,1024,0/0
/spttest/sk03ko4197vk,34290516cbd44120,1024,0/0
/spttest/9sk5fycpepd1,11e37fb32945c0e5,1024,0/0
/spttest/p081rt890rrw,2dad428d0e72e59c,1024,0/0
/spttest/t2ly01vtpy2,179a17c89bbcb9a,1024,0/0
/spttest/gm8pd5e41t4s,1e5abb8d66ba55bc,1024,0/0
/spttest/ytt040o3g2di,3f9e09a5f2b4b306,1024,0/0
/spttest/2senjkjjc65c,518373c7ce4c920,1024,0/0
/spttest/bmglzal5xjxn,153b839a1cd5dc2b,1024,0/0
/spttest/siavk333gwdo,3412ee0ef02a06ec,1024,0/0
/spttest/12x4eqsdckjj,1f98b38c2d72fff,1024,0/0
/spttest/4x4ozya8b79g,8fccc0e2f5a4984,1024,0/0
/spttest/2su6cb01rmqk,51dd0fdf5cbfcdc,1024,0/0
/spttest/elm1aruuiwmk,1aab5337e12bbbac,1024,0/0
/spttest/7h528fn0f4k4,da7f1a2621970d4,1024,0/0
/spttest/cjutaf1sjhuz,16ed48fb991b912b,1024,0/0
/spttest/p220qn4xtp8m,2dc51034b5326606,1024,0/0
/spttest/hfd9k2rec61z,1fd51147a5e6e3a7,1024,0/0
/spttest/1wgtngbnwy1g,379576dc8cfb754,1024,0/0
/spttest/1ik1j5l5ou0n,2c4a728c6ec56f7,1024,0/0
/spttest/js4px3s2h019,242212c4d375bc6d,1024,0/0
/spttest/3ttg1ed751kd,6fe2800d996722d,1024,0/0
/spttest/2vy6d0r05tay,5463a49425aaf9a,1024,0/0
/spttest/sb16szpmbx07,33b4826fed1e85d7,1024,0/0
/spttest/lblo2wtlkcok,26f2996e7147c634,1024,0/0
/spttest/jde7r26ia4o0,2362a8fc43b24020,1024,0/0
/spttest/7ifqz7zhwdwq,db8ca0fbd215b6a,1024,0/0
/spttest/taqp7rwlp9yq,358456ddd79c23b2,1024,0/0
/spttest/7klrqxqt8ivd,dd4f0c27da48689,1024,0/0
/spttest/5pgvno22muk3,a6ce4bf6c490e33,1024,0/0
/spttest/23khz1gea64g,3d597bc3f0b1b80,1024,0/0
/spttest/6zykbr01ql91,cc8c81cd56bff15,1024,0/0
/spttest/31azv47fdexj,58bccafabc577d7,1024,0/0
/spttest/l5uqexu23655,26a7ef31ad7f4bd9,1024,0/0
/spttest/tpxokzm0n4ta,3649b2abd562c01e,1024,0/0
/spttest/7swsm34gwqtc,e40d515958e9fc0,1024,0/0
/spttest/inhaa71rd4go,22120be9181de6d8,1024,0/0
/spttest/9wxofn41b30u,121c563dd7b8450e,1024,0/0
/spttest/awy1nda8xc3h,13f01563c823bb7d,1024,0/0
/spttest/pfb2p8dw1suw,2e7130e37efa7c58,1024,0/0
/spttest/2x5kzm1g0b73,555e3a6d65b0caf,1024,0/0
/spttest/lr2jyp9ou8jr,27bb87fab42472c7,1024,0/0
/spttest/b7nb4zao60jd,147b1782a944f839,1024,0/0
/spttest/ctxbauug3mo6,17701480820d3d86,1024,0/0
/spttest/7zum6wgn0q2m,e9af8aaffcdbafe,1024,0/0
/spttest/cel2fvr0iokz,16a8d27f8adb48f3,1024,0/0
/spttest/s1z8spx4w5dr,333ee78099681b3f,1024,0/0
/spttest/7p1m4mmzl2ld,e0e9d4277c87b61,1024,0/0
/spttest/xsj4r7ko413s,3db9df6202d8f698,1024,0/0
/spttest/r5wfv2rd1ehl,319e3c4f8a645899,1024,0/0
/spttest/y9o3yl5y3gy9,3e987c8c6ad2de91,1024,0/0
/spttest/fmq910jby3vq,1c8d7305609b9f26,1024,0/0
/spttest/fm3caxi35gqj,1c852ef49b17defb,1024,0/0
/spttest/hz1d3vxqag,67c28e8db7e58,1024,0/0
/spttest/npuo2ivz0e34,2b52eccbfb06c650,1024,0/0
/spttest/osh14gvk3jf2,2d489625cb8bf50e,1024,0/0
/spttest/t41x1i9o05h1,352d76331f2957b5,1024,0/0
/spttest/uuhckep3n03u,38585d797617274a,1024,0/0
/spttest/hg989ahhjdnb,1fe099baa9d940d7,1024,0/0
/spttest/eegbydmmjoyz,1a4e578d4a2f432b,1024,0/0
/spttest/ausgs2oxlpuf,13d4177d3009b717,1024,0/0
/spttest/wh88xbxatwla,3b5372f71b18a83e,1024,0/0
/spttest/ybk7xbo3t9uq,3eb10fc316840a22,1024,0/0
/spttest/a0w2zlrvggie,124fb7e033069296,1024,0/0
/spttest/5xgf0bhv1k6o,ad4a415bcf52f70,1024,0/0
/spttest/7u4equd8pd1i,e5091b47c6dca46,1024,0/0
/spttest/4yj7omosdy6h,90f0669162b4a49,1024,0/0
/spttest/u9tef6lrc47b,374bf042df9e2f47,1024,0/0
/spttest/rc6ei56rg5o9,31efc40bc6a123b9,1024,0/0
/spttest/95ri7aboziqe,10bb661c369dcd96,1024,0/0
/spttest/2dlerl67jfr8,457d07140502584,1024,0/0
/spttest/h0w7g57a1l32,1f191003826236fe,1024,0/0
/spttest/c1um3velve22,160367ef454135ea,1024,0/0
/spttest/apxun7bzlhyb,1395169ed1b88d23,1024,0/0
/spttest/wfy1bpkjjlqm,3b42c6864f3807ce,1024,0/0
/spttest/9k7regqts1lq,11771d33321f5c1e,1024,0/0
/spttest/vqqfk23zqjjf,39fb4cad2b15f46b,1024,0/0
/spttest/lvxmb380s8qh,27fab26fab1d2b39,1024,0/0
/spttest/2jwb4lm825zv,4a9aeb29d38fadb,1024,0/0
/spttest/t1khwpzwsa9s,350d3299294e3f00,1024,0/0
/spttest/1g5hol8918mq,2a56c8fe383faf2,1024,0/0
/spttest/cub45acnlzys,17750f4cc9dab054,1024,0/0
/spttest/8uznuhu4mk6f,102f75b714f45ba7,1024,0/0
/spttest/tirt0amgc6rk,35eca704c7ec7540,1024,0/0
/spttest/wvfklr6eeghr,3c0bf119fd92e0ff,1024,0/0
/spttest/apigj7czh6hl,138f88e4072d1e19,1024,0/0
/spttest/he880tydsv,646c464dc375f,1024,0/0
/spttest/7votp8mpwepz,e64ecb2f5fba387,1024,0/0
/spttest/f4eldvq3xc0f,1b9f6faff7d2760f,1024,0/0
/spttest/4myuptnkuglf,878cbf3941a0f83,1024,0/0
/spttest/ljgu7rer7lff,2758c56267b6cb3b,1024,0/0
/spttest/cf1j9vvyrr2d,16aec394c10f2fc5,1024,0/0
/spttest/vxso2c85pea4,3a57080a0af0998c,1024,0/0
/spttest/scqlxvjrsg8x,33caabbc21c89841,1024,0/0
/spttest/cwu7dq12wr8,a7b85d3775eb54,1024,0/0
/spttest/ztnnn6lr1nx0,416fb90f5d79be54,1024,0/0
/spttest/1qc00mn3cv08,329aa61893626f8,1024,0/0
/spttest/lcw34hmho1b7,270358f8447af5a3,1024,0/0
/spttest/30y9u6pt666x,587357d985c85d9,1024,0/0
/spttest/ejv8r2q1zp7p,1a94ab242fea9365,1024,0/0
/spttest/56lmwfhbwuo4,977d03e559a2244,1024,0/0
/spttest/h3eng3w2tdr9,1f39b2349afcdce5,1024,0/0
/spttest/xdwapz0l9ink,3cfbc8a0240e6bb0,1024,0/0
/spttest/cp5aobqy0uk3,1732038ef8f654b3,1024,0/0
/spttest/4icj3i6gjb1n,83cc90246f486ab,1024,0/0
/spttest/u5alth4zk434,37113337836434b0,1024,0/0
/spttest/7rt5ouf7s4yu,e3287e809d9eb26,1024,0/0
/spttest/88a1wbc3pyk7,f08748b1fc5be37,1024,0/0
/spttest/z0p3tkoig3no,3ff78e7dbb79a884,1024,0/0
/spttest/pud39b86md80,2f34c1e83b3bc270,1024,0/0
/spttest/quh2utobwo02,3109cf9700a6dc82,1024,0/0
/spttest/6ef980gh039f,bb10a3c15150183,1024,0/0
/spttest/1e5tjmlaltid,28b907bfeda66a5,1024,0/0
/spttest/osyw1eaofv9p,2d4f07ba6875ec0d,1024,0/0
/spttest/uv3uyaraf5kt,38607cbffacf7ffd,1024,0/0
/spttest/bbczqfoajrxj,14ab539838552e27,1024,0/0
/spttest/g3oxoaefxm2o,1d69cae2f44af500,1024,0/0
/spttest/91an8p7murrb,10815bc0b9adca07,1024,0/0
/spttest/ggg37de0nv08,1e0f76194e5084b8,1024,0/0
/spttest/8dldh51pagtl,f4d7c95edb160a9,1024,0/0
/spttest/o6zvol1278e,13a446e78d8e61e,1024,0/0
/spttest/10uanhnn97u8,1de8b9f21e292f0,1024,0/0
/spttest/25gg0gogoqyl,3ee1bbee43c0e7d,1024,0/0
/spttest/8nm7kpm3jmop,fcfae618af98499,1024,0/0
/spttest/u62sxvylk4t6,371b5fcd74bf825a,1024,0/0
/spttest/kr6dmcg1rafh,25e94bef44ba8e8d,1024,0/0
/spttest/lu6gmjdvdh6u,27e3e8a8804e1b46,1024,0/0
/spttest/odoqgkok4etz,2c8886e1bd1e5817,1024,0/0
/spttest/gbeknapfo82j,1dcdf7d503d611db,1024,0/0
/spttest/fpdlx147wwcf,1cafdb134713b2bf,1024,0/0
/spttest/zm1zlje6u1nd,410cfad571b491d9,1024,0/0
/spttest/nu13oadh0fh9,2b8934123161f35d,1024,0/0
/spttest/bp4s2m0v7a8f,155e36959e438e8f,1024,0/0
/spttest/5126ars7168y,92fd85df7915ce2,1024,0/0
/spttest/2kku7kioxkz2,4b2887f408d886e,1024,0/0
/spttest/ntlfpnfohjzg,2b838d10d3b4e36c,1024,0/0
/spttest/2rgb1mw44iot,50bd2a5fc42db9d,1024,0/0
/spttest/t5dfilcr7vfc,353e9ae8b07915d8,1024,0/0
/spttest/8rthfjflacb1,100643465f7a1dcd,1024,0/0
/spttest/6ip6dki2rfxf,be893a48a06d363,1024,0/0
/spttest/k2bt60f1hio0,24a6863ef97435c0,1024,0/0
/spttest/nlotzs3ybfq1,2b1cdcc27354f259,1024,0/0
/spttest/t7ekjwugpz5g,3558feb6ade88634,1024,0/0
/spttest/uj2blreydqoe,37c40fa84f0b124e,1024,0/0
/spttest/9tagh2zxiexl,11ecfd940847a919,1024,0/0
/spttest/m728y82xsumz,288b3fd44f54931b,1024,0/0
/spttest/7k9g97t8y8vx,dd07edaaec7ad7d,1024,0/0
/spttest/znjcdgq3uh8o,41203b215f397dc8,1024,0/0
/spttest/sfx5llxe2mzd,33f40027ea1862d9,1024,0/0
/spttest/ntadevogqj7l,2b7f8f1da6bbc3c1,1024,0/0
/spttest/37ff4c3jk130,5db54d7e94de17c,1024,0/0
/spttest/1hy5lpo91tel,2bcc180dea8241d,1024,0/0
/spttest/q8csf1mw153d,2fea7fafb70fd809,1024,0/0
/spttest/vsl51wix3f1v,3a135e659aa8f7f3,1024,0/0
/spttest/dliar30whq3h,18d65cc1ee90ae5d,1024,0/0
/spttest/iehb0jgho884,219d267a432c60a4,1024,0/0
/spttest/1x3ebp6jsbqy,3817c92ed1a457a,1024,0/0
/spttest/ty75p9am9dl4,36b507f63b51bb08,1024,0/0
/spttest/7fhuwpfy9x2o,d92951c95a09db0,1024,0/0
/spttest/rgvfh8odok8f,322cc0c7c883c96f,1024,0/0
/spttest/6pfpa5aybssh,c4015436f690081,1024,0/0
/spttest/dpr4qj73nelf,190d81aa28f8b8a3,1024,0/0
/spttest/cq40l7xdrxl8,173e8a9157f4e3cc,1024,0/0
/spttest/b4krllgeieu5,145334df4bb0b99d,1024,0/0
/spttest/rkj9bivt9rpg,325c51961698ed84,1024,0/0
/spttest/56igaor5zq85,976aa31c6b8e085,1024,0/0
/spttest/1etr7oujdnfk,2943356fe1c22e0,1024,0/0
/spttest/afb5qbt1xr52,130b0207a1bf6ca6,1024,0/0
/spttest/n5h9x2xw4yi3,2a4a4e90ee082bab,1024,0/0
/spttest/wj81d695fefd,3b6d5a14e14f7fc9,1024,0/0
/spttest/dqoxjb2bwene,1919b3b59dbbb52a,1024,0/0
/spttest/fadloeva3o99,1bed039c318ea38d,1024,0/0
/spttest/mk0ucmstysfi,29339a56b91e516e,1024,0/0
/spttest/9e48y1qluv7g,1127e93360e0667c,1024,0/0
/spttest/17b33no8b817,2328a0c5018956b,1024,0/0
/spttest/d71uuqh58p68,181a947aa8b05a70,1024,0/0
/spttest/tsq94s42eax4,366dfc38c4f7c0c8,1024,0/0
/spttest/fher1xdwh4pu,1c485a914e3cf622,1024,0/0
/spttest/bx39rq6cq5hp,15c5954f6643624d,1024,0/0
/spttest/xdslbh8q26ih,3cfa7257dd02d779,1024,0/0
/spttest/c3temcsa2hfc,161cf2def2cc3eb8,1024,0/0
/spttest/o9s1ysbtudjx,2c55c47b33cd291d,1024,0/0
/spttest/papo8ruphsfu,2e358308da414b3a,1024,0/0
/spttest/9i1ln8hf51e,7b6a0c24524842,1024,0/0
/spttest/t3ehgghby552,352501be3c051d86,1024,0/0
/spttest/fgqzhjnscv6y,1c3fc75e85f6f0ea,1024,0/0
/spttest/oirrfnnvwjxx,2cca90c5450d97f5,1024,0/0
/spttest/qjsgp217he23,307f09538e3ccc6b,1024,0/0
/spttest/1u6ti9tk22jy,35bc0dd1d33b16e,1024,0/0
/spttest/l7ozn9qp1a0l,26bfd72f11d899f5,1024,0/0
/spttest/56zhoh0osqem,97cd000b9de9cae,1024,0/0
/spttest/gnaztvail7jg,1e688c6520f2036c,1024,0/0
/spttest/4br6sf62lp4,3832d6716d7c58,1024,0/0
/spttest/5p3kepd9vuwp,a6817191df7bb39,1024,0/0
/spttest/wy50rvbk6u6c,3c2f1a4f37122e44,1024,0/0
/spttest/mmphbuz844r9,295678a5e39a0515,1024,0/0
/spttest/fpso54r0pjwn,1cb54a4ed10cfd07,1024,0/0
/spttest/1yyw2izr5pkd,399d6c6cf5017ad,1024,0/0
/spttest/owvoaws1nw4l,2d81d3cd57191365,1024,0/0
/spttest/cdb47qfama60,16983e1c22fb22f8,1024,0/0
/spttest/vf1i57ixdpp5,39636c490c2dbc59,1024,0/0
/spttest/5di004eq0ni2,9d16d2f9da408fa,1024,0/0
/spttest/o9467xo5flfj,2c4d268f00656f3f,1024,0/0
/spttest/lmg9ip61nqa3,277f880d7b3c6dcb,1024,0/0
/spttest/5j8mivb38jgr,a1bfad3cde1738b,1024,0/0
/spttest/b8c4sgoqnmz8,14840c6dfd5e8e14,1024,0/0
/spttest/5r2zpg24eg2b,a81dc7ee36654d3,1024,0/0
/spttest/pzmynfpb6f6z,2f79440d0c8c316b,1024,0/0
/spttest/v24zn1ispkq,193707f9645967a,1024,0/0
/spttest/cvli1ohvl9yl,1785cbe72bac48ad,1024,0/0
/spttest/ixj9lffzx1uo,2294a772fa9a56a0,1024,0/0
/spttest/8zhgffd2q8n,74b7bb4731aa57,1024,0/0
/spttest/ubpr3ruyyupm,376499d7feefd9fa,1024,0/0
/spttest/nzk0gtoxpuup,2bd0f91f3e285971,1024,0/0
/spttest/9ayom99i9jpn,10feef6ee8d4f20b,1024,0/0
/spttest/rwl7z0bzw4l9,32f8e5f21d1aae3d,1024,0/0
/spttest/psibqgr9glwl,2f1caafbd71847e5,1024,0/0
/spttest/2wh4csmyafsp,54d102298f1a879,1024,0/0
/spttest/sltswsn94k17,3440ba089dfc636b,1024,0/0
/spttest/hqbnd4qkyfe3,20635dcb1d563e6b,1024,0/0
/spttest/4ykm3f297rje,90f87c0f274282a,1024,0/0
/spttest/hhn7rrtb034u,1ff2a2e48788fede,1024,0/0
/spttest/88l0zhj5azm6,f0c6a412188f3ce,1024,0/0
/spttest/tdxz4vf1vab9,35adeeaa5a7272f5,1024,0/0
/spttest/oklcono48f5w,2ce23b3ab22c52c4,1024,0/0
/spttest/s7edkx891m0h,33854f95356ffeb1,1024,0/0
/spttest/jx037o2p894w,24615951c34c2140,1024,0/0
/spttest/b2b5jm2c6ghy,1435c274bd088d06,1024,0/0
/spttest/9jx8moiilkzr,1173515a6bdb3787,1024,0/0
/spttest/8h5d45fnhxrq,f7baacb80af2836,1024,0/0
/spttest/txu21d6kla77,36b04dc6464ba2e3,1024,0/0
/spttest/best0mozzcw,9438e3b7bc0dc0,1024,0/0
/spttest/lzxqqvacjxnp,282eb2d9d4af9525,1024,0/0
/spttest/oqpt8wz3sxsk,2d31c6bd31dae914,1024,0/0
/spttest/9xojcugphr1k,12260727eb897c28,1024,0/0
/spttest/58u0c3nki3ge,994d02cce9261fe,1024,0/0
/spttest/j28qd8ybipaf,22d1ccb7a98cc387,1024,0/0
/spttest/rztigg2ybwxa,3322db900210256e,1024,0/0
/spttest/t8mcazkj2gks,3568c9c101af336c,1024,0/0
/spttest/9gnnjbrnkwbg,1148e425f7b3139c,1024,0/0
/spttest/kxalp8rx626w,2638c1ae4a1b1d98,1024,0/0
/spttest/ol5zv676yi1d,2ce9ae124d37f1d1,1024,0/0
/spttest/2j6xcyvpk1zg,4a0862ac6fcfc0c,1024,0/0
/spttest/icepxef7vdye,21823d1f54837b66,1024,0/0
/spttest/dvr1h0u9psjc,195b68d476177db8,1024,0/0
/spttest/y8xx5u9p0xlb,3e8f0987d7b1470f,1024,0/0
/spttest/ci27xvag41ie,16d5faa3b19f88a6,1024,0/0
/spttest/l9yhv0zrdpho,26dd3fbf9cb4e94c,1024,0/0
/spttest/wz44kxxcy3a0,3c3bc4f7a1fd0518,1024,0/0
/spttest/qb20vtdvzgry,300d9520a214a2ae,1024,0/0
/spttest/n994lw5awi7c,2a7b53054fd1e228,1024,0/0
/spttest/d5lq6hf7c54x,1807c556c4cf3801,1024,0/0
/spttest/h0g80wwwrbx5,1f134b9a25061519,1024,0/0
/spttest/bjgj3xbr81im,15148476ed9d90ae,1024,0/0
/spttest/ljl29ylqlz5i,275a4b8a596fd336,1024,0/0
/spttest/u4icodnjby48,3707017363b20078,1024,0/0
/spttest/pe4m9lqb7hqa,2e61df4188967882,1024,0/0
/spttest/ept0xi9ytji5,1ae1cde09d258dfd,1024,0/0
/spttest/tnkn627s7p09,362b03bdac183259,1024,0/0
/spttest/cfh8olhzoo1a,16b46e4c3eb5c6ae,1024,0/0
/spttest/o3t4gxqbiawg,2c0837bbf9a8aab0,1024,0/0
/spttest/n52oxdzr0lo5,2a450b8d17a2e4b5,1024,0/0
/spttest/egfevujeatz5,1a67fd36d2605041,1024,0/0
/spttest/td7wgeicrgg6,35a486372fa98006,1024,0/0
/spttest/v0qvcxp4o1yy,38a9bc8bdee4b7fa,1024,0/0
/spttest/sznpxzuhrzah,34f461ce7d714469,1024,0/0
/spttest/ibokts4mt35n,2178ce76116a1b3b,1024,0/0
/spttest/azruey6t0ost,1414d063d429328d,1024,0/0
/spttest/hcqiuwp9hcaz,1fb2e2293034858b,1024,0/0
/spttest/6ndilm7nrxus,c2550ded5987724,1024,0/0
/spttest/kxu0acdihcce,263fc21a2c9f3ebe,1024,0/0
/spttest/rumafvvi7jip,32df4e2288f73c91,1024,0/0
/spttest/bvma7en2k3qg,15b276e92afeede8,1024,0/0
/spttest/hf67zukj70mf,1fd286b1da9661e7,1024,0/0
/spttest/2qplhgokvfy,239dc37f2c842e,1024,0/0
/spttest/x5agjtiqmv6s,3c8bfd6d33b5b964,1024,0/0
/spttest/vwovnryws9ap,3a48accc42ef7611,1024,0/0
/spttest/gnq3ukcvmoij,1e6e003b3f3e149b,1024,0/0
/spttest/stnalig5alss,34a64ae3c67251dc,1024,0/0
/spttest/enwti730x353,1ac931c9018e6a27,1024,0/0
/spttest/g4v33ani7p07,1d7900405027e857,1024,0/0
/spttest/9y2o7crryyo,8132affdf104c0,1024,0/0
/spttest/c5fzinorau4g,163215d8d0550200,1024,0/0
/spttest/1ezhfvmivgox,29644799ab38041,1024,0/0
/spttest/xw2ewz9548wv,3de7cc37f9f01f1f,1024,0/0
/spttest/5srug031g72h,a97d174da4314c9,1024,0/0
/spttest/cfnz6ozz0ebb,16b6dc81ebd3b777,1024,0/0
/spttest/j60velsajknv,2302ebb958caf95b,1024,0/0
/spttest/9qx5mzukltxj,11ce3679b43106c7,1024,0/0
/spttest/r2mkwq9cmpsc,3173b5ce07ef1c0c,1024,0/0
/spttest/r5d2ikg6lv8x,31973f1140475771,1024,0/0
/spttest/eik376su7j9o,1a83a79671b14b4c,1024,0/0
/spttest/cz4rtitvjic2,17b3b7bf0ae45692,1024,0/0
/spttest/1xkviruabvdl,387caf4e0ee2599,1024,0/0
/spttest/nfyjcjmpbu8b,2ad26d9675b76ecb,1024,0/0
/spttest/e4u4ec2x0kbo,19d16cc0429bafe4,1024,0/0
/spttest/il3kgf36bpam,21f31e57d2d7f6ce,1024,0/0
/spttest/e5ki3u94sjxn,19daf17f901b3beb,1024,0/0
/spttest/acfss037piy0,12e5b6dd6f5c7f28,1024,0/0
/spttest/nf823trz3fmm,2ac8dfc6136450de,1024,0/0
/spttest/fcpvi8uf98yq,1c0b6bc2c3223ca2,1024,0/0
/spttest/ia2toglbxxte,2163f7d0e56d8872,1024,0/0
/spttest/7bhfgkqbavqx,d5e7872c34a9239,1024,0/0
/spttest/86973ohgalf2,eee2b03fed5beee,1024,0/0
/spttest/s52ek4fl8s7h,33670328c4af51cd,1024,0/0
/spttest/r43zkdi5fkg5,3186faed8bca9245,1024,0/0
/spttest/txqcyeh0097s,36aef8505c4072a8,1024,0/0
/spttest/4yf3iqiozcdp,90d8a411c66e96d,1024,0/0
/spttest/nvh7pw326jrg,2b9c0198d979178c,1024,0/0
/spttest/9vpan4m3c8ri,120c52a6c6d1b25e,1024,0/0
/spttest/osfqd932latx,2d481e2e89892815,1024,0/0
/spttest/h4n6dkdcsq0k,1f49c2fa149ad2b4,1024,0/0
/spttest/zfzwwjqm7qm8,40be4ba4eba03080,1024,0/0
/spttest/xkaggjsnznqu,3d4ed40b615af9f6,1024,0/0
/spttest/smwf1s1x81tg,344ea8d44e612034,1024,0/0
/spttest/x0a4xpiuzx0c,3c4aed57e8f4c7dc,1024,0/0
/spttest/17nz67ac3guj,23730c0e47e5c0b,1024,0/0
/spttest/33wlxcqu196e,5ad938a1b166ab6,1024,0/0
/spttest/vr8pnej1dfni,3a01e53377f0fd7e,1024,0/0
/spttest/dlzg9fodpne3,18dc8d278f6cffab,1024,0/0
/spttest/ximt5kmr6sfw,3d394e85d41c687c,1024,0/0
/spttest/tf9lka1r2j2l,35bf1d84a4ed0c0d,1024,0/0
/spttest/m4ozzmz61bon,286c7d8994904367,1024,0/0
/spttest/6y24y8nzrpbb,cb0179f5ee277e7,1024,0/0
/spttest/5ywl2lhzv619,ae776ca6379e74d,1024,0/0
/spttest/cj95yclh87gd,16e57960659b3cbd,1024,0/0
/spttest/mvhfougog1xv,29c878ce7bf9a5d3,1024,0/0
/spttest/qj7hrktvqprg,30777856be0d17ec,1024,0/0
/spttest/oy6jf95lldse,2d92bc9715b6f20e,1024,0/0
/spttest/3novfwvu8unr,6ae92249917c737,1024,0/0
/spttest/hlhrircisd7w,2024a0622bb763ec,1024,0/0
/spttest/b3q50365cn1x,144827d845432cb5,1024,0/0
/spttest/brzg0li9q9sj,1583419497f13513,1024,0/0
/spttest/expittjrq9gi,1b4874612eb8e962,1024,0/0
/spttest/gkty4p0qj09v,1e486b42eebf7223,1024,0/0
/spttest/crc54f40a02e,174e7666e5c19ed6,1024,0/0
/spttest/vu149dk939nf,3a261f832949dc9b,1024,0/0
/spttest/i22tw3mragv0,20fc0e4e824fb6dc,1024,0/0
/spttest/e9zaj450r10b,1a143c9c791971db,1024,0/0
/spttest/oglagaxqxpqk,2cae4079b47a1e8c,1024,0/0
/spttest/8un06ray1pfh,102ae49767eb30fd,1024,0/0
/spttest/8j7cgoenft3h,f965c5f35d3300d,1024,0/0
/spttest/cotvpvzz6na4,172de521e5f45a5c,1024,0/0
/spttest/x4hbpliironq,3c817a5494d01f96,1024,0/0
/spttest/wywh5giokp53,3c390245e58e9c47,1024,0/0
/spttest/xbn97tsu5uud,3cde8af05c1c8965,1024,0/0
/spttest/7j9gp9n9das9,dc382bdd184acd9,1024,0/0
/spttest/15olf68uq8pw,21d6f53a0adcca4,1024,0/0
/spttest/ork4uow3src9,2d3cb78fda2edc69,1024,0/0
/spttest/95kewh2xfbbn,10b8d71085f40013,1024,0/0
/spttest/lsq80crw8d73,27d10f66fa2e20cf,1024,0/0
/spttest/vu8fundqxgkr,3a28c3d46f51702b,1024,0/0
/spttest/51i4hxsn2j4k,93599a35f788454,1024,0/0
/spttest/cqr518ak7k2m,1746e27108981d5e,1024,0/0
/spttest/qrsvm37w185s,30e719a7d0c52b90,1024,0/0
/spttest/27oe5ju6oy40,40af46fa52e30b0,1024,0/0
/spttest/t2csq8tx9stm,351768abcc904f2a,1024,0/0
/spttest/c3othxk6lo0l,161b4b33830e52d5,1024,0/0
/spttest/l2vp4stagtjy,26815080f004979e,1024,0/0
/spttest/g8hwukjj3w4c,1da834797360a45c,1024,0/0
/spttest/1u20cl1lttxb,35a0493dd4965bf,1024,0/0
/spttest/wazouxvq4394,3b026cfe2ea7af78,1024,0/0
/spttest/cqij4kuh1ct3,1743c74979352017,1024,0/0
/spttest/dhjxsr758oei,18a2ff3b25937e8a,1024,0/0
/spttest/1zn5m4cmvlls,3a2981a5990c520,1024,0/0
/spttest/7wry17by16qo,e730a2d2552f660,1024,0/0
/spttest/53psndkp9hte,95258b21d57db72,1024,0/0
/spttest/9tm0jp2s2xdh,11f1292180544975,1024,0/0
/spttest/lxne6gpluxa8,2810fc694b8abd00,1024,0/0
/spttest/54nu71j3w3l5,95ea12ef20ab929,1024,0/0
/spttest/f0u5mdprvx6i,1b71181b06ef08ba,1024,0/0
/spttest/kcxm5jxaqlyj,253048ebe681cfab,1024,0/0
/spttest/d0ikc124eq9o,17c5aef37aac587c,1024,0/0
/spttest/xxotszzjmn3,1b8cd53c492685f,1024,0/0
/spttest/9g7uk3x1hkbn,11433045cc897623,1024,0/0
/spttest/um896ivqe9ea,37ed2b6b684bfd12,1024,0/0
/spttest/7dwrzwvbxs4w,d7dfca72b1b93b0,1024,0/0
/spttest/1c6k5fly9d6,116281aca084ea,1024,0/0
/spttest/94dxfqt9xvaw,10a982c9a4a5b9b8,1024,0/0
/spttest/q44ik0a7g6ih,2fb38e68cc0853f9,1024,0/0
/spttest/umu12muqzm4b,37f506b7a753ccbb,1024,0/0
/spttest/858cq75p7dha,ee0dfd312d31cfe,1024,0/0
/spttest/v0yx2nqqp14,193048d73487738,1024,0/0
/spttest/n6338to92ebc,2a522d8b3c4d8df8,1024,0/0
/spttest/m4ygn3o2z9u7,286fe7939298ae8f,1024,0/0
/spttest/vrgz0fowpii7,3a04e02afa8a99ef,1024,0/0
/spttest/t2ysuviaklkw,351f591a3760ec40,1024,0/0
/spttest/rdhkid3j4li8,3200c8c3861674e0,1024,0/0
/spttest/qpt5goq23dcf,30cd386a3420d04f,1024,0/0
/spttest/eoeceqepfwof,1acf848c6294242f,1024,0/0
/spttest/yre6ped1nbpq,3f7eb68797d9b00e,1024,0/0
/spttest/cqvv1qie67nc,174896a9356ba238,1024,0/0
/spttest/f0xzj5lzk231,1b7279f437bfce8d,1024,0/0
/spttest/v6y7m2n5cvik,38fa521ae7b4ab8c,1024,0/0
/spttest/y1v1sy58e5v7,3e331389f2b87133,1024,0/0
/spttest/z4cgensxpfn1,4026f305f15bbc6d,1024,0/0
/spttest/3siw5m1y84q6,6ed5c0c7cf26fee,1024,0/0
/spttest/mhp249b9n8sz,29155f55f662d153,1024,0/0
/spttest/81jy362l046y,eb119a773c2b23a,1024,0/0
/spttest/70m8f60nx6s3,cd1526792c53793,1024,0/0
/spttest/gqoibiutkypo,1e9464650fa341bc,1024,0/0
/spttest/69zkjj1k03f,518a1f01b43a7b,1024,0/0
/spttest/u25djrygyh60,36e858634b82d368,1024,0/0
/spttest/nwklm3en625d,2baa379be2026f61,1024,0/0
/spttest/awuuiq6r12y3,13eeedfe65b2b82b,1024,0/0
/spttest/o8jpl71gfzr2,2c45c4853f39c6be,1024,0/0
/spttest/qtkaqkg44g2h,30fdfba9283dae59,1024,0/0
/spttest/dbpzbryc8are,18573dd251cdac7a,1024,0/0
/spttest/vzrm3zs8k4mi,3a70a12bb8d13c6a,1024,0/0
/spttest/91hu7a9mq1j9,1083f430ae928445,1024,0/0
/spttest/wk76lcvqhz,bbf9c851bb7e7,1024,0/0
/spttest/tgyqwt096yau,35d52db3e0fa6c26,1024,0/0
/spttest/2qtzzm5nh8uv,503c62dee441217,1024,0/0
/spttest/st8xbj85m9su,34a11bab0071101e,1024,0/0
/spttest/fcxjopn7heu7,1c0e3060d21a185f,1024,0/0
/spttest/9hgdim4b6gsr,1153411e6471f58b,1024,0/0
/spttest/ezrr86ihh4m7,1b633d2de762ca9f,1024,0/0
/spttest/9ihj9yxarag1,1160a985b5ca3ba1,1024,0/0
/spttest/x8lz4vf64aw9,3cb71cee98df6229,1024,0/0
/spttest/3vx0ho3wk813,7196c18ca1231a7,1024,0/0
/spttest/wuaq6inwl5xw,3bfd344ff6ae8d54,1024,0/0
/spttest/o364adtff4rt,2bffeacc327e18e9,1024,0/0
/spttest/b0ryxzmhq8y0,1421d9444f03e8c8,1024,0/0
/spttest/5dq210hgni01,9d45553b707eee1,1024,0/0
/spttest/k3d10azr58to,24b3f3fd9497c2ec,1024,0/0
/spttest/bg2ozxgbl33o,14e88ea61af6fdf4,1024,0/0
/spttest/xmbfd40ehvhx,3d69281d84b407b5,1024,0/0
/spttest/ohrzp26bymm2,2cbda8b5d6c3c9fa,1024,0/0
/spttest/jlm20le2mmnh,23cd67451c0ea62d,1024,0/0
/spttest/wpgsr14oaccv,3bbe72d4ebf4d50f,1024,0/0
/spttest/r008qaucxujq,3151abf1443bfce6,1024,0/0
/spttest/2wusi84s2515,551fee35ea6b1f9,1024,0/0
/spttest/4u6cdy174ocv,8d66ca9efbebf4f,1024,0/0
/spttest/uss0mxpxgdc,1900fe66adf0e20,1024,0/0
/spttest/m6tgqfzn6h0g,2888147ca63eeea0,1024,0/0
/spttest/mjlk0e75muss,292e1648f4f5c66c,1024,0/0
/spttest/fr8fstmurj5a,1cc7f80d8db15fae,1024,0/0
/spttest/titobr7noto6,35ed53be39d90f36,1024,0/0
/spttest/guv7nz2cuctx,1ecac4a9c1986075,1024,0/0
/spttest/sxwgcb4yqz69,34dd8df83a25d691,1024,0/0
/spttest/ttdh7q44thyh,36765d6d6e967429,1024,0/0
/spttest/l0kycxjsx0ct,2663759c741d580d,1024,0/0
/spttest/swnq7y4wchvp,34cd6abee8f17585,1024,0/0
/spttest/8xw27hzke0kn,105520dc3604ca67,1024,0/0
/spttest/1d2qlsukt19d,27d76949a4777a1,1024,0/0
/spttest/4049nfpy8kf5,74fff345c8a2f61,1024,0/0
/spttest/il0vpvihtboy,21f22622cc2e4972,1024,0/0
/spttest/zjp722dmr30h,40ee62abec971201,1024,0/0
/spttest/5z5ybmf5851k,aead81a6d53ac88,1024,0/0
/spttest/n86z12l8ypgr,2a6d8eb6f3ec916b,1024,0/0
/spttest/uet1i9ltmzun,378cc168d0b41fff,1024,0/0
/spttest/5m6mjsdwsqu6,a4239ed32956ade,1024,0/0
/spttest/4b9hbm5jk4wm,7e0c28db4379cd6,1024,0/0
/spttest/58duaad9fjy2,98efac25a232fba,1024,0/0
/spttest/6hqxf611t40e,bdc3824f1e21e8e,1024,0/0
/spttest/s0ziom6fbtmx,3332039c67e811c9,1024,0/0
/spttest/2iz7rj73w8gu,49dbdeac29041de,1024,0/0
/spttest/kl5kjoq6yi2q,259b11cc08e73e02,1024,0/0
/spttest/ireurvflz2uh,22452068869c7a29,1024,0/0
/spttest/ks3cykhide63,25f532645cc57efb,1024,0/0
/spttest/s0rf7u8zt6m,16bf98c99dfee7e,1024,0/0
/spttest/35sdcr03uc0b,5c60695d0412b4b,1024,0/0
/spttest/yqmz82o0750w,3f74e564500f9530,1024,0/0
/spttest/9y8frka89gn2,122d354e7b8b2c7e,1024,0/0
/spttest/g5h88g7a33xv,1d80fd8c7fdbfcb3,1024,0/0
/spttest/no6qjy5k7av1,2b3d4d135e9bdabd,1024,0/0
/spttest/fgq4wqhba3cg,1c3f78e999019e70,1024,0/0
/spttest/9ql0qrrmnsuz,11c9d57f252143db,1024,0/0
/spttest/ewgowtt014v5,1b38476af0ca32e1,1024,0/0
/spttest/pb2j02x2fj4s,2e3a265f8eb6949c,1024,0/0
/spttest/2mavlvut4ckj,4c8eaea058ebda3,1024,0/0
/spttest/ygkg4qzelhfg,3ef21719e8db257c,1024,0/0
/spttest/ombgfzlwa0z,13fcba892ce8bc3,1024,0/0
/spttest/u33nai1j90ek,36f4b5e7a698a14c,1024,0/0
/spttest/n082g0ap1v3m,2a0609ca7bd274b2,1024,0/0
/spttest/ltqwm4g7504i,27de4bca104ef6e2,1024,0/0
/spttest/3rx3y019ykww,6e57fee64f56b60,1024,0/0
/spttest/4cvx899jxio8,7f5d8b98d9523c8,1024,0/0
/spttest/flwq3dh602ez,1c82cbc29e57463b,1024,0/0
/spttest/muwxt2m2ob26,29c1138f0f7b07fe,1024,0/0
/spttest/kpahxa1gw14d,25d0cdefbfb161ad,1024,0/0
/spttest/eexhh4bftev9,1a5487fa084deb85,1024,0/0
/spttest/5fw1nhjvx1lv,9f07915fe450163,1024,0/0
/spttest/gptjn3300vzv,1e89385e7b7c7dfb,1024,0/0
/spttest/znrhc1b8vspd,41232acdadffc711,1024,0/0
/spttest/o7yhu47axy61,2c3e1ce59ee3b139,1024,0/0
/spttest/38pw7cy5w9d1,5ec199dcc0d6465,1024,0/0
/spttest/9gqpjv2u2iqb,1149fe6c3f1aa153,1024,0/0
/spttest/8v0mjc1wibas,102fceb8e0d54db4,1024,0/0
/spttest/5kq6r8a3o59m,a2f4e41797fbbaa,1024,0/0
/spttest/gera18bhuhlw,1df98528ac7b31a4,1024,0/0
/spttest/tnp9jxsa9f0d,362caea6718dbe3d,1024,0/0
/spttest/s16lply445ap,333491f4f290cfd1,1024,0/0
/spttest/mfigcl86taxg,28f902c266a31294,1024,0/0
/spttest/vu2iazswd8hs,3a269feab86f2c40,1024,0/0
/spttest/7kmgi9ynxaen,dd530497e6f01ef,1024,0/0
/spttest/58p3ixh5bfga,9930a849115bbfa,1024,0/0
/spttest/u2gfb0yuihfo,36ec54f24dd38ec4,1024,0/0
/spttest/j5ezqhg3li6s,22fb06bb84340254,1024,0/0
/spttest/9budww1thy8t,110a5fc04eada89d,1024,0/0
/spttest/udagszybvftv,3779106861f044e3,1024,0/0
/spttest/i430wz2z7ti9,21161ad7c7cf0c21,1024,0/0
/spttest/waqpmzk36pxl,3aff2fad7a402bc9,1024,0/0
/spttest/vxq4iu56cm4c,3a561d29b22854fc,1024,0/0
/spttest/lp8m68e8gby0,27a3bd57f901a078,1024,0/0
/spttest/chugvvjbmv84,16d32ea4bc090e94,1024,0/0
/spttest/e7bgcg0wgfks,19f1a82de527d2dc,1024,0/0
/spttest/lk73bmnb1bru,27623e539036b8da,1024,0/0
/spttest/ww11qot2910q,3c13b0cdfb9f436a,1024,0/0
/spttest/xqg6pd9cuyum,3d9ed4c3d3c76bee,1024,0/0
/spttest/2d43hd8kigbp,451913aeefbe725,1024,0/0
/spttest/atwsn9n13yv1,13c8aa26ed9c803d,1024,0/0
/spttest/ky76i8vwqth7,264482d8ed3c13bb,1024,0/0
/spttest/bqouui4w6774,15727253547bb9f0,1024,0/0
/spttest/8kgmyt9cewoc,fa6b3e4a6ed3cec,1024,0/0
/spttest/z2xfpcowi3qc,40148a7065bc6364,1024,0/0
/spttest/8z1lmb4zqsnp,10641dc378f6d695,1024,0/0
/spttest/mar4xr5o52ty,28bb32824a2cd996,1024,0/0
/spttest/4gz6170q04bf,82af971f7241fdb,1024,0/0
/spttest/31wr0skrumut,593a6199fef5a35,1024,0/0
/spttest/9mqvyl54jxtx,1197fe6846d1ba05,1024,0/0
/spttest/bqathklmmd7y,156d61aec3c7b66e,1024,0/0
/spttest/o129rb393505,2be48cd8ab004115,1024,0/0
/spttest/z2n98cy858qp,4010de269ba64b81,1024,0/0
/spttest/u4iaj0agi76s,3706fbefb5022ce4,1024,0/0
/spttest/rj2z4ls4e1t5,32497449629ac4a9,1024,0/0
/spttest/e9798cxh4a67,1a0a1ef7d2e1a17f,1024,0/0
/spttest/78gyun2vc6wr,d37560fedb064fb,1024,0/0
/spttest/7rku8k4fzuz,64e035dfdab74b,1024,0/0
/spttest/w3z1dvu4d9vf,3aa743f792585f3b,1024,0/0
/spttest/k4tv46952ec,105873ba69d1c64,1024,0/0
/spttest/moepp9390z13,296c90976f741657,1024,0/0
/spttest/xba1fhblop6h,3cd9c62bc31fa679,1024,0/0
/spttest/25y7ds7gi7yy,3f4843b386f84da,1024,0/0
/spttest/ilm8t5mflzoi,21f9db7542b2bee2,1024,0/0
/spttest/rjyqqsw4xstp,3254ea8f779d542d,1024,0/0
/spttest/c8h1dkrmhxuh,16596ec139eb6799,1024,0/0
/spttest/y206yod43wqz,3e34ee9e04d7a08b,1024,0/0
/spttest/ms0juhaok7jg,299b6970e34e732c,1024,0/0
/spttest/rr81pc9gxoiu,32b332ca889bce66,1024,0/0
/spttest/n4o2qnyeoaeo,2a3fc57824a0d0b0,1024,0/0
/spttest/mot084ju9bj8,2971b8bffd83eca4,1024,0/0
/spttest/mr90zijx1qis,29917b1b7c0f0984,1024,0/0
/spttest/eqso9he0705x,1aeeaaa1e7224495,1024,0/0
/spttest/edwpfs8ce0jc,1a4742c865272638,1024,0/0
/spttest/to7wibnat54d,3633682d2dabf52d,1024,0/0
/spttest/60etjojc14vr,afb086b69ebc6f7,1024,0/0
/spttest/jlf8h7oydhf8,23caf1457f200b74,1024,0/0
/spttest/xi63qup3nimd,3d33476fe7690505,1024,0/0
/spttest/kg7htxnl90k,109a24202f9cbe4,1024,0/0
/spttest/ipb7jtic9d6t,2229d533fda04f05,1024,0/0
/spttest/ydwq4kmhlgce,3ecf8d652add4efe,1024,0/0
/spttest/56h21qrzpyg9,97629448caea9a9,1024,0/0
/spttest/ytomm2ewnwqz,3f9c758a6697bd8b,1024,0/0
/spttest/inzqenkl0en8,2218b3e8c3f73f24,1024,0/0
/spttest/8bgk4fp36td7,f31c549391ab12b,1024,0/0
/spttest/uy3wc10e6848,388778107cc14c98,1024,0/0
/spttest/o7es07fq4kgh,2c36ff9fbd6aa691,1024,0/0
/spttest/jm5phif1q6h4,23d47e7c3f9a4048,1024,0/0
/spttest/mobee11ynbbi,296b5e769a132f0e,1024,0/0
/spttest/imef6ra5fyyc,2204062209991bb4,1024,0/0
/spttest/wxjxi5jwkbl8,3c277e2fc03593ac,1024,0/0
/spttest/iu09jn82l9vz,2266d48e2169b74f,1024,0/0
/spttest/suflgjknwg08,34b08111eddc9008,1024,0/0
/spttest/x6k3xxk335qw,3c9c76042dde42d8,1024,0/0
/spttest/xogs24vttfn5,3d85110afc8acd71,1024,0/0
/spttest/phhh47ua12k5,2e8d7a99bdd7b535,1024,0/0
/spttest/d80l822omtzc,18271ca8c631c148,1024,0/0
/spttest/fvko537pjm4a,1d0056e636f59bba,1024,0/0
/spttest/isee57gqf7m8,2251f2ff3ea61e50,1024,0/0
/spttest/k8gqj80xqs9w,24f63cdf303212a4,1024,0/0
/spttest/ctfe7fuk4avt,17699d53d4e28c19,1024,0/0
/spttest/n781low3wdk9,2a60f46d656e2fa9,1024,0/0
/spttest/6qrvdfldkbyf,c51769165514a87,1024,0/0
/spttest/vjpn8q4f35zk,39a0173ac991e010,1024,0/0
/spttest/r1zpmazsg0q8,316b756bd4a28fb0,1024,0/0
/spttest/ey4fp6x0kr8n,1b4dd5e0422b8ae7,1024,0/0
/spttest/okolbkmw2wd7,2ce3667e57ef485b,1024,0/0
/spttest/pcqphm2x0rwn,2e4fdd1cb1b23647,1024,0/0
/spttest/7y6fu3aq7f1o,e8542440579b9ec,1024,0/0
/spttest/kzy50zkc6lwi,265b3a4033a94062,1024,0/0
/spttest/rrapsw4lhym9,32b4295c0ef38e81,1024,0/0
/spttest/sdepcw4f142k,33d35d571c59c9dc,1024,0/0
/spttest/5lu1wsd4fuv5,a3db08d7b02e201,1024,0/0
/spttest/f1tzg268kr4l,1b7e058461a4c655,1024,0/0
/spttest/be9rdwtnv8d2,14d120d759d28716,1024,0/0
/spttest/a2h4ltt0duje,12644d03e8767fda,1024,0/0
/spttest/ndc7d6y5ftyl,2ab0643accdfd26d,1024,0/0
/spttest/r7khoh32p8ed,31b3e710f7ec34c5,1024,0/0
/spttest/fy5ot7xljy3g,1d21e6dd9e2a3c5c,1024,0/0
/spttest/cbp2dvixlwk9,16834c0ed95f1119,1024,0/0
/spttest/7yu2k9iefme9,e8dc90c44000521,1024,0/0
/spttest/hw2wsyc670g0,20ae263d46359400,1024,0/0
/spttest/l9bkszgjkttr,26d4fad4a77e36ff,1024,0/0
/spttest/39zolyz4mtf7,5fc9f12188a8e73,1024,0/0
/spttest/ilcv0z2f27zp,21f678c7b3357bf5,1024,0/0
/spttest/bmhq1fiuk9qg,153bea62bd1d0448,1024,0/0
/spttest/qgpyhskxwf4g,30572a1e33c7a590,1024,0/0
/spttest/4smrs3e28h7h,8c25f8993ed731d,1024,0/0
/spttest/kcwioam8k155,252fe3a0374402c9,1024,0/0
/spttest/12rrkdk1i1kt,1f79c6d3f53197d,1024,0/0
/spttest/8xt6z0d7p7hn,105417fab5ac6d2b,1024,0/0
/spttest/h231o8tflb91,1f288507dfefaf35,1024,0/0
/spttest/45fg5bdk6flo,794fa3535e86c7c,1024,0/0
/spttest/me40di9rr17,122db17e4e9c29b,1024,0/0
/spttest/fl2w3cn8zpha,1c78081b23d2afbe,1024,0/0
/spttest/9dv8qo5bj5h5,1124a95c571cc179,1024,0/0
/spttest/p5lasijrh427,2df2fcc3950675cf,1024,0/0
/spttest/a46c9kd5pvma,127a632160ce6552,1024,0/0
/spttest/aiar2od6nsov,1331d431800e0aff,1024,0/0
/spttest/w8luz3mxcnn3,3ae37503e652cbaf,1024,0/0
/spttest/s4uv7pu7ib5w,33644af28ef2f804,1024,0/0
/spttest/zwdsh21svl33,4193218a416f1c7f,1024,0/0
/spttest/wnv8mzij0no2,3ba9ae3ce8d3a2d2,1024,0/0
/spttest/yrhl6aolxcdn,3f7ff0c27c4671eb,1024,0/0
/spttest/a3tsivlejhai,1275dc0f38c7904a,1024,0/0
/spttest/ao9l4ehph6yj,137f58180256ba7b,1024,0/0
/spttest/cw8wswalwn42,178e3e3bbcacda02,1024,0/0
/spttest/hur6ub5ora3u,209cee517632e7ea,1024,0/0
/spttest/zw6xvnneunh7,4190a8d4f46e8c5b,1024,0/0
/spttest/azobgypvnanp,14138aadcd6438b5,1024,0/0
/spttest/du44v5w28ay8,194627cf0be6bb70,1024,0/0
/spttest/blcm6cp5k1r1,152d15601928aedd,1024,0/0
/spttest/j74wfkduzmux,23115d1686c79079,1024,0/0
/spttest/nz9ljpjd5yar,2bcd37288f7be5e3,1024,0/0
/spttest/hqdhjoifiezv,2064079a1ada536b,1024,0/0
/spttest/gslwhnj5m5un,1ead6e294fcac81f,1024,0/0
/spttest/imzvi7udkjq9,220bc3bc41fff5e1,1024,0/0
/spttest/7ip9beeokcmx,dbc386d81972cf9,1024,0/0
/spttest/fr55udcpxrc,cca209f5dc7728,1024,0/0
/spttest/fwvxwcaov72w,1d11653db5c17598,1024,0/0
/spttest/984g58fajct6,10da0c2208cd6d9a,1024,0/0
/spttest/j2jj9iucmag5,22d5b28ac7010265,1024,0/0
/spttest/58yabv46sapc,9965b49f7da2b30,1024,0/0
/spttest/m3rt8dva5e01,2860840c603ccc21,1024,0/0
/spttest/u6sqdi5khh7n,3724bacae3349963,1024,0/0
/spttest/smg54xr5jezc,3448c98133dc5398,1024,0/0
/spttest/f1q1c6bl6q1,c376066449d849,1024,0/0
/spttest/yiv7bxnmh7le,3f0ff315dc15a2b2,1024,0/0
/spttest/u9pblnvgu716,374a778d7f2e1b1a,1024,0/0
/spttest/brtoaewnbtzx,15812c98cf67c39d,1024,0/0
/spttest/99g20z7ha6pr,10eb399592a69d7f,1024,0/0
/spttest/49y9hlywd0vb,7cfb925a9d6bda7,1024,0/0
/spttest/bee7ye3g9lc9,14d2bcd38cc73049,1024,0/0
/spttest/j21s59vv43zz,22cf4ab3f606183f,1024,0/0
/spttest/yunvlpt5ld29,3fa92d7f0872be61,1024,0/0
/spttest/moytgzl2thvg,2973d1a16b1fe5bc,1024,0/0
/spttest/u9p5qg9rc86x,374a687fd388f379,1024,0/0
/spttest/5rvzy8jfag3f,a8c53cd1eae0afb,1024,0/0
/spttest/1oe0ndunhcq,15ca0fd414599a,1024,0/0
/spttest/g2g65hchpbmy,1d59a41138f2b82a,1024,0/0
/spttest/l963toxb13ya,26d3016bea8b9942,1024,0/0
/spttest/736dnd1mua3z,cf291b226a498af,1024,0/0
/spttest/obh3yuwh1kjp,2c6bcc14a9c8af45,1024,0/0
/spttest/zmex1qtev5it,4111a5141fc06fb5,1024,0/0
/spttest/keslbt9acmfe,254873795bcf9a8a,1024,0/0
/spttest/arqd7q9thcb9,13ac5dd5c003b995,1024,0/0
/spttest/utyejkc2ifch,3851878c9f921031,1024,0/0
/spttest/b0vanpk8am14,14230c6da72fb608,1024,0/0
/spttest/hyz6t51unpn,e9702c24c9f88b,1024,0/0
/spttest/9tmk52nmv5fd,11f15b6784401f39,1024,0/0
/spttest/9dl2oox0cj5n,1120fe247e3d8ffb,1024,0/0
/spttest/pnxob1v185nr,2ee1427af9911ba7,1024,0/0
/spttest/uzbwmse3kay4,38975908b42b8f6c,1024,0/0
/spttest/x6yuik4ir8dp,3ca1c75a2bdf052d,1024,0/0
/spttest/b94vv1fi0r1i,148e6c33424546e6,1024,0/0
/spttest/xzimdummggr,1b97623ddbe5adb,1024,0/0
/spttest/jvl9z7s597ju,244f03e5a6f9d37a,1024,0/0
/spttest/manmsp4spfyn,28b9eedc1733d90f,1024,0/0
/spttest/yqlulp0o5fmd,3f747d2a5c00c655,1024,0/0
/spttest/vm6kxyu3v54z,39c02e1adb94a6c3,1024,0/0
/spttest/9je95qhvgmeq,116c77b6f5db1872,1024,0/0
/spttest/ieovjn8ll7yw,219fe1bb8d46a098,1024,0/0
/spttest/tpv34bfozwf9,3648c2dd742df2e5,1024,0/0
/spttest/5vja1w8sso6f,abbb1f5a8dd6567,1024,0/0
/spttest/rzqzuauxj3sc,3321f3104877b2ec,1024,0/0
/spttest/11c9b7eeiz4g,1e506cf01f87850,1024,0/0
/spttest/cd0ubf1qrd9k,169489083e7529e8,1024,0/0
/spttest/7254keap0frh,ce520c47cf350cd,1024,0/0
/spttest/9azgq8uh6e8o,10ff378f393e7698,1024,0/0
/spttest/8fjv4a8jl5kg,f66eba16835c270,1024,0/0
/spttest/qau7m5xp740t,300ac3744368bd1d,1024,0/0
/spttest/45h6s50lfkfz,7959ae9c4699a3f,1024,0/0
/spttest/8hrb17beuk58,f83958dfae04b7c,1024,0/0
/spttest/ffeaaxe8wvbg,1c2e3513c7daf68c,1024,0/0
/spttest/dxyfhpsndjit,19780de43792db15,1024,0/0
/spttest/38xvvc8lp3y6,5eefbb4a6a2b53e,1024,0/0
/spttest/1ovggdslfhsy,316b50a1ed2fce2,1024,0/0
/spttest/u8gh5jap1njs,373a493a23a2be78,1024,0/0
/spttest/cxgd10qcwxad,179debb3047ae485,1024,0/0
/spttest/x2lmni17qi6w,3c690d5d35b1c998,1024,0/0
/spttest/bdvel9b1c7kc,14cbf2daaf342e4c,1024,0/0
/spttest/rzh3cx2rf71t,331e6067c9172471,1024,0/0
/spttest/48mpwx67zwp5,7be919d83c6df49,1024,0/0
/spttest/y6afir88c2xb,3e6c9548b388f1cf,1024,0/0
/spttest/h2ay2u68fu97,1f2b5ec0ef0286eb,1024,0/0
/spttest/tjt2hieavbmd,35fa18f674c2ee95,1024,0/0
/spttest/ko3nt8r55xfk,25c159358bbc6980,1024,0/0
/spttest/5enwild62kbb,9e08bb49c3ebd57,1024,0/0
/spttest/spohznh8sv8n,3472c53306f4a927,1024,0/0
/spttest/61l0exeu7fkt,b0a4181e9c7b09d,1024,0/0
/spttest/tk0zw0yw3fy5,35fcf53ef1eb5b7d,1024,0/0
/spttest/7rkzy3ujuwhl,e2f9639d200daf9,1024,0/0
/spttest/cby71ki29z3h,16869752f32463ed,1024,0/0
/spttest/qhms8d7mjvim,3063023411e6484e,1024,0/0
/spttest/dnp5t8s89ncx,18f2d12c795c9681,1024,0/0
/spttest/r0h8qi1b92pi,3157ce3780e8a4f6,1024,0/0
/spttest/bp3b3mvsdmiy,155daeabbc1e4b4a,1024,0/0
/spttest/xndueicb2np6,3d7704b1e7141f7a,1024,0/0
/spttest/hhv7h3aoaem4,1ff58513ceeb587c,1024,0/0
/spttest/b2fsb1428301,14376e5493076331,1024,0/0
/spttest/36vzi2lqghfv,5d451c5f3d32a4b,1024,0/0
/spttest/jg91n3r6tc1v,2387c33cda77e443,1024,0/0
/spttest/szrwxl5dl1mu,34f5e53601cfec86,1024,0/0
/spttest/70ypkjylrms1,cd5d2d36723d911,1024,0/0
/spttest/s6ram6pdrhz1,337cfb8185c4a4bd,1024,0/0
/spttest/xhhduv0473wk,3d2a5c2cb29b0384,1024,0/0
/spttest/tftltl36535b,35c6558bd9dfe12f,1024,0/0
/spttest/qlfuox9xtd73,309476f6d9d37d0f,1024,0/0
/spttest/5visjwsw1h7g,abb850f3a53dd5c,1024,0/0
/spttest/gqcy0fdmdzma,1e90383ccf3c0f92,1024,0/0
/spttest/stwv43sqbcgb,34a9bed843718dcb,1024,0/0
/spttest/p5b6omtttnzn,2def568ab4644fb3,1024,0/0
/spttest/bwf4b821exme,15bcde7799becab6,1024,0/0
/spttest/u6s17egdtr5v,37247a3684a43bc3,1024,0/0
/spttest/om9fnt7k8n5x,2cf7e8f5fc50c745,1024,0/0
/spttest/chgxjnhp7z4o,16ce4c3c39257a98,1024,0/0
/spttest/uuwzf3w8lk2e,385e01a22636d0d6,1024,0/0
/spttest/rj2klo0xsq53,32494f0415d2f457,1024,0/0
/spttest/ufrzrw4ofyc,18b5f0d2c2cdac4,1024,0/0
/spttest/g07jbztrr9ca,1d3c8c0f1dc6e70a,1024,0/0
/spttest/8ftepgouucgg,f6a5d343dcd1890,1024,0/0
/spttest/r7aalltprrj9,31b039380c22a125,1024,0/0
/spttest/u7y5yrqg5lia,3733ade495fae422,1024,0/0
/spttest/wsotau9b6xhk,3be84ef5ae1dfe08,1024,0/0
/spttest/7if1ra4g60y7,db88959d62d4a4f,1024,0/0
/spttest/72349gcotsqp,ce4674049cd3ec1,1024,0/0
/spttest/aykkbjs3n4tv,140532a7c4863b33,1024,0/0
/spttest/7c0ncnp3jukv,d6567b12461788f,1024,0/0
/spttest/7gbb9mmsqddo,d9d35c3a37d1a3c,1024,0/0
/spttest/b899k6behqc0,1483039029bcd990,1024,0/0
/spttest/85l1uywo2eip,ee574ba61adee01,1024,0/0
/spttest/1rugv1r06d69,33d517c9934a431,1024,0/0
/spttest/e2ss7f68dkok,19b6f6964d6839f4,1024,0/0
/spttest/w6jwjtppnffq,3ac8c5cee1fafae6,1024,0/0
/spttest/6i8i7eqzrc3w,be28fbba621c10c,1024,0/0
/spttest/tj99jvkd41x8,35f2f3ba1b038fbc,1024,0/0
/spttest/tfrjuyteq1xn,35c597c6d5388e4b,1024,0/0
/spttest/ludugnikjfkl,27e692bcc88e6195,1024,0/0
/spttest/fu0yt72yc1mp,1cec3da75a4ded41,1024,0/0
/spttest/m4zb3b908hr6,287035b491bd3fe2,1024,0/0
/spttest/pqaxwrnr8lgg,2f00066bbb3685a0,1024,0/0
/spttest/wap1c6isde7t,3afe94f5db010d39,1024,0/0
/spttest/hgm6nwk019il,1fe5466d1dcd766d,1024,0/0
/spttest/5dxejd9g3ebf,9d6fc009780cf3b,1024,0/0
/spttest/fy2rdmja16lx,1d20d858cd32edb5,1024,0/0
/spttest/bs3qcign6r08,1584cd8f7c5ca538,1024,0/0
/spttest/sfcdurksbmzp,33ec819a0b09e525,1024,0/0
/spttest/5q0cfqwrxmap,a73eacc5479ca21,1024,0/0
/spttest/nd34n23a3h4f,2aad1debd7488f6f,1024,0/0
/spttest/bolj4tqqvy8g,155744a7528a9110,1024,0/0
/spttest/jlxoctmo6z02,23d198a3b391f6b2,1024,0/0
/spttest/6ma99rg2mui9,c1726927075b5f1,1024,0/0
/spttest/dvirv8969aom,19586d3d16856856,1024,0/0
/spttest/wqhfhd0bszvp,3bcbaa698c779fa5,1024,0/0
/spttest/8inq1gcw0z38,f8f47d7d139c1a4,1024,0/0
/spttest/fdvjt54fgh5j,1c1a7536d49e49d7,1024,0/0
/spttest/chhl894dyq2w,16ce89006b430588,1024,0/0
/spttest/dtbl2hd9k544,193bdab4342ce3e4,1024,0/0
/spttest/5dshft28prlb,9d5359aca1037ef,1024,0/0
/spttest/a0j5tqkg7ljw,124b0e5e2aba28dc,1024,0/0
/spttest/ztcqmk5s385r,416bc8a98ab5dc0f,1024,0/0
/spttest/9tshn0ty2fx9,11f37f321c36731d,1024,0/0
/spttest/r3ggb4mz7bpa,317e7d0ca79951fe,1024,0/0
/spttest/hibomhogth7q,1ffb76f8f0fbfc66,1024,0/0
/spttest/qzkobmy5rnbe,314c0e0ed9adbbca,1024,0/0
/spttest/3cd9gjl5vs0j,61b7fddaef56893,1024,0/0
/spttest/lhx8wy2i6not,2744b67a912b776d,1024,0/0
/spttest/lr82l3328wsf,27bd85999813f5ff,1024,0/0
/spttest/jhkvzr7yttxp,2399066b9cbf8acd,1024,0/0
/spttest/575zfu6nehq,43883754ef571e,1024,0/0
/spttest/n8uu97xn1985,2a762b4de75d2ff5,1024,0/0
/spttest/xqwfoikc97c8,3da4b1b028c30968,1024,0/0
/spttest/6uka4tyih0ge,c82ae85cf3b068e,1024,0/0
/spttest/ha1eobbyn4ia,1f8fd7b552ba9492,1024,0/0
/spttest/vltghh7njw4u,39bb71e11f3c6c6e,1024,0/0
/spttest/eekg7bfv72qb,1a4fd3ecd5b89493,1024,0/0
/spttest/eiiqolpgd3v0,1a832b1af901b8cc,1024,0/0
/spttest/f9mlts9qh77r,1be3460cebe65cc7,1024,0/0
/spttest/wrp8zux8ocq7,3bdb79f90bd0226f,1024,0/0
/spttest/5936jvuscaa8,9981f704b594310,1024,0/0
/spttest/hd3uqgohowk5,1fb7b16bafe24bd5,1024,0/0
/spttest/gx0ep5ds6ixt,1ee69f0fe2ba2561,1024,0/0
/spttest/81ycyx0sx3ag,eb64cfe46eebae8,1024,0/0
/spttest/ugs1i8phn1er,37a65f8d89281be3,1024,0/0
/spttest/b2qkdf5sxljp,143b52066e01eb55,1024,0/0
/spttest/f4fb1xseucdu,1b9fb18bedcca832,1024,0/0
/spttest/cilv1f1mc29a,16dd10e6e9da406e,1024,0/0
/spttest/n1wpj1tltkcj,2a1beb1d899aa543,1024,0/0
/spttest/vgvtcluyewgv,397b59571b2185df,1024,0/0
/spttest/qnof1sj5ec0z,30b188a80fe78563,1024,0/0
/spttest/ombg82x4jtp2,2cf8a3245bcfe516,1024,0/0
/spttest/xddq3svodpbc,3cf51519f3293568,1024,0/0
/spttest/igq7f06cjd7j,21ba5712afd5ed9f,1024,0/0
/spttest/uc343bpl0uff,37696bf440b5430b,1024,0/0
/spttest/1lh12d23ky9i,2ea88a0bf366576,1024,0/0
/spttest/us4ormq2kl9f,3839d17a61bab2a3,1024,0/0
/spttest/lx27frdb0xnk,2809576159805960,1024,0/0
/spttest/gnddi2z69ybq,1e6968366374e806,1024,0/0
/spttest/np1oh6sqk3rx,2b487729b45b3a1d,1024,0/0
/spttest/mr8b2pu8k9g4,299138a00d7abcd4,1024,0/0
/spttest/ezznud1yd5km,1b6617716b3db376,1024,0/0
/spttest/fgvhb28zz1bm,1c41669070e6f472,1024,0/0
/spttest/ndzp9lk2724r,2ab8dea0919ea88b,1024,0/0
/spttest/ayhvh5gzceid,14043a2c6d94a775,1024,0/0
/spttest/40188g3ow75u,74ee677385cf042,1024,0/0
/spttest/9k25ccsnnrin,117516c2dab5120f,1024,0/0
/spttest/e91tuzbb3yur,1a0829afc47d7a33,1024,0/0
/spttest/8lypv1jcr56y,fba3734f8dadb0a,1024,0/0
/spttest/pqpcve4tgy7x,2f0539f7062a7e3d,1024,0/0
/spttest/vldtovyztat3,39b5cddeee5996f7,1024,0/0
/spttest/dvaly0zgpd9y,19557b18ef420b76,1024,0/0
/spttest/i76k7vhlrn77,213e593e9d857733,1024,0/0
/spttest/l1ne1wfrvpjl,267153dee7b46a11,1024,0/0
/spttest/21cxld03r2vj,3b8e25a81f03a4f,1024,0/0
/spttest/nawujadigfyo,2a90df459526bad0,1024,0/0
/spttest/tzi1nas1ywol,36c5f2ddd2c3caf5,1024,0/0
/spttest/vjb9dho8uykc,399ae67e2e20c27c,1024,0/0
/spttest/hi8acqhpmkxq,1ffa3d405eb2507e,1024,0/0
/spttest/u5924iddlyj5,3710a451c0b54311,1024,0/0
/spttest/p48u99pnau26,2de180aa053501ae,1024,0/0
/spttest/6bgr2e8rcqjl,b8a9c9dd50c8c61,1024,0/0
/spttest/ew4mvo5k4h4w,1b33edc8e88237c0,1024,0/0
/spttest/xntpfrd1cvq7,3d7cbdd8d646909f,1024,0/0
/spttest/hil2ofesm42q,1ffeda587c304222,1024,0/0
/spttest/f9qa22lg3y20,1be499531c08f328,1024,0/0
/spttest/mz1b9rl4ihpt,29f69c9a8cb91231,1024,0/0
/spttest/97xwro7ucw12,10d7b0350112c726,1024,0/0
/spttest/pw75i8s8k997,2f4c97fab5df63db,1024,0/0
/spttest/pc2cbz1j0aif,2e4712846081bc37,1024,0/0
/spttest/nygiwxz5ftsf,2bc2b9b9accae58f,1024,0/0
/spttest/ocmqm90rtavx,2c7ad14b0a0be75d,1024,0/0
/spttest/ac18ufcpxkvf,12e076911081c0eb,1024,0/0
/spttest/rzadh1uxg0ma,331bf3c7b59eb022,1024,0/0
/spttest/5wdwn0y769r4,ac6bef5cd6d65e0,1024,0/0
/spttest/ndadzc19wlad,2aafbc77493500c5,1024,0/0
/spttest/hf1e1giqs0wh,1fd0c85ceb3f1591,1024,0/0
/spttest/84c1no1x2tc6,ed537a301fca606,1024,0/0
/spttest/8u2brls84tmo,10236e9157ca7700,1024,0/0
/spttest/g43lrka3ew8l,1d6f15daa8c0e5b5,1024,0/0
/spttest/vyvvu8chm3ab,3a652e595f221b23,1024,0/0
/spttest/efmk8oxriy00,1a5d94478c281ba0,1024,0/0
/spttest/36mf5d2ks73s,5d0de3cd15bfef8,1024,0/0
/spttest/dqqs4dk8t2nk,191a5e8d88c75ab0,1024,0/0
/spttest/75sbs0cfi64,5d0351d9f115bc,1024,0/0
/spttest/sge0nlpo2mz2,33fa15baaf1f0cce,1024,0/0
/spttest/r782ngtsilkb,31af6c16bd1a2dab,1024,0/0
/spttest/vd23mkq3va27,3949a8e41fb98faf,1024,0/0
/spttest/uhbuucwin30l,37ad85d21fec8105,1024,0/0
/spttest/9gku0eqama59,1147dfa7e0e5aedd,1024,0/0
/spttest/45i0ijgw629,35f116c62042b1,1024,0/0
/spttest/6pb0sp5t544y,c3e64f7d183a532,1024,0/0
/spttest/zutopznn6d1a,417ee34ac3d62a7e,1024,0/0
/spttest/awuprte1iu69,13eee1d006c29241,1024,0/0
/spttest/3xoar3dfr3j3,73041a028d5fd9f,1024,0/0
/spttest/7glwofq83ek,60eae64866393c,1024,0/0
/spttest/lwtz3w8lzwqw,28065f0ffbbca588,1024,0/0
/spttest/bb7z89xs8qp7,14a984758abb892b,1024,0/0
/spttest/wmcdtyhitlh7,3b95e34f7511a7fb,1024,0/0
/spttest/shv2ivxvwhas,340d3a0aa2d23294,1024,0/0
/spttest/hyn1mutfdgel,20cf64831168f74d,1024,0/0
/spttest/227y2uv8paoy,3c413041bf74662,1024,0/0
/spttest/bqgxl4eenm7j,156f96688525162f,1024,0/0
/spttest/k3nm24hc3kft,24b7c5af2135ba39,1024,0/0
/spttest/vneluwz6rmdi,39d010a7e73c5c06,1024,0/0
/spttest/gb3lefcdkljq,1dca01b70665f716,1024,0/0
/spttest/26x9p1s00ml,1c7a15b83a132d,1024,0/0
/spttest/kzw8wb4kxjhz,265a8b71a838b4f7,1024,0/0
/spttest/r1s3flvplgs5,3168b5eb3d7eed35,1024,0/0
/spttest/65gknv3ga62r,b3c9ca54eafe943,1024,0/0
/spttest/k973o3w1z27c,24ffc02645e946e8,1024,0/0
/spttest/jas1c0jq6ml5,2340ade752153dd9,1024,0/0
/spttest/javojymhuiox,2341fe9675c66321,1024,0/0
/spttest/6bpvtvrrae3f,b8de82723eddcdb,1024,0/0
/spttest/cbte9nnv6ugm,1684dc050d50cab6,1024,0/0
/spttest/3bf6gp6n8k60,60f33a8d091f718,1024,0/0
/spttest/a8x0rd6evm2,851c3d01c6618a,1024,0/0
/spttest/5rllx1j5ytnw,a88941cd9b16bac,1024,0/0
/spttest/d877y0dwi5oq,1829812a6c22e14a,1024,0/0
/spttest/bf304b6e8nrw,14dbaded91d7805c,1024,0/0
/spttest/z06nt122jb67,3ff0e6c578d1994f,1024,0/0
/spttest/nvlvcnhbhum7,2b9dafb48e83f43f,1024,0/0
/spttest/7jvn5udvqg86,dcb836b3ee5c7a6,1024,0/0
/spttest/m98m2ivzban0,28a78636c434899c,1024,0/0
/spttest/58e0k1e56ozs,98f0ad94dcdf108,1024,0/0
/spttest/u4ujvlfq0euc,370b68582e0b5124,1024,0/0
/spttest/1p9hwqjn1d5q,31bc5ed225d3bde,1024,0/0
/spttest/aoq3x12sqzqf,13854e35c9e66b67,1024,0/0
/spttest/u93ayvngs5zc,374285d3d9404948,1024,0/0
/spttest/ft6pwafp11oj,1ce153bc1e90b3c3,1024,0/0
/spttest/j0208k57inoq,22b564f32dad236a,1024,0/0
/spttest/qc50uq2y18w0,301ba7693f04ad40,1024,0/0
/spttest/8711zkclq4i7,ef8383446917e4f,1024,0/0
/spttest/plcd5um8wwfo,2ebf97a3b576ac34,1024,0/0
/spttest/ssl97vbex9yy,3498915bc1573aba,1024,0/0
/spttest/ggvfn74souzn,1e14ff8a34a60ee3,1024,0/0
/spttest/ehf4jthi3sx6,1a74dff4a7e87b2a,1024,0/0
/spttest/alj6b725kv6j,135bd600e18c77db,1024,0/0
/spttest/dk9zufpm235i,18c66091f733c676,1024,0/0
/spttest/dksalopdy605,18ccfacc6c9e43e5,1024,0/0
/spttest/apzzsb50apat,1395dc8cb8708295,1024,0/0
/spttest/fcwrgipb0uvu,1c0de7f3cb62ab5a,1024,0/0
/spttest/w664y42xncc2,3ac3ce3285506732,1024,0/0
/spttest/td9ng9o3macl,35a527d9b4a2b0e5,1024,0/0
/spttest/lplxloouq9ck,27a88b74acdcafd4,1024,0/0
/spttest/kaqvzbpxi854,2513e10b57342eb8,1024,0/0
/spttest/16g68joa8iqh,22762adaa0bead9,1024,0/0
/spttest/pk5hh4piybgz,2eb01edf46434493,1024,0/0
/spttest/g3kdfnzx4357,1d68257bbcf245eb,1024,0/0
/spttest/n6oddi5gnjc3,2a59db44b43565a3,1024,0/0
/spttest/ocg1ipa1vdoe,2c7866afa7c46ffe,1024,0/0
/spttest/h92ugb9lnau2,1f835f4d536a3f9a,1024,0/0
/spttest/mq75hc8tiff9,2983d0a5cee17b95,1024,0/0
/spttest/yfdyghrr4ape,3ee2c249b5806632,1024,0/0
/spttest/9iu7ew78ekzg,11653bdefa7a65bc,1024,0/0
/spttest/5sff9aqqrgt6,a935612ae946fda,1024,0/0
/spttest/1ln08cb6uimx,2ecb0b29f074bd9,1024,0/0
/spttest/g619w8dx78qa,1d88392cacbabcf2,1024,0/0
/spttest/2fyqd14x5afn,476997eb4966513,1024,0/0
/spttest/ofa0x1evl70r,2c9d32b3f35bddcb,1024,0/0
/spttest/nmn3whhu8w1a,2b293ab3ece3262e,1024,0/0
/spttest/c3zchwtq33gs,161f17a1d0ed624c,1024,0/0
/spttest/ysae1wamua03,3f8a552a284a0c23,1024,0/0
/spttest/torunzmrkifi,363a9ad0484d9d4e,1024,0/0
/spttest/8bkmwtoctpmm,f333de9f24ae2fe,1024,0/0
/spttest/nr4zm072v7dk,2b63a35917807518,1024,0/0
/spttest/1eoga5ztbhw2,2924973930da852,1024,0/0
/spttest/fxt3bogy7x92,1d1d5b50ae348616,1024,0/0
/spttest/sjn2tc071td7,3424525a84c4b1eb,1024,0/0
/spttest/43wsjrwp8mz2,78141c6434ccf4e,1024,0/0
/spttest/tkon3azvmkj2,36057d3f4c175c6e,1024,0/0
/spttest/oiwat1dz9s6r,2ccc33f279789df3,1024,0/0
/spttest/psdd41t8k5kc,2f1ae0ad31b9052c,1024,0/0
/spttest/v67kwku7ldwf,38f0b64438c7189f,1024,0/0
/spttest/4wcso79tvdad,8f2bb2b9848c605,1024,0/0
/spttest/4q8plbm3a0el,8a352411e280b8d,1024,0/0
/spttest/3pmq8ch97dx1,6c7c68d3d198f35,1024,0/0
/spttest/fsfvrdos819a,1cd7a4d64af2445e,1024,0/0
/spttest/9b2rtehbynnh,1100691ce02a9b3d,1024,0/0
/spttest/ez3z62h35qt0,1b5aa8b79c487df4,1024,0/0
/spttest/mbhoaxxy77yl,28c4c5c5eb573a0d,1024,0/0
/spttest/d64uxtuiplpf,180eac8c3117d423,1024,0/0
/spttest/kzw6vbgz8xhj,265a863de7870e87,1024,0/0
/spttest/n6akw07x8aq8,2a54e16462f22550,1024,0/0
/spttest/9rosqooa0ro,7ee4e161183a64,1024,0/0
/spttest/cztfaesku2ag,17bc9cccfe344b18,1024,0/0
/spttest/mr87w0w592ic,2991307369ba19f4,1024,0/0
/spttest/kkfjuf6j57y5,2591ae6c08f6f27d,1024,0/0
/spttest/cb08v9t7f31u,167a577c8e9c0832,1024,0/0
/spttest/u6eams75x6fe,371f853ef4337fca,1024,0/0
/spttest/ljj6za244v6j,27599edf1e1aa2db,1024,0/0
/spttest/j9qw9tog5cyz,2333474b26aa50eb,1024,0/0
/spttest/iaqyi103fbds,216cad0635215a60,1024,0/0
/spttest/exzn77af0q12,1b4c1b47672b8ac6,1024,0/0
/spttest/ov8sp4kzy04b,2d6c955a298a881b,1024,0/0
/spttest/4c7esxh91mgw,7ed009c4766c500,1024,0/0
/spttest/ie7eko8q2i9n,219993ed6ba1c2fb,1024,0/0
/spttest/90nlp37d5e6g,10790b51da4df008,1024,0/0
/spttest/guagy7e2l78v,1ec348c053cd41ef,1024,0/0
/spttest/9h7mmgd966ic,1150192b98b1e374,1024,0/0
/spttest/m81piezjveua,28980b35a0b21be2,1024,0/0
/spttest/llziaudl4nx2,27797c5322183b16,1024,0/0
/spttest/sn5cj79zt33q,3451e1b01aedabf6,1024,0/0
/spttest/p1d8k52ujxqa,2dbc1f100e88a782,1024,0/0
/spttest/wbs3ooi7i3wc,3b0cad5821c2533c,1024,0/0
/spttest/p79rwvnu111s,2e08cec9b5a04590,1024,0/0
/spttest/vf38kmqb8aew,39640c7691c0d9b8,1024,0/0
/spttest/sobr09m8ziw2,34612e4a94cefa62,1024,0/0
/spttest/s0eu58n8n9gb,332a8d494ca8139b,1024,0/0
/spttest/vuzqgc8mawmq,3a329cf9e40f79b2,1024,0/0
/spttest/5ibzbpv2dals,a10338557fae4f0,1024,0/0
/spttest/fd1i6y8cu599,1c0f9e04fdf9c21d,1024,0/0
/spttest/polvvduc8s2t,2ee9feba53899425,1024,0/0
/spttest/ij45oltc60lw,21d95a4b68c3b894,1024,0/0
/spttest/bt4uxsa1di1m,159232f6f977a59a,1024,0/0
/spttest/7mrni4ai2py,6323d989419846,1024,0/0
/spttest/36yn5wzkfidg,5d54738e1284ac4,1024,0/0
/spttest/r4lhbik3a0s5,318d4abd9fa9b575,1024,0/0
/spttest/r63ea3x1eq8u,31a0bed40518f15e,1024,0/0
/spttest/csnrbvksf3pz,175fa4b02773dc97,1024,0/0
/spttest/mm1yvk5muz0y,294dfcd520cc16d2,1024,0/0
/spttest/qp9oz61w6ebs,30c6331dfb1c7208,1024,0/0
/spttest/j91u9k1sl7lm,232a3cefd646d9ba,1024,0/0
/spttest/9x16wwifhwcc,121d9ac2ba10b4fc,1024,0/0
/spttest/9cxzusn3l5kq,1118aa691eb8ee7a,1024,0/0
/spttest/gswew1fkqvsc,1eb1390da178636c,1024,0/0
/spttest/qn7svq2ilaxg,30ab89e2856b2494,1024,0/0
/spttest/x8khex7t69q4,3cb693188ecfbfbc,1024,0/0
/spttest/dd5ymp39qvin,1869ff2ec5f1c70f,1024,0/0
/spttest/l5ngzzr1pn25,26a5507581d91dfd,1024,0/0
/spttest/bhf3bh8ownbt,14fa0511923f4619,1024,0/0
/spttest/kn1hbqeuju8q,25b39292c45d55da,1024,0/0
/spttest/54cicpujap7x,95a8abf6fe3592d,1024,0/0
/spttest/4ncnxsceaum1,87dc7b6c6313779,1024,0/0
/spttest/bh1g1ra5d7gb,14f518935a9ce3fb,1024,0/0
/spttest/p148debfrynu,2db8df4496dd833a,1024,0/0
/spttest/l6r1jtkxxkbg,26b3978ca44b061c,1024,0/0
/spttest/dms9qr10214f,18e6f31b6f2e462f,1024,0/0
/spttest/x9pw6ku9utzv,3cc5841601b2945b,1024,0/0
/spttest/fnvw3sfji71f,1c9c79546b300323,1024,0/0
/spttest/bmpq1swxgqqh,153ecd5bafb02c59,1024,0/0
/spttest/dswle7lj2adu,1936720425cdf812,1024,0/0
/spttest/xlqdn2z8p80b,3d618ff618fe48cb,1024,0/0
/spttest/utx4qspqjs6l,38511209e932b36d,1024,0/0
/spttest/3j7pq6n4wjck,6746c3178b449f4,1024,0/0
/spttest/8xje09l03loa,10508e58cfb3947a,1024,0/0
/spttest/p8td9qwp458v,2e1cddd701310c8f,1024,0/0
/spttest/k59pb44onevz,24ccbb615958531f,1024,0/0
/spttest/vevxdja1yw26,39616927f6114fce,1024,0/0
/spttest/wmq8zzve636p,3b9ae41135b6efa1,1024,0/0
/spttest/ivfzj3foubnc,22797e01bcb73a78,1024,0/0
/spttest/veqwnmnmghjw,395f9977efef6edc,1024,0/0
/spttest/nyeoylsb64e7,2bc210807e2906bf,1024,0/0
/spttest/u7gk4rhv20qt,372d539cd9448345,1024,0/0
/spttest/8ns2kxxz8wo4,fd1cbc72e568e64,1024,0/0
/spttest/2frpeoqsc5d2,47410782f30ea26,1024,0/0
/spttest/zo3zuhvr8ae,1cf53135b8c65b6,1024,0/0
/spttest/d7rrz077lktx,1823eea911b6ffb5,1024,0/0
/spttest/fxqd0ve4whzf,1d1c5f1915da8f0b,1024,0/0
/spttest/gbly1gsqkwiq,1dd0a0c65ca86ba2,1024,0/0
/spttest/achf71vttfhn,12e64cc0cbfbdcab,1024,0/0
/spttest/ka54zp0bejvg,250c080fb387971c,1024,0/0
/spttest/ms1rvvbbf0oj,299bda6f3c155833,1024,0/0
/spttest/jk3t3wjpwn17,23b9d4875957e19b,1024,0/0
/spttest/uit8xfrfuing,37c0c97a6579a4ec,1024,0/0
/spttest/p5nrlwnt76h7,2df3e0a5d995558b,1024,0/0
/spttest/90kje4ynd2fq,1077f04d8ce74c96,1024,0/0
/spttest/uzs84204qeam,389d3c6152186ede,1024,0/0
/spttest/wta9wkfpr883,3bf00d4b3ad9f763,1024,0/0
/spttest/4vvxa5hc5x9,3f765a94596dfd,1024,0/0
/spttest/1ah5h2odlhfn,25bb21d94a53883,1024,0/0
/spttest/g9szeprjn8d0,1db930596279d914,1024,0/0
/spttest/xxynzt1kehrs,3e006c8d7f9c1978,1024,0/0
/spttest/apvqh6upt2ix,1394533132f74309,1024,0/0
/spttest/phw9e1yt0tci,2e92d04c8b712992,1024,0/0
/spttest/bqzcuykt73qn,15763c397fc4bbaf,1024,0/0
/spttest/3jijru1gs2g6,67854f780684f66,1024,0/0
/spttest/8seauawas821,100dc619842d01c9,1024,0/0
/spttest/h0p6u16pezs2,1f1687dc2e3fcda2,1024,0/0
/spttest/92xleuntx83e,1096a0c936c8003a,1024,0/0
/spttest/nts78xg14atp,2b85fdece3a100cd,1024,0/0
/spttest/4nftgmq1xxl8,87eeafd9b1ed14c,1024,0/0
/spttest/nl3c71qk1wiw,2b151b5c3e1166e8,1024,0/0
/spttest/4dgacu75ish2,7fd31c57a30e1a6,1024,0/0
/spttest/tb91rkwbjzhv,358af5b2274fa573,1024,0/0
/spttest/zhdevrg8v8vp,40d027d0f3cff6b5,1024,0/0
/spttest/c4ye5yxaz9tc,162bbccd1155ea70,1024,0/0
/spttest/t6meg24id36m,354ed4bbc3e9535e,1024,0/0
/spttest/xbw01vk8tmj8,3ce1b2bca4681f54,1024,0/0
/spttest/jmiuby94djsd,23d93bb48412cd6d,1024,0/0
/spttest/zvy8jfcqq8g,1d2273f12a45f50,1024,0/0
/spttest/v7w91m4kfet6,39069a4c7cb8bcba,1024,0/0
/spttest/purto7aj1qzv,2f3a12d5904b09eb,1024,0/0
/spttest/tr0l4pmhgs8x,3657bc2cda704c01,1024,0/0
/spttest/onmjjz4sddu5,2d09a0fe9a3aa34d,1024,0/0
/spttest/h7xxw1bjuud4,1f749d05a9de0438,1024,0/0
/spttest/15e6p4b8t140,219adddca453ee0,1024,0/0
/spttest/jj8ygo3ar4qn,23aeb2da166306bf,1024,0/0
/spttest/5dqafvzjru3c,9d46ae9d889e018,1024,0/0
/spttest/eabvdthzuwxu,1a18c688c054f942,1024,0/0
/spttest/js9m3evtapsj,2423d6cbea105a13,1024,0/0
/spttest/vd2vlxqtggjk,3949f0b0053aecc0,1024,0/0
/spttest/mahuncxxx5q3,28b7d8cbca63003b,1024,0/0
/spttest/opyclqel2p1q,2d27de177897f84e,1024,0/0
/spttest/ajp51crggc0z,1344026ea640fce3,1024,0/0
/spttest/3mojd2l3hlz7,6a175e4f0234083,1024,0/0
/spttest/e4552g9ynclu,19c86943874e4592,1024,0/0
/spttest/i7wvvoh1smah,2147d8bd399524d9,1024,0/0
/spttest/n3hu90hgf8oj,2a30883800ac0db3,1024,0/0
/spttest/z0a3408uv98,1c6b9dd7a3401bc,1024,0/0
/spttest/cop4vmykqvy2,172c2ecb01faa03a,1024,0/0
/spttest/nam7ha39q26x,2a8d086ee8410299,1024,0/0
/spttest/929f60ff3ouo,108de7ec663b2b90,1024,0/0
/spttest/xfp2qvr9eump,3d132819902bf791,1024,0/0
/spttest/jli7wykvvrwz,23cc04eec6cd0e13,1024,0/0
/spttest/g760tznv4emy,1d96ed054496ce1a,1024,0/0
/spttest/ooop5nrndl9t,2d17655cb6611ff1,1024,0/0
/spttest/9isvpc744vk2,1164c1752e7c78c2,1024,0/0
/spttest/wy2aowsj4oc3,3c2e1ea6d27e3733,1024,0/0
/spttest/krmnatsltgbz,25ef2aa9d80b6cef,1024,0/0
/spttest/wr5uw0ogguzr,3bd47ac813ef70e7,1024,0/0
/spttest/7n0t7mjzad6b,df4588d550eb033,1024,0/0
/spttest/kyz2kop3nujs,264e9311a14c6168,1024,0/0
/spttest/237z8y3mg32j,3d11345c8f0558b,1024,0/0
/spttest/invfflrran0e,22172647c4d7e9fe,1024,0/0
/spttest/19r9at6arfg9,2525a5ba1ebf8f9,1024,0/0
/spttest/k4a6mn22cqb7,24bfea9036e38a33,1024,0/0
/spttest/fyt3h66fepzz,1d2a58f69b1e621f,1024,0/0
/spttest/x2pqgcv562go,3c6a8897509512f8,1024,0/0
/spttest/vgj52886uwf6,3976c69a51eae5a2,1024,0/0
/spttest/4hgbyy346poa,8312af0953ad77a,1024,0/0
/spttest/siy6ob6catz3,341b570d7b54ca3f,1024,0/0
/spttest/pvov0o86pb4z,2f45fe70d8d96aa3,1024,0/0
/spttest/66weazlsiu7s,b4f4f7b66462978,1024,0/0
/spttest/d7m5enwxwdq9,1821e6ec15183e81,1024,0/0
/spttest/gs3h25o2ljwk,1ea6c7f119b6ca04,1024,0/0
/spttest/co5j9da1m1fz,17251c53e8bec9cf,1024,0/0
/spttest/3vp5nzfucfha,716966e0ca9435e,1024,0/0
/spttest/kqur7xebqhxy,25e51a68bc099056,1024,0/0
/spttest/d7u87jtq4heb,1824d10ef9540f13,1024,0/0
/spttest/d4iip5qz61tq,17f99fc8424389be,1024,0/0
/spttest/waqokkoo0kii,3aff2cf09b911fda,1024,0/0
/spttest/11xg6sanln89,1ecac2fed8687d9,1024,0/0
/spttest/bydleodp76yo,15d64c1bcf7a2c00,1024,0/0
/spttest/208tk1wmh6hx,3aa694478ada125,1024,0/0
/spttest/k55ey1g58mwl,24cb2f514f061af5,1024,0/0
/spttest/hyjs05pirtdj,20ce36b28fde7377,1024,0/0
/spttest/gw3ll1wr9wo8,1edac8941dcad8a8,1024,0/0
/spttest/qh3zznkzq7we,305c3b1cb614ad7e,1024,0/0
/spttest/to2tjx0v2wlb,363192c062a1607f,1024,0/0
/spttest/ozgcqixu7b9b,2da3445f4872d6bf,1024,0/0
/spttest/lodbi8zbbhin,2798728f983e846f,1024,0/0
/spttest/xfjc01qrjk6p,3d1115a2c11d9ff1,1024,0/0
/spttest/98a7pbpm9404,10dc20aeaa2d4684,1024,0/0
/spttest/gccv1e6v6lmr,1dda5703cf5f2a03,1024,0/0
/spttest/m4natcwb70mz,286be093b51b69fb,1024,0/0
/spttest/iv1vrjlpcoxo,22746730c04b263c,1024,0/0
/spttest/midc9kl80fei,291e2235cbba49fa,1024,0/0
/spttest/avhf7gkkj5us,13dd18a8f9cac864,1024,0/0
/spttest/wm5c291qf9ey,3b93583133d3eb6a,1024,0/0
/spttest/dqmwy3qjz2lp,1918f976348e42ed,1024,0/0
/spttest/4mt93aym215m,876c69fb18d705a,1024,0/0
/spttest/ii71ik7rppq4,21cd6772d96b857c,1024,0/0
/spttest/u2yo3ocmulto,36f2ea249e8d8ffc,1024,0/0
/spttest/a8c1858j11f2,12b0660aba5b206e,1024,0/0
/spttest/a2wyzfujalfx,126a047b8c64660d,1024,0/0
/spttest/5yefuyaeq2oz,ae0eac9d7166623,1024,0/0
/spttest/ohdh0bspe0wj,2cb86b9ba8df5513,1024,0/0
/spttest/euuvv4ea690z,1b236be609d6b533,1024,0/0
/spttest/e41y2vl84eh1,19c7423a97e50e45,1024,0/0
/spttest/3iu7aeqxo00a,66f8c190113df0a,1024,0/0
/spttest/pccg17gbgbiy,2e4ab7b200a7795a,1024,0/0
/spttest/ciprpknez1up,16de79d55d84fe21,1024,0/0
/spttest/bep0n3ms1lrs,14d6a21ca171c878,1024,0/0
/spttest/jdzeojmgj7ss,236a4e7fed00063c,1024,0/0
/spttest/95qkipuapfnb,10bb0fb030c6ad77,1024,0/0
/spttest/qq51974fslat,30d18209711e09d5,1024,0/0
/spttest/o8ds133cle7g,2c43a0933c9e232c,1024,0/0
/spttest/kr5nqvy7lz9f,25e9098c463d44c3,1024,0/0
/spttest/jhkr3l4dtuxm,2398f9dd4c8f0eda,1024,0/0
/spttest/j7hnn2bb7303,2315f75146a4e1f3,1024,0/0
/spttest/1eratxvh3wre,293509222b4a59a,1024,0/0
/spttest/ds6fwzgg6hbe,192d02629ed71d2a,1024,0/0
/spttest/g8fojovc0kqi,1da7666fad0a10fa,1024,0/0
/spttest/n9pnr40qcg0h,2a814a08d3bb3611,1024,0/0
/spttest/p3fybxnn6lj8,2dd714702d92b584,1024,0/0
/spttest/h4abcx4tbhkw,1f451ef8ff190ac0,1024,0/0
/spttest/caenc6i9kz5d,16728c82e3297ff1,1024,0/0
/spttest/vrxlhqzaog1h,3a0adfbdb1c8fd35,1024,0/0
/spttest/ex0u9ewc0dq4,1b3f8c822ef9717c,1024,0/0
/spttest/xbpnxhzgujrt,3cdf696d11758b99,1024,0/0
/spttest/3na29845exc2,6a93a1a67d81542,1024,0/0
/spttest/itvtoiwfe6bq,22653a60a22d2686,1024,0/0
/spttest/f6fpacs2z629,1bb9d094b56e7b71,1024,0/0
/spttest/sxfbopbs5ug2,34d75fc391ec6162,1024,0/0
/spttest/3szahiuo91gb,6f346b5e7b41f9b,1024,0/0
/spttest/np9j8hyy3a2b,2b4b4ca91cfc8fb3,1024,0/0
/spttest/co1t22xv4y38,1723c3fe4748c894,1024,0/0
/spttest/e1j3t8j86gu0,19a67b6d2a708eb8,1024,0/0
/spttest/skkihbqguk4n,343062b3ccfe6967,1024,0/0
/spttest/2s34b84f2s7c,5140dd748223a48,1024,0/0
/spttest/z4usgg3keztm,402d90917b042cda,1024,0/0
/spttest/qib8fwbp2lp4,306bd4a169435f58,1024,0/0
/spttest/mjvcp7feod31,29319f35a38d723d,1024,0/0
/spttest/hfi3ifpbfk8f,1fd6cf9c058c732f,1024,0/0
/spttest/uktz3lkt9xxq,37db07242001310e,1024,0/0
/spttest/duwwfpww1rea,195088dc5ef830f2,1024,0/0
/spttest/pys764c32bo9,2f6e2a7e4ed6fa99,1024,0/0
/spttest/mht78uxap9wd,2916ddf72ec24c5d,1024,0/0
/spttest/cpyq1itim94m,173ca1aa31a11db6,1024,0/0
/spttest/36ujs4lgffcn,5d3cd11b1cabf77,1024,0/0
/spttest/ky9ees9simep,26454fdd0949e1f1,1024,0/0
/spttest/1zlltlwq3a4d,3a208f3e183bffd,1024,0/0
/spttest/ywlj438kigub,3fc24f3a3be009c3,1024,0/0
/spttest/895qsbn38gro,f13e3d1b09a55e4,1024,0/0
/spttest/lm3mqdwuq747,277af92b29505487,1024,0/0
/spttest/jn9ktb8aci4z,23e2e13a26c940d3,1024,0/0
/spttest/74hm0ln3jq9t,d039c791ee5fac1,1024,0/0
/spttest/gh85msgwkddj,1e1996a3e06120b7,1024,0/0
/spttest/n95p5cvqwyon,2a7a16403214ad97,1024,0/0
/spttest/vwjykxtdyw4j,3a46e673a8f6a823,1024,0/0
/spttest/toypief0s5dd,363d1429fd180631,1024,0/0
/spttest/3xrksb42m9ix,73170798be25bb9,1024,0/0
/spttest/wccpu42l3d64,3b141d8b2622a26c,1024,0/0
/spttest/owj17yd97gh3,2d7d4428d4272c27,1024,0/0
/spttest/p8qekxjkaxge,2e1bcc19197697de,1024,0/0
/spttest/xdcndl1ssn3r,3cf4b1bba50933f7,1024,0/0
/spttest/5vmb7g8kbqsc,abcca06abf5d05c,1024,0/0
/spttest/afgop6038cqt,130d0089c5497585,1024,0/0
/spttest/iaxykzpxdti9,216f33d02f53cba1,1024,0/0
/spttest/9z4e2v7dr418,1238bcc3ae08662c,1024,0/0
/spttest/oh6xkp4gsbh5,2cb60f88e3675919,1024,0/0
/spttest/3uwqkaamadr9,70c555e64d34225,1024,0/0
/spttest/gzqswqhjlotv,1f0a1f9c8a5ee7f3,1024,0/0
/spttest/pihx8lj68ibp,2e9aa138d6dd50c5,1024,0/0
/spttest/kcrgj0qqgaff,252e1046f3755acb,1024,0/0
/spttest/74uzgzssh7d6,d086fc8aae1fb8a,1024,0/0
/spttest/4ma0y4w3k5sc,86fd6bb87f87d4c,1024,0/0
/spttest/pow5fxep0vdm,2eedb2f76c221fda,1024,0/0
/spttest/pbm7wlkj69qk,2e4141442e4389cc,1024,0/0
/spttest/mbw4yn1gqm2y,28c9fdab85aa964a,1024,0/0
/spttest/2f4fjqph4i6d,46baab3c9864a05,1024,0/0
/spttest/ttnjkxp7b5pr,3679ff2ed9f26caf,1024,0/0
/spttest/caasncmg885p,167128a9cffa834d,1024,0/0
/spttest/uj6qwlmllmky,37c5a863c50a0292,1024,0/0
/spttest/xu98myid8izu,3dd0482c8b18672a,1024,0/0
/spttest/r31llljdj5yi,31792119d4258dea,1024,0/0
/spttest/11quf4ujiv6a,1ea4a2022ab9952,1024,0/0
/spttest/etcto6ayt6pk,1b0fea630533f138,1024,0/0
/spttest/iecvqmhaiznv,219b8dcfa53f930b,1024,0/0
/spttest/grduwe2iuc24,1e9d89e0a275128c,1024,0/0
/spttest/5ir81rxhf50k,a15b36d8de68c24,1024,0/0
/spttest/gd6a5oaw25lv,1de4f47c5cb2d0e3,1024,0/0
/spttest/5a1v4ln6h5pl,9a4a303a3930929,1024,0/0
/spttest/63ffkph03dt7,b2238b5cce7dcab,1024,0/0
/spttest/wrwkzp01yyv2,3bde1f540681d5fe,1024,0/0
/spttest/wgsitu337e8t,3b4dc67b6a3532dd,1024,0/0
/spttest/4fb75e9ezgpm,815563740fcf15a,1024,0/0
/spttest/i5loi1z9msgv,2129d33e5456de9f,1024,0/0
/spttest/mcvl0g8udytv,28d6c7bd79c1ef93,1024,0/0
/spttest/me1uhu3ffyab,28e6078994a3d653,1024,0/0
/spttest/ru0e18988e6g,32d767408c4785c8,1024,0/0
/spttest/1kbjcbjehd6l,2db900e396d06fd,1024,0/0
/spttest/syjruqkrb5jy,34e5f7f9eeeadbde,1024,0/0
/spttest/sskrgwgee9m2,349863d1684c362a,1024,0/0
/spttest/dbxue0puybvk,185a1419358cd2a0,1024,0/0
/spttest/oh9ieerk9p1s,2cb6fdb45cd72710,1024,0/0
/spttest/vphgfli2lkd6,39eb125a7498345a,1024,0/0
/spttest/cpvhz0sr9ysh,173b77db0844c361,1024,0/0
/spttest/mzkj0d6ycyl5,29fd8b74e7174419,1024,0/0
/spttest/r2yatr94oya2,3177f05aa16dfb8a,1024,0/0
/spttest/kvdmzbt5wrl6,261fdf8e7d0e7caa,1024,0/0
/spttest/amc4u86sa7y6,136648e8450cbabe,1024,0/0
/spttest/cv42do2ywynz,177f8171dce8e17f,1024,0/0
/spttest/9fcxkgnxy04u,1138089468d9b22e,1024,0/0
/spttest/v58sqykmw1kq,38e42980fb9e15fa,1024,0/0
/spttest/u2niya5hae0e,36eee4e105296a6e,1024,0/0
/spttest/3digi4ksr6sn,62a5d0986ba8727,1024,0/0
/spttest/lo8ml6vc6435,2796c127291d6231,1024,0/0
/spttest/mm1hh9aa2j4k,294dd031e2db4f54,1024,0/0
/spttest/3qdq1b4vc8gw,6d183fe216fb4e0,1024,0/0
/spttest/5nm04ymiwfvw,a54c39238cfa26c,1024,0/0
/spttest/smu0aokv555s,344dca3d9a62f860,1024,0/0
/spttest/cywe2192vdn3,17b0b17c6962eccf,1024,0/0
/spttest/3ir5xcwg28af,66e737f397c2677,1024,0/0
/spttest/1aba78avbhut,25994088f2f5625,1024,0/0
/spttest/85ff70z0l2mw,ee36cbbaf822c98,1024,0/0
/spttest/jnmwisq2b93,ff531cd4bf0f77,1024,0/0
/spttest/annnn4p9o19k,13776e757408c968,1024,0/0
/spttest/hln4b1tw899u,20268f07ccda64f2,1024,0/0
/spttest/rtkjcm17kncl,32d1af001d661e35,1024,0/0
/spttest/5h1zr64b5jp,4719a8698cbcd5,1024,0/0
/spttest/123wethxw0z,dc00027a64563,1024,0/0
/spttest/bw45bwg2m3e,9a784037b15c5a,1024,0/0
/spttest/8tmje4jsjt00,101dbc3dd234a190,1024,0/0
/spttest/xchkbe3957o9,3ce97a76bb31eb19,1024,0/0
/spttest/9xt4uqmat7jf,1227afc9213a4d6b,1024,0/0
/spttest/avosi38c06gm,13dfc159bcd27cb6,1024,0/0
/spttest/49yyb03qw7sc,7cff8d22107f56c,1024,0/0
/spttest/dy0qv8emtebv,1978e3d0a199fbcb,1024,0/0
/spttest/w6mbkw5b0npj,3ac9a51b83a19707,1024,0/0
/spttest/168wqswoc5j6,224c3be771c7f02,1024,0/0
/spttest/anrkoo2c73j9,1378d85811fd61a5,1024,0/0
/spttest/np0rqid96xc4,2b48232807f28b44,1024,0/0
/spttest/gnd1y47x055h,1e694a90db8e1715,1024,0/0
/spttest/cv1pa21sfhim,177ea7187d0ce66e,1024,0/0
/spttest/rvme4e28vka9,32ec54d5e45aa871,1024,0/0
/spttest/ou21adnrx18x,2d5d278f087b8b91,1024,0/0
/spttest/5y22nccma942,adc7478d49152a2,1024,0/0
/spttest/bxr29nioodsp,15ce2ae63a70abd9,1024,0/0
/spttest/kznrr81hmhi0,26577c84690e9718,1024,0/0
/spttest/jzec32kxbw4u,248077c0ae77e86e,1024,0/0
/spttest/l0dnwpl5fao9,2660d43830960cc9,1024,0/0
/spttest/3xwj2997jxca,73339e4bac86a8a,1024,0/0
/spttest/238518h8d23,1b2480d639151b,1024,0/0
/spttest/p8wm5w4r92ld,2e1e09c30c344061,1024,0/0
/spttest/x1jy4l7s2uqh,3c5b74cffbcd7019,1024,0/0
/spttest/q5hw4cz4s1zc,2fc55f424e60a908,1024,0/0
/spttest/zfozcofvgmv2,40ba59dff17d72be,1024,0/0
/spttest/qthdv61elci8,30fcee94cb75c490,1024,0/0
/spttest/wprzujo3hzqz,3bc27d17e951c23b,1024,0/0
/spttest/5wnc20qosncu,aca25d46c74a53e,1024,0/0
/spttest/5h578erk9psa,a00c3fa1886aaca,1024,0/0
/spttest/ic5f18oo53rz,217ee1dbb983da5f,1024,0/0
/spttest/2055y6h24bhh,3a917973bf31925,1024,0/0
/spttest/ef4ffciyxpp1,1a57094be9286a55,1024,0/0
/spttest/u8y4330xb0t,188e82cfb3fd20d,1024,0/0
/spttest/20gxdljmet1j,3ad56043acf1c87,1024,0/0
/spttest/7wxj82h1f6t1,e750e6369107535,1024,0/0
/spttest/fjmdithnkuyw,1c65154f573b84c8,1024,0/0
/spttest/a5ryx1nwuwsh,128f2e3dafd22d81,1024,0/0
/spttest/vhr2dohrcpfw,39869feca052aacc,1024,0/0
/spttest/ugrv6b7br7yq,37a64f4ecefdf812,1024,0/0
/spttest/v7jq1hz4o8c5,3902151f2aa08035,1024,0/0
/spttest/ss6pnb04uudw,349351fcca9ae954,1024,0/0
/spttest/1esg4lqco8w0,293ba87283ec700,1024,0/0
/spttest/s45xmdp224nv,335b4beb04711a1b,1024,0/0
/spttest/95dcd5mpmy66,10b649fa7b4fb77e,1024,0/0
/spttest/1zo5hrae07zz,3a2f429046f4e7f,1024,0/0
/spttest/q1rh1kak419t,2f94df3a79865b71,1024,0/0
/spttest/9hzcrpf8qmyx,115a1a329150eac9,1024,0/0
/spttest/lncllj6s4jkc,278b32d3eb8f200c,1024,0/0
/spttest/f5bvytm3tvsm,1bab72fd60509136,1024,0/0
/spttest/2fj3t5y7qhzv,470f61baf179c9b,1024,0/0
/spttest/3s8aiud0pvve,6e988dcb11b219a,1024,0/0
/spttest/39uehg47y0pf,5fab73fcbff6f13,1024,0/0
/spttest/ta0n2usz5pz7,357aefcf614665c3,1024,0/0
/spttest/xt24mop3gcbr,3dc0ba0e97d18967,1024,0/0
/spttest/kamvhgt9msg,1079f821f7028a0,1024,0/0
/spttest/knjs0amuxxlh,25ba2c9c2e11be55,1024,0/0
/spttest/erv92wgukgvk,1afc9609bf2d3070,1024,0/0
/spttest/n4lw6qygyhds,2a3efbeb2aed8480,1024,0/0
/spttest/6y9i52chzn4w,cb2c00ab55820e0,1024,0/0
/spttest/oachnpcs448f,2c5d241bd9518a6f,1024,0/0
/spttest/j3gzbd14ttyz,22e1c3e0b069f4fb,1024,0/0
/spttest/f2csxdt4nksq,1b84cfc9b301f10a,1024,0/0
/spttest/ts8sk5x32fyk,3667af709092144c,1024,0/0
/spttest/8wgob5jqfurv,1042966b57bfdf8b,1024,0/0
/spttest/8l2621wj42eh,fae789b6ad7e829,1024,0/0
/spttest/g3vxmo12ypu2,1d6c515942d69d4a,1024,0/0
/spttest/prgegrzet7m3,2f0efbff5568b5cb,1024,0/0
/spttest/ft0kixpdfiwm,1cdf1bbea657ce76,1024,0/0
/spttest/jv58qcp3b3nm,24493acec5620e42,1024,0/0
/spttest/e2n1ptjethzx,19b4e4c7f36c0a5d,1024,0/0
/spttest/m3eo3sqnhhwb,285bc61af84f13db,1024,0/0
/spttest/dz1alvuv1rhg,198613b899b72864,1024,0/0
/spttest/ttdpj2ajx1a9,367672c30842bfc1,1024,0/0
/spttest/pnm1b4fh7ihp,2edd0f6bf75aa65d,1024,0/0
/spttest/3htlzpwk4ex2,6625832939c8886,1024,0/0
/spttest/1r0oc036udoy,332919bb6f252d2,1024,0/0
/spttest/5y1ox7undv9w,adc51413bf23e94,1024,0/0
/spttest/sgwciv9xeoq0,3400b2cf411769a8,1024,0/0
/spttest/79wcblz7gwms,d49df683ff8ec34,1024,0/0
/spttest/eyl3hp6m9lra,1b53d8d00d9c5466,1024,0/0
/spttest/b762g20vnrh9,1474def2961789dd,1024,0/0
/spttest/l37zhpibt1fx,2685bf801ac7ef8d,1024,0/0
/spttest/zmuyrdtfya4e,41176f5d153bfabe,1024,0/0
/spttest/11o2lvs9yo7u,1e94a072d79781a,1024,0/0
/spttest/8rdsyaf97fin,10009af16696af4f,1024,0/0
/spttest/9hlhdeukjeo5,115518da317ebd05,1024,0/0
/spttest/agqpgt2ybexo,131d9b7285ae9a5c,1024,0/0
/spttest/bacdzhrmy3nc,149e1e89450b38f8,1024,0/0
/spttest/h6ekfj398xij,1f60a23cb59ce0ab,1024,0/0
/spttest/m4f76xowqjdd,2868f455ea3ff491,1024,0/0
/spttest/pk3ct4on0bx8,2eaf5a2976ee935c,1024,0/0
/spttest/ob14k7l99mct,2c6607b5ee0b666d,1024,0/0
/spttest/hf90n4j29dsd,1fd388eea21c1c0d,1024,0/0
/spttest/tdarhi2c6ok6,35a58e91d6f1f5d6,1024,0/0
/spttest/ivliz7m3de1s,227b7dbf1c32b360,1024,0/0
/spttest/sf1wxli9xgdv,33e8ba80b5649233,1024,0/0
/spttest/eflxq87wm57l,1a5d5a8427ce5fe1,1024,0/0
/spttest/djid42d081dk,18bc684d061c2cf8,1024,0/0
/spttest/ghctfdb0z9t,d6174128c42191,1024,0/0
/spttest/kt2ectcy1yih,2601d6dc975e46f9,1024,0/0
/spttest/2smz8trw27yh,51b3834b756d0c9,1024,0/0
/spttest/k1waauhg41kb,24a0ec512b0e34eb,1024,0/0
/spttest/wh1f0mefjnbo,3b50fc044e71c3d4,1024,0/0
/spttest/3fyc1h3wk71f,64a11fe1b24bca3,1024,0/0
/spttest/fxzputldodua,1d1fbf560fd34d12,1024,0/0
/spttest/sh4xv4b5qlnf,3403cc82991f211b,1024,0/0
/spttest/grpy9u5muqnt,1ea1e6f3be590c79,1024,0/0
/spttest/rj7f82qri4gd,324b0f0f40a0aa0d,1024,0/0
/spttest/ca06xmzy5w8i,166d554453c7a072,1024,0/0
/spttest/8489drq1b2bo,ed3d9fc0eef1984,1024,0/0
/spttest/jyaztkll2a9j,247245ecbc10c977,1024,0/0
/spttest/489a9l2uf121,7b9b8ad9d0b6919,1024,0/0
/spttest/rqmruvlfwlkh,32ab85cb7ac88831,1024,0/0
/spttest/ueitma9mybka,3789117cb491290a,1024,0/0
/spttest/jw548fif6q33,24562c862300b08f,1024,0/0
/spttest/192nttr5pelv,2497a6d9ca29733,1024,0/0
/spttest/xhhi070lnxmf,3d2a66d160aaaef7,1024,0/0
/spttest/7m7odyl5orik,de9d57ede1e9a4c,1024,0/0
/spttest/l9wo9ylqogeh,26dc977896f39709,1024,0/0
/spttest/amixm6ty9oyw,1368bcf39f4fbca8,1024,0/0
/spttest/12thtptls2kx,1f83c2bce4d9511,1024,0/0
/spttest/eql12kypycug,1aebe88cc421b688,1024,0/0
/spttest/s4mne9vkn2wu,336153f14cd8ee7e,1024,0/0
/spttest/jyvc8eu57dt9,24799d22fd517ead,1024,0/0
/spttest/vl7502b5a85a,39b3645033fb98be,1024,0/0
/spttest/wtxzhlze1d9w,3bf89b686751c374,1024,0/0
/spttest/t7f7qric33pi,35593a3708617986,1024,0/0
/spttest/3jl1drk0ay39,6793ae27ab18b15,1024,0/0
/spttest/3nr2xtqnorr5,6af5e1dd9dcd181,1024,0/0
/spttest/my6x54ypivof,29eba54e3a4471df,1024,0/0
/spttest/whv3i5b0nug9,3b5bb1861340d5e9,1024,0/0
/spttest/6oxu2sv229vq,c39a2f0c0d2fc86,1024,0/0
/spttest/vhs2bv5scoim,3986fc29c8cd871e,1024,0/0
/spttest/ole1x1b2uesg,2cec964827dc4460,1024,0/0
/spttest/pfu6i06ufs83,2e7815a21e3a72a3,1024,0/0
/spttest/tadmkxz85yf1,357f9f52143dc17d,1024,0/0
/spttest/4f62dosrmxlt,8137c23012afea1,1024,0/0
/spttest/57lc64g2kfhq,984b1f7abcdcd6e,1024,0/0
/spttest/1jd96rq97yjs,2cf317b5d8a2ba8,1024,0/0
/spttest/z9rfkhiu5y53,406d4cae0edcb217,1024,0/0
/spttest/pn7zuti7q2vk,2ed7fe89e0e4d010,1024,0/0
/spttest/qb76tow3ng2,155c32c2c836972,1024,0/0
/spttest/mwh9xzhpwou2,29d56751ebcf52ba,1024,0/0
/spttest/1eyv1cpejiv7,2960afe1428b843,1024,0/0
/spttest/tmu4bjl9pmzm,362171ceb53f4da2,1024,0/0
/spttest/j9cp7h81ajx1,232e2802ae131455,1024,0/0
/spttest/8gnpe11x1t6i,f754ba8f7653efa,1024,0/0
/spttest/bdcz28kvrma1,14c54c622d1af889,1024,0/0
/spttest/929ztu0y7amm,108e1cefdd84b38e,1024,0/0
/spttest/ddf54ius68sx,186d4f29824a6611,1024,0/0
/spttest/v6q07coe4ksz,38f75c2642b9f053,1024,0/0
/spttest/m78541delqfh,288d6030a3ddab0d,1024,0/0
/spttest/xyz8al8w9r8w,3e0d9de4c9bf0230,1024,0/0
/spttest/a24sa5v3kgi8,125fd8f9bdcb1f90,1024,0/0
/spttest/h9tex3woqwba,1f8cf5639c242e16,1024,0/0
/spttest/jquvchp2ztkd,241187c157f8d66d,1024,0/0
/spttest/rhjjfmxvkc52,323573c45dd83d76,1024,0/0
/spttest/gsmqfyjttlyq,1eadbb03a14e5d72,1024,0/0
/spttest/nj8xd1bnn9et,2afd24ff117c6265,1024,0/0
/spttest/etdshkoactvp,1b1043b803784c45,1024,0/0
/spttest/9ecrg209isrh,112afb9d3b012b1d,1024,0/0
/spttest/4owqqjirfc96,89203843af91eca,1024,0/0
/spttest/3ozjmsskveiq,6bf6926d8ff1f42,1024,0/0
/spttest/29jbm29cc2m2,4231a967bca883a,1024,0/0
/spttest/uqxvsszlnp7m,382a5fb013274062,1024,0/0
/spttest/ogdto8ue0z2x,2cab8ed86c863799,1024,0/0
/spttest/qj33wrl07952,3075e3508a824e06,1024,0/0
/spttest/236cusdrcqtn,3d07d72ae1ca1cb,1024,0/0
/spttest/sj0kq2buql47,341c33d5cd0d7767,1024,0/0
/spttest/dtqc7gg911so,19412d7d735a6858,1024,0/0
/spttest/nyzfq3eavkhy,2bc98c894ff66b86,1024,0/0
/spttest/lu92zsql4cqq,27e4dac979007682,1024,0/0
/spttest/bfzb5kzttl4e,14e75606aecc392e,1024,0/0
/spttest/lfcz7biszute,27236bae95d31ac2,1024,0/0
/spttest/wxssdljfqpmz,3c2ab058da1f2f4b,1024,0/0
/spttest/1bs757od5at8,26cabb58b0802fc,1024,0/0
/spttest/v7hs6zmigpvu,390161e87b28010a,1024,0/0
/spttest/a69m4rjrqryy,12958c10749ae71a,1024,0/0
/spttest/1qiyr0chauav,32c2db51375d8e7,1024,0/0
/spttest/4x93boz2je0d,8fe624943f2bbad,1024,0/0
/spttest/kaod258as27x,2512f7c245ae343d,1024,0/0
/spttest/ercbia97f0em,1af5c144f7efface,1024,0/0
/spttest/bevh9zci2kzt,14d8f7012e4b48c9,1024,0/0
/spttest/1oa7ifu3y6kc,30f0a5c6845e0bc,1024,0/0
/spttest/yov1a224faxs,3f5dd318e4705120,1024,0/0
/spttest/rx8u6s2tt67l,33016b6a9ada89b1,1024,0/0
/spttest/kr6hy2r3br6m,25e95708aa802d5e,1024,0/0
/spttest/1j6b31ts6qei,2ccafc54ac3cb2a,1024,0/0
/spttest/ehozxd8m2zv1,1a786fc65b38280d,1024,0/0
/spttest/ttufefsyr8vv,367c7b08d5d527bb,1024,0/0
/spttest/i37uojunfo8e,210adb6eadc6076e,1024,0/0
/spttest/xfswo6i2zsk5,3d1489fc4ebca555,1024,0/0
/spttest/np2e3jmf91js,2b48b8e6a0bfe718,1024,0/0
/spttest/6vwzsd6ut9vv,c944205308b5d4b,1024,0/0
/spttest/pt9jum2edjne,2f267dbf88439aba,1024,0/0
/spttest/bu7jwckn08xf,15a029000d8e3433,1024,0/0
/spttest/p5tk8qw5scyj,2df5f7f577fa759b,1024,0/0
/spttest/dqahbxj8or78,19147cf9ce1fa3b4,1024,0/0
/spttest/esvkbw94lzi3,1b09b028d204aefb,1024,0/0
/spttest/g8u7mk8tq6s,d304921b3421d4,1024,0/0
/spttest/1gbl7jzjhvyi,2a79fd2117b0b0a,1024,0/0
/spttest/wrlv54mwij3o,3bda41529d61e934,1024,0/0
/spttest/t0ajwukg9djw,34fc9eccbc5c6cdc,1024,0/0
/spttest/4z5yloygl3ih,9173b9424dd9d09,1024,0/0
/spttest/xkvci5d4duzn,3d565da0dd8e8623,1024,0/0
/spttest/g6vm28qjp56l,1d932b7084b4817d,1024,0/0
/spttest/va3zqtcrdy01,39235fe57ce3e861,1024,0/0
/spttest/5gc4usfm434h,9f64732122b9ad1,1024,0/0
/spttest/bgytmu25tcsp,14f426540a2cb309,1024,0/0
/spttest/i2576qte9wi6,20fce9282faa8ece,1024,0/0
/spttest/dhubxl1n2jbl,18a6bf2dba8f7951,1024,0/0
/spttest/o4byb1i2hhcp,2c0f02ea7fd90c19,1024,0/0
/spttest/jgocjl5xv21s,238d48bbfec02120,1024,0/0
/spttest/vt24856zl6pz,3a197e8938b94047,1024,0/0
/spttest/ic2ysa05wwg4,217dff6e30873144,1024,0/0
/spttest/cn1ze0480d37,1716d6fb1dd65a43,1024,0/0
/spttest/7bq0xijplggl,d61927ba6378b95,1024,0/0
/spttest/3ucnugjtlxwl,7051708189487e5,1024,0/0
/spttest/bhjtqxruxs5c,14fbba5a9374c6c0,1024,0/0
/spttest/8pohyqcgaj1s,fea7c49bf0e5ef0,1024,0/0
/spttest/ukk9wmyh8d6y,37d7872fa74fcdca,1024,0/0
/spttest/dpfg3a9swca0,19094a60d661c628,1024,0/0
/spttest/2a7o8zxhnmxf,42be3d985f8d8d3,1024,0/0
/spttest/q1c39m3bwb9h,2f8f525b873f7805,1024,0/0
/spttest/njuiiaerk48z,2b04eefc3b086583,1024,0/0
/spttest/tr1ix67tb2r,182724d5486ac53,1024,0/0
/spttest/t7f5oemz39xc,355934ea56275000,1024,0/0
/spttest/mjidbl2f5nnk,292cf0047177ce00,1024,0/0
/spttest/5uj91qhsxhox,aaeb2202e8537d1,1024,0/0
/spttest/eaxjl0wxucmn,1a20985c148a1c6f,1024,0/0
/spttest/6aujf60amnbg,b8298e62ebb898c,1024,0/0
/spttest/m4nsqqu30jvy,286c0e932b7e9fae,1024,0/0
/spttest/ib4m11at0mn2,21719a2ddfe5679e,1024,0/0
/spttest/dm1njmo9znqe,18dd5893fd048be6,1024,0/0
/spttest/g94oc8u6jj3u,1db06b1c9562657a,1024,0/0
/spttest/ipq26jr5i8a8,222f30f3b37a1b70,1024,0/0
/spttest/3e7ds583bvh6,6335b428a1dc71a,1024,0/0
/spttest/tjtmcg81ojvv,35fa4beaf1763bab,1024,0/0
/spttest/xgiittvtcq36,3d1dc80aa2d63812,1024,0/0
/spttest/3xlj35m8h1c5,72f41e829105105,1024,0/0
/spttest/kmvsorp48etz,25b185843d5b3517,1024,0/0
/spttest/vkkkcebicbk5,39ab3f35a33d0385,1024,0/0
/spttest/poo64pc5cmhz,2eead1c94f9061e7,1024,0/0
/spttest/n3dmhuta4qcv,2a2f02d988085c6f,1024,0/0
/spttest/h3lenm0v3upx,1f3c2239d6725d45,1024,0/0
/spttest/loblyvkgjuyt,2797d4aad7057385,1024,0/0
/spttest/hl3ddzc8mxez,201f6ef770ce7aab,1024,0/0
/spttest/9sr4ua4h6ky4,11e604bb9d75108c,1024,0/0
/spttest/8v3t191r6g8x,1030f47fa1a206c1,1024,0/0
/spttest/ihobvz82a0fa,21c6a710ecd372a6,1024,0/0
/spttest/vc8l9hw42nb,197156b5916ba67,1024,0/0
/spttest/3owzf2d2oa7n,6be7c8c6045bfb3,1024,0/0
/spttest/ic0puj15ixzk,217d2fc325faf590,1024,0/0
/spttest/fa7f32q0ev7w,1beac87c37031d8c,1024,0/0
/spttest/99jqdtjy216n,10ec8d2ee3e7107f,1024,0/0
/spttest/e3i18uli3f8a,19c012fcaf4e15da,1024,0/0
/spttest/j6la4riyd7jh,230a48dfd08e016d,1024,0/0
/spttest/3fsvrouscz82,6481a66c5cf5152,1024,0/0
/spttest/fjn8haccw0z1,1c6564bd74f6e8ed,1024,0/0
/spttest/ucxfjwbl5igh,37745c67fad6edb1,1024,0/0
/spttest/9lhkxidgpd7s,1187a58939a3d328,1024,0/0
/spttest/1rp8328ftdza,33b6d1fe3ff5b06,1024,0/0
/spttest/apvqzi67cqdm,1394547f5b342f8a,1024,0/0
/spttest/e49jtmphe1l1,19ca009845475485,1024,0/0
/spttest/crw7ij7qvflx,1755b3e77fb0e6c5,1024,0/0
/spttest/q7oy82euf3mu,2fe1e5bef3e2b626,1024,0/0
/spttest/f7djyc3x4fjf,1bc6076a667114ab,1024,0/0
/spttest/oyf52cae58st,2d95d71023a731cd,1024,0/0
/spttest/hkhfz4g4ymhq,20178580ed3b6a5e,1024,0/0
/spttest/tv0d3gob4o77,368b9c963ca55e83,1024,0/0
/spttest/h7uq673re1x8,1f73741d837ed83c,1024,0/0
/spttest/8bd5m9cbznyc,f308af7000d0f04,1024,0/0
/spttest/mrps8plt1f6i,299786ee4b02441a,1024,0/0
/spttest/62hx8ergrq1a,b16217f60c6f88e,1024,0/0
/spttest/6vdtc9urzc9e,c8d567b64afebd2,1024,0/0
/spttest/13klptxohyta,20204199051167e,1024,0/0
/spttest/o469m2nnkq1j,2c0cf5b76a3993d7,1024,0/0
/spttest/rrqq05z7eqz2,32b9efc5174fa30e,1024,0/0
/spttest/t04ytf9g6znb,34fa9ad53bdffdf7,1024,0/0
/spttest/my0deaa46ybs,29e9486eb200ff48,1024,0/0
/spttest/ktyklo0bhag6,260d72abc6f6fa26,1024,0/0
/spttest/1btylhh094x4,26d4e8368dcb528,1024,0/0
/spttest/7nj7g90y3weu,dfafbb751a8b8d6,1024,0/0
/spttest/ti3ffpyfgjq6,35e3db5bfb5f4ede,1024,0/0
/spttest/79ym9vjlatqk,d4ab1ad8e3d460c,1024,0/0
/spttest/3ryxc404xku0,6e627b67f7eabb8,1024,0/0
/spttest/3sv79cz9h8tw,6f1ccf55c7f5bf4,1024,0/0
/spttest/gf4xtpnazkyv,1dfe72fd2eb52ae7,1024,0/0
/spttest/kvdcour6cbsc,261fc526fafbb8ac,1024,0/0
/spttest/8glw18uily7u,f74a3f911e6ea7a,1024,0/0
/spttest/s6s7sxsox20u,337d50a8796fa07e,1024,0/0
/spttest/zrnf3cmbn9fp,4155a89b547f1285,1024,0/0
/spttest/qavfjyjohgay,300b3431061790ca,1024,0/0
/spttest/nrqhiyrfev9q,2b6b650c6f43f0ce,1024,0/0
/spttest/k0gtglnv0y1s,248e5a541a2d3760,1024,0/0
/spttest/pxrqh9z5832a,2f610269d9da2282,1024,0/0
/spttest/3ej14z5q3is7,6378f3cf7c73fd7,1024,0/0
/spttest/2lrlcfj7ojkk,4c1f595ffccfc14,1024,0/0
/spttest/pe2r99udxkjf,2e6133532c4f1b3b,1024,0/0
/spttest/2cx68bhyzkxp,44f11b479574abd,1024,0/0
/spttest/gub85ox7601i,1ec38e8fa25b90b6,1024,0/0
/spttest/x0c0adrkdnkp,3c4b9a277aabe899,1024,0/0
/spttest/761hb49uclgu,d17c503f09799ae,1024,0/0
/spttest/vuzjxxkpt4r4,3a328c44fe509650,1024,0/0
/spttest/kod386gospmu,25c4c0131ca928c6,1024,0/0
/spttest/fd2bnlm6w95s,1c0fe99d2841e460,1024,0/0
/spttest/nj3121n04v70,2afb04444500c2ec,1024,0/0
/spttest/v6gpm4zszoq1,38f401aa5eda2fe9,1024,0/0
/spttest/mun5m8qrrq4s,29bd8bea796f600c,1024,0/0
/spttest/f8tibmpy44y4,1bd8c6615562780c,1024,0/0
/spttest/bpyyn3avhy5j,15691a7c6f209e27,1024,0/0
/spttest/67bwe5k0mtva,b54e76a56a3e0b6,1024,0/0
/spttest/tp98lmkf86zw,3640e0d3885db46c,1024,0/0
/spttest/97ed49vcdybk,10d0a2cafa1ce700,1024,0/0
/spttest/phj1p9kwopdi,2e8e0bc8de035676,1024,0/0
/spttest/pm3o1rkjen1e,2ec97183b92f1f22,1024,0/0
/spttest/5ts6henbnelu,aa4ed9a4aca70b2,1024,0/0
/spttest/lgv67v0yg97s,2736f990f0cba4a8,1024,0/0
/spttest/385pu35954ok,5e4d1e9308533f4,1024,0/0
/spttest/53go1abyf94j,94f0d8b463429f3,1024,0/0
/spttest/vy50bm4o03hu,3a5b7be89a5dd9b2,1024,0/0
/spttest/scs3lmc3qlvc,33cb3569ebb92438,1024,0/0
/spttest/q6c5b509u4ip,2fd049e1a8192b61,1024,0/0
/spttest/p0kws5lm01ih,2db1e688a21da1a9,1024,0/0
/spttest/u3yu5wi0dbzi,36fff6f4023845ee,1024,0/0
/spttest/k9rchyvozdi4,25070e2b3ac4831c,1024,0/0
/spttest/p1v3synzc79d,2dc2917dac8c8ec1,1024,0/0
/spttest/e0mme1eh3s79,199ac2f0ee3fea85,1024,0/0
/spttest/z0ohqp9556ck,3ff755d6d09fa864,1024,0/0
/spttest/bs67nzmfdid7,1585b2bbb80a153b,1024,0/0
/spttest/lwvbr62doeow,2806dbe0f8e5f560,1024,0/0
/spttest/o4zaw8il0bgk,2c176faf83707704,1024,0/0
/spttest/36xv0h4wsai8,5d4fefe1305e430,1024,0/0
/spttest/vlys60sb9qbc,39bd5db189344878,1024,0/0
/spttest/tb5h9awkcb1r,3589abf90a99b6ef,1024,0/0
/spttest/hfmwmu3dwqy2,1fd88bcdc319c96a,1024,0/0
/spttest/8hzmmv7look,6e67bacbc89334,1024,0/0
/spttest/vqec049izcpb,39f6ef2395b6810f,1024,0/0
/spttest/a19ldq92dps2,125497da8d86a9c2,1024,0/0
/spttest/35gle2e7rme9,5c1c6c95186a921,1024,0/0
/spttest/8rkpl8fzv4pr,100318e492b3889f,1024,0/0
/spttest/w0ijeybg3l9f,3a7a583273244a63,1024,0/0
/spttest/ufgj6nj1mntf,37953b3c4586df13,1024,0/0
/spttest/ah0u07hsg24,8808f74b11ed4c,1024,0/0
/spttest/44g3sci0xnsr,788399b0b7e3ebb,1024,0/0
/spttest/33slaudhmw5t,5ac20764fe5b151,1024,0/0
/spttest/v206y1x0zzow,38ba16d891b25370,1024,0/0
/spttest/l9dybs87i1fi,26d5d643204ddebe,1024,0/0
/spttest/k5n781da8br,105d280f0c659a7,1024,0/0
/spttest/ze8jut0ari1a,40a76ef72e572e0e,1024,0/0
/spttest/v0iop8p52ong,38a6c88458a8d24c,1024,0/0
/spttest/akggvywnbilt,134ddec7c80409f1,1024,0/0
/spttest/pujmha3umill,2f371d6f397bb1a9,1024,0/0
/spttest/7w5529ow6j7a,e6acfbe42e536b6,1024,0/0
/spttest/ihwa9ghnzwcl,21c985d759072985,1024,0/0
/spttest/mgqnswjwvg2b,2908f615d6f4af13,1024,0/0
/spttest/83tgwy70ugc3,ece83c9d6cc4a33,1024,0/0
/spttest/ln50z7j5biqf,27887757e702b497,1024,0/0
/spttest/4rddhg9zds5n,8b1fe497b7ed6cb,1024,0/0
/spttest/ed6rqc95s83r,1a3de717a88e4107,1024,0/0
/spttest/rnpdjy96zfa4,32857e6dff02a21c,1024,0/0
/spttest/6vuv8zazwr57,c937da3953aec6b,1024,0/0
/spttest/u3p48lpcaws4,36fc751efb2ba474,1024,0/0
/spttest/v5ztflqcz9cn,38ede933e80c5e17,1024,0/0
/spttest/4l6liic3hclc,8619cc545258d00,1024,0/0
/spttest/ijvaaa8oq58y,21e3240b9a09f512,1024,0/0
/spttest/bb2vfj4syf4c,14a7acdf351b9d0c,1024,0/0
/spttest/vigmgufma0kp,398fd8abf1487369,1024,0/0
/spttest/fd5jyev6g0ab,1c111403f96d6773,1024,0/0
/spttest/6sml3dknmh5k,c6988dd9a6dd758,1024,0/0
/spttest/dko9k5amfkme,18cb86a66b8aa426,1024,0/0
/spttest/ma8gyb7r84ok,28b4765769fe70b4,1024,0/0
/spttest/urjjdxt51p1l,38322ff0af9f3e09,1024,0/0
/spttest/e68z341bdsxx,19e3c5e70d3862c5,1024,0/0
/spttest/5xzzhkzx6dwo,adbb3a0ad4538e8,1024,0/0
/spttest/o49r51zkpvqw,2c0e37cad8acbcf8,1024,0/0
/spttest/y25j5n5t4mm5,3e36dbbe91986c7d,1024,0/0
/spttest/m2xl8luxm7fp,28559c7d98b41825,1024,0/0
/spttest/l1ouony7mhie,2671dae9f99ba126,1024,0/0
/spttest/qhd8ashqf4jf,305f8fbf0eea42bb,1024,0/0
/spttest/114yzv492wcr,1e265c3c85af94b,1024,0/0
/spttest/hm6fq58bi9so,202d87539690dd18,1024,0/0
/spttest/p4qk1cnoix7l,2de7e51200684ca1,1024,0/0
/spttest/simzmkra8waq,34174ceafd77ab82,1024,0/0
/spttest/xtiv42t04cep,3dc6c3e619f5cbd1,1024,0/0
/spttest/8jc0nxswfwt6,f980bf0f3a233da,1024,0/0
/spttest/lyrd0h7zyodo,281f68260afd3eec,1024,0/0
/spttest/gu8tker9rns4,1ec2b06303768624,1024,0/0
/spttest/uypcm04siqj6,388f358f9f8f02d2,1024,0/0
/spttest/gsufrowyh0of,1eb082929ae93faf,1024,0/0
/spttest/sh0bccfwfmdc,3402214079899b00,1024,0/0
/spttest/wi6bm7vobdpz,3b5fbe640f3efe37,1024,0/0
/spttest/j8kasw8i9ogi,2323e8bd45745612,1024,0/0
/spttest/fffmijejzlo3,1c2eb0c703a5f373,1024,0/0
/spttest/w0pzpmxz02hg,3a7d0896baf6d394,1024,0/0
/spttest/3ho8anb92pto,6606736d79e943c,1024,0/0
/spttest/bgcn2cwv4bq8,14ec255f736a5360,1024,0/0
/spttest/7bymewbgtoaq,d64ac8c9f2bbc42,1024,0/0
/spttest/9pyjnw71a1f1,11c1b9926aa002ad,1024,0/0
/spttest/ex87cy8x4tf3,1b4234b18c686eef,1024,0/0
/spttest/dfbmvk016v6g,188605bf61478458,1024,0/0
/spttest/d5j7m3j1znj5,1806dcf72406dee1,1024,0/0
/spttest/cpmxsb6exknw,1738611d98ac3cdc,1024,0/0
/spttest/w0hxpk6nt0hr,3a7a20817d6876bf,1024,0/0
/spttest/pu1fuy0zos9e,2f308dd1cb114812,1024,0/0
/spttest/vz6agix4jqgz,3a68ef8a9b08d4c3,1024,0/0
/spttest/7j1nie18tbxf,dc0b1440c7aeda3,1024,0/0
/spttest/tz552bfpenlt,36c14ad8d9f5f401,1024,0/0
/spttest/q1g2uz8mystc,2f90c2c9969e6c60,1024,0/0
/spttest/flxay642jsqo,1c83014550e8ca40,1024,0/0
/spttest/szu8zsyydraz,34f6bce517b3757b,1024,0/0
/spttest/oo6ndy8fy5ca,2d10e23170463e8a,1024,0/0
/spttest/lgb368yc85f0,272fba639580216c,1024,0/0
/spttest/ib6menzuwogw,217253e31c2c7de0,1024,0/0
/spttest/rh7qy5wq1kw3,323132a10b95ca03,1024,0/0
/spttest/3vip24mr5p8g,714419c344be200,1024,0/0
/spttest/wu7ughpuz93w,3bfc2a2e7e420adc,1024,0/0
/spttest/5ilwuk4anj93,a13c8d946e85b37,1024,0/0
/spttest/i634jjnsj3i7,21301ea994bce07f,1024,0/0
/spttest/1e29vvu9z7fh,28a48f000dca15d,1024,0/0
/spttest/nzizq3kphgpr,2bd09ad959cca7df,1024,0/0
/spttest/xo1anntjqymu,3d7f7ade8e0ee8d6,1024,0/0
/spttest/6ptg8qw7r106,c450b3a19a8c4d6,1024,0/0
/spttest/40o1pkdk6e75,7572231e321f561,1024,0/0
/spttest/k1dhkd3nsxxq,249a23f59177cdce,1024,0/0
/spttest/1o9vaszpkocz,30eeb07052b1d53,1024,0/0
/spttest/exprtni2304v,1b488b75af5b9d6f,1024,0/0
/spttest/c3tnqidjad28,161d0a4254e547a0,1024,0/0
/spttest/n33juxdfnn33,2a2b6066cc47279f,1024,0/0
/spttest/4fouvycomphb,81a43e8abeed27f,1024,0/0
/spttest/ksolx2isus6h,25fcdd1c405c6e29,1024,0/0
/spttest/guip1lofw5v9,1ec64077316244b5,1024,0/0
/spttest/9xqd2okqc7bm,1226afc5f9a2da12,1024,0/0
/spttest/ohejiu1vzox,13e05bbecaf7f71,1024,0/0
/spttest/ox5mitjqsj05,2d856aeaafc82535,1024,0/0
/spttest/wwbs6n02v008,3c1790558f5143c8,1024,0/0
/spttest/es414555q513,1affc0ea17dd44f7,1024,0/0
/spttest/w4degw77l0tr,3aac72b13464da6f,1024,0/0
/spttest/eabvgihzjt2u,1a18c6b9e9b220f6,1024,0/0
/spttest/h8fmryspp5dl,1f7aff2303bf7079,1024,0/0
/spttest/4w4ykyhud3z4,8efe7634b3e3760,1024,0/0
/spttest/9h5jg4n1dsr0,114f58491dbf6fcc,1024,0/0
/spttest/hayjxqwk5xs8,1f9bcd5c8ae22e48,1024,0/0
/spttest/67wy2jufkyzp,b5c7f73fcab4525,1024,0/0
/spttest/3wgvv5n2a48q,720979810a341fa,1024,0/0
/spttest/4hltq09z7zgc,8332653f7e9f63c,1024,0/0
/spttest/dxax3vivf0lb,196f924055db67bf,1024,0/0
/spttest/2zlj35105x6i,5759f2d486beb3a,1024,0/0
/spttest/acsgpdnwa1e8,12ea48acffc81190,1024,0/0
/spttest/pey8brffznqt,2e6c8e893e4cddf5,1024,0/0
/spttest/6kfws9uwcmef,bff363b6f5ee467,1024,0/0
/spttest/358xrlxwut0r,5bf039858e7426b,1024,0/0
/spttest/geh9mqul8ul1,1df5e871ae4dd9d5,1024,0/0
/spttest/q597liaw5rn0,2fc23d63ffc8032c,1024,0/0
/spttest/37iblorwnmn4,5dc60ebf53bfe60,1024,0/0
/spttest/nwy90hwx9nim,2baf246f862a304e,1024,0/0
/spttest/x1r4q0j5v3mt,3c5e0c4fd6c2f525,1024,0/0
/spttest/8t29anwhinu1,10166af8d64f6a29,1024,0/0
/spttest/z5ro5uui4jd1,40396db3cd9ee505,1024,0/0
/spttest/ignjwidrqkmi,21b962015e6759ea,1024,0/0
/spttest/o1zuojm4xwag,2bf0aaaed266edb8,1024,0/0
/spttest/u37lt691rsqv,36f62393bd45cf47,1024,0/0
/spttest/6ward3bet8ua,c99398f8e6a1c02,1024,0/0
/spttest/b01gc4wxfwt1,141847f36e08d4d5,1024,0/0
/spttest/693cf8l2wk94,b6bcbbe96802488,1024,0/0
/spttest/3vlhfyflrv8x,715432c959887f1,1024,0/0
/spttest/51lkacotjpue,936d741386fe696,1024,0/0
/spttest/8qdn2toz4mjz,ff38e9d61affe2f,1024,0/0
/spttest/e1cdc43rhi7n,19a40d4943849d73,1024,0/0
/spttest/396yws12v1yw,5f242d1da5bc1b8,1024,0/0
/spttest/epzz7up03fz7,1ae4500f927317a3,1024,0/0
/spttest/atp6f4erkc4y,13c5ea8bec936d72,1024,0/0
/spttest/lmbltrb2tj7y,277dd9ca01c2448e,1024,0/0
/spttest/15koq3dcmgf6,21c065450658ca2,1024,0/0
/spttest/41la3r33sim,3487ff2d43921e,1024,0/0
/spttest/1ihsjgwcffof,2c3d75a66e2c91f,1024,0/0
/spttest/q4weki041gun,2fbd9e7dfa01af8f,1024,0/0
/spttest/hf1ct9k6jjkq,1fd0c53696014fda,1024,0/0
/spttest/mioz4glyjuuh,292254e8dc71f8e9,1024,0/0
/spttest/4kpqwgdx8cql,85b88555545077d,1024,0/0
/spttest/p4di8rj5ml3n,2de32fae11091553,1024,0/0
/spttest/ddm0djkud5sy,186fc98dc5be7ca2,1024,0/0
/spttest/59hhkouz9auu,99d48e006725a36,1024,0/0
/spttest/5r8e5h68idhv,a83cf66811f44d3,1024,0/0
/spttest/w76017qu5rxa,3ad0bed8a219529e,1024,0/0
/spttest/1cewlu3etja8,274dd23cc02e0e0,1024,0/0
/spttest/vafb99sx23pd,3927757c77080041,1024,0/0
/spttest/232pfx8a6jf6,3cf2c454dd1e1d2,1024,0/0
/spttest/xfg6b8is7w7h,3d0ff1ef092e02cd,1024,0/0
/spttest/7o7240jjv8p4,e0396da59ae5cc8,1024,0/0
/spttest/x4091lyqsv06,3c7b513aa48c3df6,1024,0/0
/spttest/b6c73rty8f0v,146a17da934a640f,1024,0/0
/spttest/fql85k45ncwd,1cbf97f6fb9bd60d,1024,0/0
/spttest/wlzqrdhr1nl0,3b9153b1bef49ca4,1024,0/0
/spttest/l1iddbebc0zk,266f8446ff3b6300,1024,0/0
/spttest/25xcf3rvkvud,3f434c9433b9935,1024,0/0
/spttest/u5xcmqcezvc2,3719681d1ac12762,1024,0/0
/spttest/xkxcq2scps8l,3d5716ee10707735,1024,0/0
/spttest/c65txad6k9xj,163b6911b9106947,1024,0/0
/spttest/rxnxrhjo14ro,3306de1cff6fe264,1024,0/0
/spttest/3t6otssn74o8,6f5f2158dcf7a68,1024,0/0
/spttest/2n88scoyuf,f4564c38c267,1024,0/0
/spttest/l06ll44fm0vi,265e47af099f2cee,1024,0/0
/spttest/czg40y4l33zd,17b7cf1d935b1be9,1024,0/0
/spttest/5eguejizen0a,9ddffb51fbea6fa,1024,0/0
/spttest/4pvi6zkl7kie,89e8e7c2e071896,1024,0/0
/spttest/44wrb5aqt71n,78e3bd9b89c9aeb,1024,0/0
/spttest/3vd14vkr8g1q,7123662d22fbe3e,1024,0/0
/spttest/xyy0pc78trik,3e0d2e0ce3edb48c,1024,0/0
/spttest/3kg0j2c94itn,684681cb466714b,1024,0/0
/spttest/a46soo36dosh,127a8d4266e6f0c1,1024,0/0
/spttest/dv4imb1mrzde,1953485af18395d2,1024,0/0
/spttest/ruaatcbcthuv,32dafaacd1a197a7,1024,0/0
/spttest/r3g0f6k7m9ku,317e5449288830fe,1024,0/0
/spttest/akbpoc25h6pg,134c277cb3316934,1024,0/0
/spttest/xwmkfl8f4jzb,3def11bd2476dd27,1024,0/0
/spttest/8dft06vdmxs5,f4b7a3882dabd85,1024,0/0
/spttest/rf6jejk81p08,3216c8637393bcd8,1024,0/0
/spttest/ktx18yz2fmiu,260ce4a5e569edc6,1024,0/0
/spttest/k026up40ova3,2489132a2afe545b,1024,0/0
/spttest/exjtqzyk6yt3,1b46663152da01b7,1024,0/0
/spttest/qkt8mgrj4p22,308c4e3d8d2016da,1024,0/0
/spttest/6ec51gwomk5l,bafea6686efe789,1024,0/0
/spttest/s4qehldbmaxz,3362ae8f5fe8afe7,1024,0/0
/spttest/ved1sebszoab,395a997b5e02edb3,1024,0/0
/spttest/ti2obupohf70,35e395ceb53e232c,1024,0/0
/spttest/7gu0t5vuu94t,da3f5edf1b0d3bd,1024,0/0
/spttest/6u1hm5fl9631,c7be6b88dda280d,1024,0/0
/spttest/o47h5e2iapaq,2c0d656c05615892,1024,0/0
/spttest/k7ptbaekwg6e,24ec860fa8e105e6,1024,0/0
/spttest/5bz8de5h7w4t,9bdaa679e5ea36d,1024,0/0
/spttest/9o0kqit7s3cb,11a87a8c4e219aeb,1024,0/0
/spttest/996zzyr854s,783895ce1f7efc,1024,0/0
/spttest/yf1llapjx0o3,3ede4cdb2fb358a3,1024,0/0
/spttest/13eto7oz64ij,1ffee4d26d92f5b,1024,0/0
/spttest/6ng6lgo22qvq,c26472cbe96d696,1024,0/0
/spttest/qrrplfl9ve7c,30e6add8866ea6a8,1024,0/0
/spttest/sryk38s0j1vd,349060c86316c039,1024,0/0
/spttest/6deqhm0v6gj9,ba3dce9862eb835,1024,0/0
/spttest/770p0doi4zy,5d7528486e95ce,1024,0/0
/spttest/8pssg9udvcxr,fec08ab4aba483f,1024,0/0
/spttest/697e3clp21al,b6d4180705b200d,1024,0/0
/spttest/qrptb5xi9akf,30e5fea3ff1c23bf,1024,0/0
/spttest/9b7e5o56i3x1,110213e84c669e55,1024,0/0
/spttest/9ls5st9g5tny,118b76c3dfc6c96e,1024,0/0
/spttest/bm285p98c8l9,153652fb77b5527d,1024,0/0
/spttest/8ut6ef40b0c9,102d1ebddb45d679,1024,0/0
/spttest/zm7cejtuvb9z,410ee9883a196cd7,1024,0/0
/spttest/pmob74rd8trn,2ed0e446607dc1b3,1024,0/0
/spttest/ur70tq8vs0dw,382dabe590c46ff4,1024,0/0
/spttest/7by7d1b02ayx,d6485ee0bae0009,1024,0/0
/spttest/1sa1p2najzn8,342f07749cea134,1024,0/0
/spttest/me96azbv3eo0,28e8ac6a7eb9a800,1024,0/0
/spttest/3msmrx5r5lx,2f31563526ce25,1024,0/0
/spttest/vn6cjysrfg30,39cd15d6659bca2c,1024,0/0
/spttest/63f2ekjxo8lz,b2216eae73bee97,1024,0/0
/spttest/6xqqgeoa0bnv,cabfa6140a8c50b,1024,0/0
/spttest/3tknmwciroh0,6fafc2e935336a4,1024,0/0
/spttest/6wia7b7au2bn,c9bf079f22b9d43,1024,0/0
/spttest/vr0eikqfhwhu,39fee5aff9cd95c2,1024,0/0
/spttest/5o0iz4eqw9jl,a5a010f6fd74a51,1024,0/0
/spttest/8fvs5xzd8ial,f6b387867d7f79d,1024,0/0
/spttest/ovxty2lrjpqb,2d759dc2f6651803,1024,0/0
/spttest/uv7a0jhjc5r5,3861b8805158af21,1024,0/0
/spttest/3cef6u0j6hwd,61beaefd3cbf31d,1024,0/0
/spttest/e8zj5a7ryuzl,1a075575f5942861,1024,0/0
/spttest/9hupwnxeqvyh,11586e109e3c8649,1024,0/0
/spttest/gnrg6uxfus1,d86701e2eda291,1024,0/0
/spttest/d6585yemz6s7,180ece7b65d53b17,1024,0/0
/spttest/fuzee96ky6r8,1cf8aa295eb1d2b4,1024,0/0
/spttest/wcwiswxdmtuy,3b1b42dccc4f91aa,1024,0/0
/spttest/lb4dw6rp5fsv,26ec5d08c3e3443f,1024,0/0
/spttest/3zn1q24tktel,749c89ae4de3edd,1024,0/0
/spttest/ao6nsgx3f8ie,137e49d60135dfd6,1024,0/0
/spttest/6ig26sfpldv9,be549950c1cce75,1024,0/0
/spttest/9f5tvhy7w424,11357886822edb8c,1024,0/0
/spttest/hd1ofjfbh8wn,1fb6e882cab5be57,1024,0/0
/spttest/8626dyoytklb,eeba29ae4d32f7f,1024,0/0
/spttest/3jizgox203o3,6787d39a84af893,1024,0/0
/spttest/udarn7pctf34,37792c381626b1a0,1024,0/0
/spttest/4q9qlwi32yvl,8a3b13ad0c9c811,1024,0/0
/spttest/q2dkbs3hc8ov,2f9cd7c15986d3ff,1024,0/0
/spttest/9jzyk4g476lg,11744c9e296d2124,1024,0/0
/spttest/b9r3std2rq31,149670ab58f422cd,1024,0/0
/spttest/gilxrmytodjc,1e2b8cdf17d37f88,1024,0/0
/spttest/l5dyq1mfkkea,26a1e2406f30bb42,1024,0/0
/spttest/vniybtig627s,39d1a21f7e0978b8,1024,0/0
/spttest/kvzak6jqbf0i,2627afc9fd5a06c2,1024,0/0
/spttest/pibgikf847kz,2e984c1ad1696363,1024,0/0
/spttest/qcnjekddyk2d,302255a342a3db15,1024,0/0
/spttest/yjbnykts8ab6,3f15e3a4c7dcd632,1024,0/0
/spttest/6x2xp7zes04b,ca3642179c5d99b,1024,0/0
/spttest/5nxpm12w77s,49953fe0f17288,1024,0/0
/spttest/j78t2skl82ba,2312c5f40a8402b6,1024,0/0
/spttest/1lbsr8su7kig,2e8a577cf917198,1024,0/0
/spttest/nojtqx3si0qr,2b42060e9726ec43,1024,0/0
/spttest/10p6ijrji9vt,1dcb32a425bf189,1024,0/0
/spttest/p3s67mhsb3jn,2ddb7d13817f86b3,1024,0/0
/spttest/s48x9otwnfhb,335c601e4744221f,1024,0/0
/spttest/vobp51nhdqdo,39dc013a29dd83cc,1024,0/0
/spttest/4wk9uhs8ltwz,8f56dd0949b12b3,1024,0/0
/spttest/if5ad8f1jcuj,21a5cda78026c4cb,1024,0/0
/spttest/z0mjfjeozmfw,3ff6a1704ad45c5c,1024,0/0
/spttest/7nxultc2hn2r,e004447f5d19113,1024,0/0
/spttest/cjzal4gj9cz7,16eee6d64e755cf3,1024,0/0
/spttest/f72y8l0dr55s,1bc234042b18cfe0,1024,0/0
/spttest/u5r22bfajjzy,371722ca9a2e01fe,1024,0/0
/spttest/7uila4waj48s,e55afa1508a263c,1024,0/0
/spttest/pu5v8ncnuptf,2f3226c183727533,1024,0/0
/spttest/72uuaxwk413n,cee6802955d8293,1024,0/0
/spttest/slg4wkt8vztd,343bcba6f4b1a311,1024,0/0
/spttest/uyoum1sfr70r,388f076153f44b4b,1024,0/0
/spttest/h4qkblzxe7ze,1f4afbdcfef15cea,1024,0/0
/spttest/mqhb08rjvy1g,29877a819d947d14,1024,0/0
/spttest/fw541ocyhltn,1d07b712cdf35abb,1024,0/0
/spttest/5vrdxvhzz6j8,abe9ee1d2f122d4,1024,0/0
/spttest/zpb065qhnj78,413733634745e9f4,1024,0/0
/spttest/vbtw9mol3gh2,3939b5ce277bab26,1024,0/0
/spttest/prwxax0jsqlb,2f14f238b51bf89f,1024,0/0
/spttest/415yynzw4m81,75d99c64570c581,1024,0/0
/spttest/d1zcnj490c3d,17d8bac2ebbf6639,1024,0/0
/spttest/3i0bcqeyrwys,664c37aab6dd9a4,1024,0/0
/spttest/36x5cp7vzio4,5d4bd27418ad444,1024,0/0
/spttest/66gjsano3fr9,b4997a70f06e685,1024,0/0
/spttest/2u5t4u82wjwq,52f00c7c56d6eca,1024,0/0
/spttest/ynzp0e53xii1,3f5284341911d2e9,1024,0/0
/spttest/k57214vd8ejs,24cbc6eb63b584a8,1024,0/0
/spttest/io4zjb1s9cpf,221a992c90965893,1024,0/0
/spttest/xj034n3rzti7,3d3e18e6c173d71f,1024,0/0
/spttest/yrwn5n5x3dos,3f855f5e4c5e0d0c,1024,0/0
/spttest/p1dnp2jllifl,2dbc45e69cd11191,1024,0/0
/spttest/vw60dddbu2tl,3a41dde37a9eb8c9,1024,0/0
/spttest/txhfknodvwg7,36abbfb7adedb307,1024,0/0
/spttest/ewk9yvg2s7b5,1b39928cbb320601,1024,0/0
/spttest/hdm41w5s9aso,1fbe47f4a9c5aee8,1024,0/0
/spttest/6s5qkiwxw16o,c6374a819132f00,1024,0/0
/spttest/8ff655rsguvd,f653a1349cd7849,1024,0/0
/spttest/hrfa81rsyhb6,2071aace417c8422,1024,0/0
/spttest/gcninqoitf53,1dde2f4d954f03e7,1024,0/0
/spttest/6ckj2jk0p3vy,b98f6d499f45fee,1024,0/0
/spttest/y3iyymui38ej,3e48b25760b8b74b,1024,0/0
/spttest/ygbq3fr7yqj7,3eeef159f38e1dd3,1024,0/0
/spttest/3vopc0cu0dds,7166c861d14d1c0,1024,0/0
/spttest/br0yi5rc91hp,1576d020b6f717cd,1024,0/0
/spttest/41f2sc6m72o5,760e2e69aca7745,1024,0/0
/spttest/h87bbrq22aq8,1f77fed01723fcd0,1024,0/0
/spttest/o546roe4gb3f,2c1932f051a7582b,1024,0/0
/spttest/9ija734574a0,11614af611d6b668,1024,0/0
/spttest/4qpo9ewv3ivo,8a9711997f0a154,1024,0/0
/spttest/hvu0v8gae0kh,20aaf159d2fec461,1024,0/0
/spttest/6de1gmgb2c7z,ba39cb2799e355f,1024,0/0
/spttest/o57hg34px8uz,2c1a6370e6c1241b,1024,0/0
/spttest/rfaxhkm6m5d,1643b7ffcf9aba1,1024,0/0
/spttest/xijw99zg0zjt,3d3841612072fff9,1024,0/0
/spttest/u64kb55z96xk,371c02644958d258,1024,0/0
/spttest/goow9rv6nlq,d8bcd30a6617fe,1024,0/0
/spttest/g8py7s8op9yb,1dab1aed8bedb6a3,1024,0/0
/spttest/qwptd2ug2vy4,3126f10f89e3b63c,1024,0/0
/spttest/zzj9jb6bjwlk,41bc12ee2f615ec8,1024,0/0
/spttest/1xb69zcoaw82,3844adf05fff9a2,1024,0/0
/spttest/jri55nsd2h2o,2419ed6554f78ff0,1024,0/0
/spttest/iiqa92n4lguy,21d458dc6e7ae89a,1024,0/0
/spttest/govjku3n8s3a,1e7cf3b041938336,1024,0/0
/spttest/96o11mbmm80i,10c7223d70735412,1024,0/0
/spttest/ilrxp58tn5eg,21fbe92875396818,1024,0/0
/spttest/5el71e6klie0,9df91993bdbdc58,1024,0/0
/spttest/ga8olbqcdnb3,1dbeda7d103adb3f,1024,0/0
/spttest/oh12lii7xaxt,2cb3f2365d0b04a1,1024,0/0
/spttest/mbpkbewb1lmk,28c79e7d4f372ebc,1024,0/0
/spttest/rdmlqsif8adh,320299c57ddb1d85,1024,0/0
/spttest/rektmt6sstnv,320ef288c30d492b,1024,0/0
/spttest/95xdlsrk620v,10bd848669f62fbf,1024,0/0
/spttest/tz98d8j980ah,36c2c4cbaf644879,1024,0/0
/spttest/aeqiqvuvlizl,13038fb10d987a61,1024,0/0
/spttest/3ykmn6nf3yp6,73bebeb92201d6a,1024,0/0
/spttest/i5tljb17cheh,212cae94cd445e19,1024,0/0
/spttest/u60n3hc51sp2,371a9811eec2ec86,1024,0/0
/spttest/kke3dwt12l4v,259127d311c64c7f,1024,0/0
/spttest/hxoif8fkelwc,20c2eeb2d85ad65c,1024,0/0
/spttest/h34u7h286gwf,1f3627de4168bb0f,1024,0/0
/spttest/agv86bcamf9m,131f3cec219f20ca,1024,0/0
/spttest/khd9a8y45nrv,2569e2d1d8c8539b,1024,0/0
/spttest/crkw5eajo1fs,17519eb1976c9848,1024,0/0
/spttest/sbyqetug7xgg,33c09ce53e9d3d20,1024,0/0
/spttest/lqlg3ari8qbp,27b55bc8a0183545,1024,0/0
/spttest/m9kba7tpxyqc,28abbef51db06b14,1024,0/0
/spttest/57xfkcey1aas,9890f18e9520464,1024,0/0
/spttest/c7qzzqoiy1o7,165009a0ec2a4ef7,1024,0/0
/spttest/3lqq11y2m18q,695427a5ebc09ca,1024,0/0
/spttest/14zcuy06fnsv,21454270f888c3f,1024,0/0
/spttest/nyvq3sdasqmz,2bc835b27d4593db,1024,0/0
/spttest/2bgufk3tfsnf,43c30486bc367cb,1024,0/0
/spttest/ij6j58lx903l,21da35925cae5dc1,1024,0/0
/spttest/as6n9djsebo6,13b23d8085c50a96,1024,0/0
/spttest/k3ailsn46pke,24b30c092a9b06ee,1024,0/0
/spttest/g4r2rddg4mnd,1d778dedaa2a3fa9,1024,0/0
/spttest/1o2poid0enkd,30c5608228ae2cd,1024,0/0
/spttest/9h6bvg31t01w,114fa13824cbf284,1024,0/0
/spttest/9f90sxqzpdu4,11369f6879abcd4c,1024,0/0
/spttest/yu6vj4m5a5ta,3fa30b0d356378ee,1024,0/0
/spttest/zxdyovzmdpem,41a02ebfeaa0f3de,1024,0/0
/spttest/mgw9fdi77gdj,290afb68d79acda7,1024,0/0
/spttest/6tivgy5irrva,c752f4646e16bd6,1024,0/0
/spttest/84se39ge4bn9,edb1d6df32471f5,1024,0/0
/spttest/2rte1ycvdar5,5108b27d47406b1,1024,0/0
/spttest/xopmwfbp4u39,3d88431f07fd2655,1024,0/0
/spttest/b6nsp78o8k1i,146e47502ba7ff76,1024,0/0
/spttest/2xi5bp6m9lb2,55a6c3f6f6cd21e,1024,0/0
/spttest/dlmxs6nmxu7n,18d8095270030933,1024,0/0
/spttest/fb469sy41e11,1bf69a06532d4945,1024,0/0
/spttest/cmanjov9n5u8,170cfaa781b84250,1024,0/0
/spttest/vzk9n6snb1yt,3a6dfa9b1eba65b5,1024,0/0
/spttest/3bpvedbvn75t,6130f52097e5f01,1024,0/0
/spttest/97a96sc7f6fh,10cf273c627a254d,1024,0/0
/spttest/mooofoncv38y,29702906b995aa32,1024,0/0
/spttest/n7pirnicupz0,2a6742bb0e0a22fc,1024,0/0
/spttest/w6hmihp1ffz2,3ac7f35198e9339e,1024,0/0
/spttest/gemuouko24i8,1df7ec51114d4b50,1024,0/0
/spttest/bqzsy57nag2p,157665810d3732e1,1024,0/0
/spttest/8nyaqptb4alf,fd40aece19e9da3,1024,0/0
/spttest/t1aeglkiuk04,35098e11c3ce32c4,1024,0/0
/spttest/d26ns5aqzvpw,17db5de448d79d54,1024,0/0
/spttest/vs9zowjtvztu,3a0f58973fd73022,1024,0/0
/spttest/gocv5s3rne8m,1e76366884e08ed6,1024,0/0
/spttest/er7azacgi8zb,1af3f212ff761df7,1024,0/0
/spttest/oy4zxsab33gj,2d922e3a1d458743,1024,0/0
/spttest/ip5hgsmhyi7o,2227c46f97f519b4,1024,0/0
/spttest/3aupr4xm5dpu,607d16b8e84ceb2,1024,0/0
/spttest/96gnnm6h9cfx,10c4794f1b74503d,1024,0/0
/spttest/acknph4d1v8r,12e777b27a04616b,1024,0/0
/spttest/8srq90puavn8,10129e6c2a18e0b4,1024,0/0
/spttest/2ouogh7o8gqi,4ea0a72558baaba,1024,0/0
/spttest/h5i77lbne45i,1f54f4884d9b9f86,1024,0/0
/spttest/mvdnk9hl6ga1,29c71b88849340e9,1024,0/0
/spttest/n5zkeelehtvf,2a50e81647cd537b,1024,0/0
/spttest/fydun9j1lxmc,1d24d8c828a4ba74,1024,0/0
/spttest/xojg5o2526tf,3d86079c2973bc03,1024,0/0
/spttest/2gapzcb46k9b,47aecf02ba8bc0f,1024,0/0
/spttest/paf5is2jf6qm,2e31b750bdee4ade,1024,0/0
/spttest/un071orlu9ib,37f740410afdcca3,1024,0/0
/spttest/xjrvgvsiktpg,3d481f8ef0e80564,1024,0/0
/spttest/39hshvzouqn9,5f62a6a1a569665,1024,0/0
/spttest/wwposlznqy7i,3c1c94cade1c62ae,1024,0/0
/spttest/83rnu6dfmx22,ecddcd097c3f3da,1024,0/0
/spttest/l94wasfwkjlt,26d291bee0669c41,1024,0/0
/spttest/h7rmatb2d1z9,1f7255139346e945,1024,0/0
/spttest/11ijq1mrz6zw,1e74bbbcc13b12c,1024,0/0
/spttest/noj45zb1427w,2b41c46b8728013c,1024,0/0
/spttest/w83cyu2dnh8f,3adcc82f0d738bff,1024,0/0
/spttest/ryr2d2vuzwy4,3314fc46ddc9ab8c,1024,0/0
/spttest/3yi9tje6zhfm,73b124808347102,1024,0/0
/spttest/93um2ohndhom,10a28aa2e47ff5c6,1024,0/0
/spttest/634lsc5cp4n1,b1e5099162363bd,1024,0/0
/spttest/503fwoax6so7,9235021b8897fa7,1024,0/0
/spttest/jjbodngih3x6,23afae156e8b701a,1024,0/0
/spttest/84qlay7v9bvf,eda773390a73f5b,1024,0/0
/spttest/irmwg06msp9p,224807a3d4341ced,1024,0/0
/spttest/hr0afzso1gdt,206c41d92af10131,1024,0/0
/spttest/7vp2c8aqaspe,e6502dd2ac5f1d2,1024,0/0
/spttest/1wwvcux37j2r,37f21b27baf4353,1024,0/0
/spttest/5cmahue6g3ge,9c5fc52b9e2537e,1024,0/0
/spttest/jycw5nugqhqw,2472f54280fdd458,1024,0/0
/spttest/6q7mmg1fddo7,c4a28c0dce11977,1024,0/0
/spttest/8i5y72f1c863,f88de241739d15b,1024,0/0
/spttest/vp7oukcuszqw,39e78c4395b1f1f8,1024,0/0
/spttest/br28arxhox15,157745a0aa49c239,1024,0/0
/spttest/3tl0w091i3g6,6fb1e2fb1e246f6,1024,0/0
/spttest/6n1ieejhs25i,c20fbeffc8236e6,1024,0/0
/spttest/n7qr434amylf,2a67b482e8e462a3,1024,0/0
/spttest/dzt8lr59vlvm,199028e417f04d82,1024,0/0
/spttest/a4f9k2jr76b3,127d9b7ef53362af,1024,0/0
/spttest/cewjsdjm6syr,16acf70ec5e8aa23,1024,0/0
/spttest/xyxfhys146g0,3e0cf7a4b5fbeaa0,1024,0/0
/spttest/ibz95fn33wuj,217ca88d9122980b,1024,0/0
/spttest/wxghyuadkvbk,3c264137f3efd090,1024,0/0
/spttest/3rn9rs9ww8rr,6e1f33355065867,1024,0/0
/spttest/l2htz18y6oig,267c4fc429841398,1024,0/0
/spttest/r289eltmrr00,316e8b2254e8fb70,1024,0/0
/spttest/41rr6tfj5n0n,76575ee348be2c7,1024,0/0
/spttest/93h4vdh0gw79,109dadb5c8c67b05,1024,0/0
/spttest/wlwdqmx44kja,3b901d2e8973c8f6,1024,0/0
/spttest/uyraq6vuafks,388fe976e2c5075c,1024,0/0
/spttest/r6jio97d79xi,31a68ffdd2786706,1024,0/0
/spttest/q6dljdfepeag,2fd0cfe39cc40e98,1024,0/0
/spttest/c9qlepp882x8,1669deb8f149dccc,1024,0/0
/spttest/mz3lrynwmu4k,29f7704b816afe04,1024,0/0
/spttest/mf0jjdyxjyrq,28f28c501a5b4fc6,1024,0/0
/spttest/qg6ltvejtbkf,30502ea0846dfacf,1024,0/0
/spttest/gea2tibpyw0k,1df350634da4fb94,1024,0/0
/spttest/4hq1avzyx5ff,834ab3fec6dd7bb,1024,0/0
/spttest/nh7avxb7fehx,2ae29472a5443a25,1024,0/0
/spttest/8uknwhj1mghh,102a0c555da2d9f5,1024,0/0
/spttest/rpatq4gbs7uc,329a38e9757c01b4,1024,0/0
/spttest/njmpig49yl9z,2b021e02d95c5937,1024,0/0
/spttest/fw6rsk6x5692,1d08505eeea087e6,1024,0/0
/spttest/vn2cebe7m1sv,39cba3f63a19419f,1024,0/0
/spttest/uiz6f09uhr5w,37c2ed3e109505c4,1024,0/0
/spttest/pa78tcp6237d,2e2edcd203bb46b9,1024,0/0
/spttest/7dr3hcxhaifm,d7befe91c8050d2,1024,0/0
/spttest/5jl4tcn0q3w2,a207e2d6b815232,1024,0/0
/spttest/ub79nqzcrbv6,375dee74773fccd2,1024,0/0
/spttest/j8dhzmbcrpw3,23217499f51f73d3,1024,0/0
/spttest/6rj13uyghgcz,c5b4339104be513,1024,0/0
/spttest/j76uw8u4gh05,231211e1b4f7f615,1024,0/0
/spttest/a63yb28qq25m,12938117d17ae76a,1024,0/0
/spttest/u2zpu91ab7gz,36f34af8994af893,1024,0/0
/spttest/4fn5e4jen8mh,819a62018864569,1024,0/0
/spttest/7hwi4zxkeeic,db1d8626e7428f4,1024,0/0
/spttest/gjzlsmfw2pbc,1e3d78907c7108a8,1024,0/0
/spttest/qrft2jrg12ea,30e26258187dce62,1024,0/0
/spttest/vrqgd94ahigy,3a084c0390a021c2,1024,0/0
/spttest/gcs4ddzf5f4y,1ddfd87c4559c6e2,1024,0/0
/spttest/u6ge612pcq3u,3720470d2e61a02a,1024,0/0
/spttest/znqekf1zlm5f,4122c755d11ffa63,1024,0/0
/spttest/9whzzrr3us9i,1216ae0208c28996,1024,0/0
/spttest/4txc3prb5isk,8d32c9edb307564,1024,0/0
/spttest/nubbek8iyhjq,2b8ce39629c6bf56,1024,0/0
/spttest/rgs4xuhlfg2q,322b90a2b5283822,1024,0/0
/spttest/zyhgypv6dq7q,41ae6ffeefde77f6,1024,0/0
/spttest/cvtmkous47e8,1788ba778ad05270,1024,0/0
/spttest/qvko2d7jhv1t,3118185ecff67671,1024,0/0
/spttest/ljw8k68jdl65,275e53b6b0951f6d,1024,0/0
/spttest/3zo7ea1tk7gf,74a3387464563bf,1024,0/0
/spttest/7f36lr5m8dq2,d8d4998ca42f17a,1024,0/0
/spttest/lzpxxj9zk7mm,282be25730289a9e,1024,0/0
/spttest/6qrv9i4vruae,c517649b3a34116,1024,0/0
/spttest/nmg9pym7lnym,2b26c30e09ca4b8e,1024,0/0
/spttest/f03xjnpof2oq,1b67a1cf9bc2075a,1024,0/0
/spttest/6hipqcvbipy3,bd9417839d95adb,1024,0/0
/spttest/lluq63ygr2bl,2777c2ac230bcc81,1024,0/0
/spttest/fcf10f017xor,1c0781d5892e374b,1024,0/0
/spttest/6mkbob919jdl,c1ac86c4c16df59,1024,0/0
/spttest/dhxh7ah2bojj,18a7e1cdd74fd6ff,1024,0/0
/spttest/qpu1rcsog5m1,30cd8b47c44b0869,1024,0/0
/spttest/k1fiqmcd04qr,249adfb51b48d503,1024,0/0
/spttest/7v38xdxk0hmy,e5d23aa486e214a,1024,0/0
/spttest/tdkwmwu3ojd5,35a9377775791309,1024,0/0
/spttest/owfizyqkdpv7,2d7c004d1b2fe033,1024,0/0
/spttest/lkkn49r9a6l1,276721e7a394c4d5,1024,0/0
/spttest/f3sl1ul6r7xi,1b977eba80d3bae6,1024,0/0
/spttest/dmzpn3hnq8f,b128119d3e318f,1024,0/0
/spttest/ncvqclnjln39,2aaa72ad64686725,1024,0/0
/spttest/pmzbocv51ge7,2ed4dd8da15cca3f,1024,0/0
/spttest/lpzlx3ucvgvh,27ad7aa2bf5d9b2d,1024,0/0
/spttest/5sa0vhv9gvsv,a916353bbae59ff,1024,0/0
/spttest/oidegsc9cqgc,2cc562572c7b29ec,1024,0/0
/spttest/2ae6yqck2voq,42e3e13cecc70ea,1024,0/0
/spttest/etow3e6x93ef,1b1445059fd1b277,1024,0/0
/spttest/10o2bx1bhw8x,1dc4c0fa2111c81,1024,0/0
/spttest/wm9th6sdu60s,3b94f6591d8a36fc,1024,0/0
/spttest/2bihzxsw5fyp,43cc91de22ec011,1024,0/0
/spttest/gasvmc41prmh,1dc623e2ca13c919,1024,0/0
/spttest/tx59dxugp3t6,36a75b6cd402778a,1024,0/0
/spttest/cnq8f7leonaq,171f96ff3386fdf2,1024,0/0
/spttest/339yjjtcf42e,5a56770f845d256,1024,0/0
/spttest/7uvty4vms0v3,e5a76a76fdb655f,1024,0/0
/spttest/qb0zbexgz5hi,300d34bd48b4da86,1024,0/0
/spttest/ubucxctqj5kw,3766434e7b3b9100,1024,0/0
/spttest/io3bq9v2h0ym,2219ffb93b7a4d1e,1024,0/0
/spttest/5h9ygij9mmtl,a027b4dc0fa1209,1024,0/0
/spttest/c8ip75hu426g,165a083e7678b608,1024,0/0
/spttest/t3s1msc28ive,3529e64c0b19438a,1024,0/0
/spttest/4ucodmnqibel,8d8b5a3e1e8c03d,1024,0/0
/spttest/tmseh83drfpi,3620d32239096146,1024,0/0
/spttest/rk3pw3utgk8n,3256b636c2dc6f77,1024,0/0
/spttest/10rvzdwlz9s0,1ddad3f06896140,1024,0/0
/spttest/vsqdvhe8ibz2,3a1542df615ddd1e,1024,0/0
/spttest/x7wed5i97aqa,3cade26f438df312,1024,0/0
/spttest/jcrsm331csfc,235a920af0b157e8,1024,0/0
/spttest/aoawu480be4,8aa9673dedb1ac,1024,0/0
/spttest/bn35oejes4h6,1543a63e2c1edfaa,1024,0/0
/spttest/2snsw488p6kq,51b84460c10558a,1024,0/0
/spttest/uwexpkdcbdkd,38717921db90796d,1024,0/0
/spttest/823tpso3ffxv,eb845cd815a4173,1024,0/0
/spttest/le9rrniv1htk,2715463e51d54778,1024,0/0
/spttest/abbticrsng6u,12d74a0371dbd9b6,1024,0/0
/spttest/ucb2aa9q8v7t,376c4a43b8838e09,1024,0/0
/spttest/q1ayo4y7b22p,2f8eea320cb14e41,1024,0/0
/spttest/5wfbuh9pec66,ac74258acdd421e,1024,0/0
/spttest/momzoaqdkhsi,296f8d2097580c12,1024,0/0
/spttest/ewu8fba35ctc,1b3d2a45b4568b20,1024,0/0
/spttest/dmxor8ut2rp2,18e8e7786ecdadb6,1024,0/0
/spttest/sr8r3sx056ch,34871135751e5361,1024,0/0
/spttest/u6xv8dlkeosl,37269518e7c34d05,1024,0/0
/spttest/qnrerwzkg3q6,30b29d0eaccd36de,1024,0/0
/spttest/m3zg7yrt7so5,2863459bf45bf5e5,1024,0/0
/spttest/86r946y27obn,ef4aecfe52ae0e3,1024,0/0
/spttest/neml7lh0ewfd,2ac120b0e21c8fa9,1024,0/0
/spttest/cfjceskb8hvj,16b5309945ea077f,1024,0/0
/spttest/eiityxw1e9vo,1a83338a2022da84,1024,0/0
/spttest/m2654srv0nz6,284bb5395f860462,1024,0/0
/spttest/ugfw9euy728d,37a1fdacff8ac10d,1024,0/0
/spttest/fj5uvb6wj1i5,1c5f1f8ef642f65d,1024,0/0
/spttest/tcm4ixm8d49j,359caad2257e06d7,1024,0/0
/spttest/juej06ee2z9s,243f973926c34510,1024,0/0
/spttest/o152dx2dxi3f,2be58f094aca9edb,1024,0/0
/spttest/7ae2uenv7qg6,d5045b7a95d1ca6,1024,0/0
/spttest/12gjd70ouq04,1f38f568472a724,1024,0/0
/spttest/crj1se0q23b8,1750f46cc3fab744,1024,0/0
/spttest/tp7f1a979fyr,36403899ba19c413,1024,0/0
/spttest/qeu00i5zy3h3,303ea4fa10a59d17,1024,0/0
/spttest/ckhubn46ijum,16f5981afc0abafe,1024,0/0
/spttest/xwir1rbcr4h9,3dedb13d9793d76d,1024,0/0
/spttest/79v58ow3pztz,d4970ded58064a7,1024,0/0
/spttest/z7usn1owuqaz,405488cf110430ab,1024,0/0
/spttest/xgz9sz107m9q,3d23d3260583407e,1024,0/0
/spttest/uqyo3w4pe3kp,382aa851e9721299,1024,0/0
/spttest/an2shkfuf6cr,136fe7287d1ec7eb,1024,0/0
/spttest/p3nlttdr0kpn,2dd9d74da961c7db,1024,0/0
/spttest/wmpf0q0q1ogr,3b9a97253cb62c1b,1024,0/0
/spttest/t6u8qyg4setd,3551a90fb7f79e01,1024,0/0
/spttest/fws75fxp5vdq,1d100b8240743b1e,1024,0/0
/spttest/2yczz2sktndu,5658def4f137fa2,1024,0/0
/spttest/olfjk6b4aclz,2ced1feae7294e57,1024,0/0
/spttest/pgl1iel92yks,2e81c6c68120988c,1024,0/0
/spttest/qfr42l9xajqq,304a978a686dd772,1024,0/0
/spttest/xw3uszm4pwz3,3de8515ae67b3f2f,1024,0/0
/spttest/ni360gcccfnu,2aee13b9b63f164a,1024,0/0
/spttest/71da73gad7tp,cdb14e74832e2dd,1024,0/0
/spttest/wz31p6kom9ns,3c3b613434976268,1024,0/0
/spttest/nmr358ws0ogm,2b2aaa3c062157d6,1024,0/0
/spttest/d8swgl5nwpm4,183153cd38ca44ac,1024,0/0
/spttest/u7q43hlnhoos,3730c626d5f0523c,1024,0/0
/spttest/rr4s4hlbt5qv,32b2051bb3233157,1024,0/0
/spttest/qoftvfk0v0nc,30bb6ca1eabf9508,1024,0/0
/spttest/aghxtzm2vyri,131a719952258bbe,1024,0/0
/spttest/j9r8w0sk6t2j,233367aa3fdb5cab,1024,0/0
/spttest/7496ry0cbpx9,d00926c67d6c3fd,1024,0/0
/spttest/3ks4p93ivpej,688c73c3513a05b,1024,0/0
/spttest/7pr36eof5v72,e17ce35f88b5c2e,1024,0/0
/spttest/7mj4w59y8b9,630dff40ba3b95,1024,0/0
/spttest/2ztq92ns05pe,57894819a5ed4e2,1024,0/0
/spttest/xyoqpfb30pk7,3e09d515a032a067,1024,0/0
/spttest/bu3rcdt5ebjz,159ecaa16a14baff,1024,0/0
/spttest/dkh2r6k5bre1,18c8ee9d00ee7469,1024,0/0
/spttest/wxeuwuk6tyk3,3c25a9b1fd95ca33,1024,0/0
/spttest/a4s1k73rvo9a,128237c40d21e38e,1024,0/0
/spttest/4my79gf9pc69,8788fc59ab88ee1,1024,0/0
/spttest/1xq2e68oczat,389aa6e2f6155b5,1024,0/0
/spttest/asgdx7bvkor7,13b5c1398e7af553,1024,0/0
/spttest/wb0pmziufo1b,3b02cb5c292d3d6f,1024,0/0
/spttest/cpitgjnztay8,1736e48a8201cbb0,1024,0/0
/spttest/hhoegwgw0zay,1ff3107257e312ba,1024,0/0
/spttest/5k3nmfv0kgjc,a272d102bd6dcb8,1024,0/0
/spttest/3esg3zrtqs40,63af4f813a389d0,1024,0/0
/spttest/n0b7c1nshm4x,2a072b7134fbf251,1024,0/0
/spttest/5uoc7wi47c9d,ab0881a92cd05d1,1024,0/0
/spttest/l1efusg5c96i,266e192e6a3b5e7a,1024,0/0
/spttest/vizozfpo3p8y,3996ba1ff5fc6e92,1024,0/0
/spttest/j7mag50gidb4,2317a34f581873e0,1024,0/0
/spttest/enx9twgvu2e0,1ac95bac06c66698,1024,0/0
/spttest/iuf37y865mbw,226c2dd9c425c64c,1024,0/0
/spttest/6mtxdvufzwbk,c1e3f70f67a6560,1024,0/0
/spttest/xwp9zdt79ckp,3df00c07da6232e9,1024,0/0
/spttest/o2ygo69v62gh,2bfd279fbdd6f4f1,1024,0/0
/spttest/cix8xladx9e1,16e12c99d68dd2c9,1024,0/0
/spttest/lomnliab866b,279bd0e591838443,1024,0/0
/spttest/sr5q3dtmjd1b,3485f9822812c2bf,1024,0/0
/spttest/3uz1cf3zh1ms,70d29c4a8c70184,1024,0/0
/spttest/vp08tpi9x0m8,39e4dc929b0b8260,1024,0/0
/spttest/972lh0hdcf18,10cc63cee5aa281c,1024,0/0
/spttest/4bdmor0dnwmb,7e241caa474e1e3,1024,0/0
/spttest/n2o0pnn11q3r,2a25c5c09c1e4767,1024,0/0
/spttest/72nfzv67gawq,cebbcb8d5cf8a3a,1024,0/0
/spttest/k6urfkc2pdpf,24e151d19eeb03a3,1024,0/0
/spttest/6kxy4qhplimz,c05b85083bb8e9b,1024,0/0
/spttest/kjmas1yb947j,2587207b708a408f,1024,0/0
/spttest/vmghmafoa093,39c3c141f7bef3c7,1024,0/0
/spttest/7rhmt0wfb044,e2e5f675b740454,1024,0/0
/spttest/r1v5iyl4p4ig,3169d064e8997b18,1024,0/0
/spttest/g10leippm7bz,1d47080cb1a62b9f,1024,0/0
/spttest/pbalh418mil6,2e3d0faa23e3339a,1024,0/0
/spttest/nmvbyf3ci28j,2b2c3250160dc3d3,1024,0/0
/spttest/rdejcz12vvim,31ffb0b583c9c74e,1024,0/0
/spttest/9tm5141k1l73,11f134a29fe3d98f,1024,0/0
/spttest/hrfgfmrx8tv0,2071babdaa30762c,1024,0/0
/spttest/6bifftzycr2y,b8b378575c6721a,1024,0/0
/spttest/48duynfb6coz,7bb5f40d6cefcc3,1024,0/0
/spttest/bw6zldekvits,15b9ef6a66f60d10,1024,0/0
/spttest/euc3aj1c34nq,1b1ca3f5e5801a56,1024,0/0
/spttest/ti3zbdizp9x1,35e40e5d84621975,1024,0/0
/spttest/yu1p28icn7oo,3fa12c9c9cb59aa8,1024,0/0
/spttest/46c4xmq5xspu,7a0c596a9727ca2,1024,0/0
/spttest/otkxpantwmkd,2d56fc193e0f133d,1024,0/0
/spttest/gbx4mao2smnr,1dd4a9b46daf23b7,1024,0/0
/spttest/h7z4chjxz40j,1f7509f5229bfc13,1024,0/0
/spttest/5vakbvnrifak,ab88d03cc0184ec,1024,0/0
/spttest/x9obaohk5uua,3cc4f220e8dca362,1024,0/0
/spttest/3qep4khj178q,6d1de070943f1ea,1024,0/0
/spttest/dol1agzgp56z,18fe515b3e64e28b,1024,0/0
/spttest/5h3sggdf47ib,a0041b1fe0ac203,1024,0/0
/spttest/4cfmr11kbgi,38718dd8c1ec02,1024,0/0
/spttest/mu23hg9v1hmc,29b5f2b5b5a99274,1024,0/0
/spttest/pqt9parjg8cc,2f06a34e66a9ad3c,1024,0/0
/spttest/n85mc4c8196r,2a6d11c756fedcc3,1024,0/0
/spttest/qo20fcy1xq11,30b6704ac4fdeb05,1024,0/0
/spttest/cq20xr8kpar9,173dd2b9899ca6b5,1024,0/0
/spttest/wafmlcec2q68,3afb2fd0002c7500,1024,0/0
/spttest/x1v0ovh6c6bf,3c5f7370bf8c44fb,1024,0/0
/spttest/zgctlth9uumo,40c2f3f824ee9390,1024,0/0
/spttest/t0fxzkrfr8is,34fe90c19ff01ee4,1024,0/0
/spttest/hgk075em7wn8,1fe47d19d78d7f04,1024,0/0
/spttest/qil49ui5pmu8,306f659e5a3e0ce0,1024,0/0
/spttest/pz8u20z99epe,2f742b1b48fc47b2,1024,0/0
/spttest/2dlj4qbz0fl1,457dba46c1dfde5,1024,0/0
/spttest/wpeturi8e6iu,3bbdbced53cdd886,1024,0/0
/spttest/p8xqg2pbyp2y,2e1e711e77acc27a,1024,0/0
/spttest/ptbij5vqavg6,2f27331a53c403b6,1024,0/0
/spttest/uz3u6kasjswk,38946fccd4c2dd14,1024,0/0
/spttest/s7akyqvdjejv,3383f10e3aecf96b,1024,0/0
/spttest/tldbt2zp4dpl,360e65804982a369,1024,0/0
/spttest/dzn5rpfg7a59,198df7688db92b1d,1024,0/0
/spttest/hoe857tpu3w,e59eb426df6dac,1024,0/0
/spttest/7jo6o3etrf61,dc8d2860e58ea89,1024,0/0
/spttest/qmqr47g9sk4m,30a5631905baade6,1024,0/0
/spttest/n1hk5n44nc7z,2a1673cea2ab619f,1024,0/0
/spttest/p8x0zwb70cfv,2e1e2fd2470171fb,1024,0/0
/spttest/on63y08cvuf0,2d03b30cd2aed7bc,1024,0/0
/spttest/vbkk7sqzzrwa,39365792379ca2fa,1024,0/0
/spttest/w5bkvn5zlnmi,3ab8c7a88999d1da,1024,0/0
/spttest/t4rmvxqhi6rs,3536bdb819e21bc8,1024,0/0
/spttest/frvfz88mqa2h,1cd044faa411eb79,1024,0/0
/spttest/1cfw8dxsfntb,275388cafa9b64f,1024,0/0
/spttest/p5268yah1j7c,2dec161c276f5078,1024,0/0
/spttest/4vh0xm5v1zza,8e744956f86bf66,1024,0/0
/spttest/yfbonvr4i7m6,3ee1f06b90f1770e,1024,0/0
/spttest/5uenrwgp9qcm,aad0a120373a6a6,1024,0/0
/spttest/vmjkku50ftkm,39c4ddf4cbb15776,1024,0/0
/spttest/7dipresfh737,d78e9c293cb3d23,1024,0/0
/spttest/ko428szdimo7,25c17e3d40e89c47,1024,0/0
/spttest/wauuql51j6ri,3b00ae3c6fe14dfe,1024,0/0
/spttest/snnjxd12x7y4,3458734934be9c7c,1024,0/0
/spttest/sagymi3g8jq9,33ad3615657ab1e1,1024,0/0
/spttest/gx4307tagvjb,1ee7f288cf2d51a7,1024,0/0
/spttest/7q9mfbanwcy5,e1e7e394de4588d,1024,0/0
/spttest/dfm3syww8bqj,1889ccdd3248ad6b,1024,0/0
/spttest/6scwc2a3wf0u,c660a06a3677f0e,1024,0/0
/spttest/txc6kog40y71,36a9dac926ddf11d,1024,0/0
/spttest/la8cc1ccivwd,26e0cd3f9eb6bdfd,1024,0/0
/spttest/p8ov57j4vhc0,2e1b3ddbfc86c980,1024,0/0
/spttest/xan4zcxucgrk,3cd182d0c37061e0,1024,0/0
/spttest/5nsk4p0e0c7f,a572113c93c9bcb,1024,0/0
/spttest/an1jw2i1hz6d,136f74bb3e331555,1024,0/0
/spttest/wkdokwc1dbf6,3b7c60be3acdcc12,1024,0/0
/spttest/do1ovnddy0ha,18f75683934fe7ee,1024,0/0
/spttest/zhvs6115ryfl,40d6c8880e6b4011,1024,0/0
/spttest/5yqfu7hue071,ae53f27806baa7d,1024,0/0
/spttest/8d0vnmytvu4n,f46177ff299cf47,1024,0/0
/spttest/bd9dgj2ksekh,14c3ffd99f7d44c1,1024,0/0
/spttest/99wbcc32zg3j,10f11760b0972a3f,1024,0/0
/spttest/rp2wsu9yu073,32975ddb6657627f,1024,0/0
/spttest/c6qkd20vfrpl,1642e444b0091909,1024,0/0
/spttest/rae5wdy1lzhx,31d89666cccbdff5,1024,0/0
/spttest/oo9qbdu744mu,2d11fecff1741f76,1024,0/0
/spttest/2a5d6rn8zlv5,42b0ebb0b484d71,1024,0/0
/spttest/d6jb6vxfmbd5,1813e366b0eee609,1024,0/0
/spttest/uzjhhhkjyon2,389a151d8a33c43e,1024,0/0
/spttest/ms8tiq3e0meq,299e6534f7fc4b72,1024,0/0
/spttest/xjozg9gg9svp,3d4714ac2c99da75,1024,0/0
/spttest/k7lkumx3jzsn,24eafee0053922f7,1024,0/0
/spttest/bi4hmnuhus5w,15032efe24edc314,1024,0/0
/spttest/k8sbdsnawtdo,24fa6a6acb6662bc,1024,0/0
/spttest/srr0tqpnew5b,348da8c72782f53f,1024,0/0
/spttest/6sv0fvkw0bo8,c6c9330730ddb18,1024,0/0
/spttest/saun518uf9yf,33b225c536a62e27,1024,0/0
/spttest/vy63qti8nm9j,3a5be10ed16fb077,1024,0/0
/spttest/ekt2kt8rxp5k,1aa0dfd20bf8e898,1024,0/0
/spttest/9bdml8mey3cf,110453c0b556eb6f,1024,0/0
/spttest/48xv7hi4qyyc,7c2973f73200f74,1024,0/0
/spttest/fxq0ks34ppzx,1d1c3f2964037fdd,1024,0/0
/spttest/vgpt36ub6jj9,39792e75a9f3eb65,1024,0/0
/spttest/s0w7v9p9e2fw,3330d2c1bdf300dc,1024,0/0
/spttest/k0gt1qjyk5dk,248e5944e5d2c638,1024,0/0
/spttest/rsgbw34gp72t,32c32d21e9a6c015,1024,0/0
/spttest/3rj6lqzwznna,6e079999bb6ce76,1024,0/0
/spttest/lf8of88hwose,2721de8c8e06567e,1024,0/0
/spttest/htg0nlvwcht6,208be92370eaf12a,1024,0/0
/spttest/4wt17306qos5,8f896ef2552b5f5,1024,0/0
/spttest/vem9bwgqdfwe,395dec258abdebbe,1024,0/0
/spttest/ia5e9gkflc7x,2164e55d65c7b01d,1024,0/0
/spttest/kyw6502lbm08,264d871c04d50128,1024,0/0
/spttest/h402kkpo1bjg,1f416cbe65ce4cac,1024,0/0
/spttest/kbrkbxwmr4b5,25211cc76f597491,1024,0/0
/spttest/674n9az884i,508209f4a09622,1024,0/0
/spttest/bxot7rulwnap,15cd5aefd3181af1,1024,0/0
/spttest/sv9nb1ai0gs4,34bb58db382edef4,1024,0/0
/spttest/i67bc03piavh,2131a18eea6fac8d,1024,0/0
/spttest/7s1edxg76zz1,e35812a997ef29d,1024,0/0
/spttest/ghvxyp59fqjm,1e222bcce4f12122,1024,0/0
/spttest/figckegp3sz3,1c55eb6408298e6f,1024,0/0
/spttest/a3caxzeub8s9,126f8cb11d2d4739,1024,0/0
/spttest/wrff8oz2s2k5,3bd7ee5095e229f5,1024,0/0
/spttest/yqcycocbwbba,3f714778bd371c46,1024,0/0
/spttest/mz2h2bvrlcd7,29f707d62fb838db,1024,0/0
/spttest/iidlk1aaoqrd,21cfc5142f015f79,1024,0/0
/spttest/hgd4rh8zz4mn,1fe2023c3aa7f52f,1024,0/0
/spttest/3gtsubnl8qma,6556c844a3659c2,1024,0/0
/spttest/2o6ukaplpdxh,4e17146958febc5,1024,0/0
/spttest/99tv3s4l9wcu,10f034fa9dcf510e,1024,0/0
/spttest/sdv0buer51m4,33d93f6191492a6c,1024,0/0
/spttest/i9cfkfru3qhw,215a7208b470c2e4,1024,0/0
/spttest/j0yitbm6ghl2,22c12065ca6c8b06,1024,0/0
/spttest/tkd1af5blsjs,36014d41a6a412c8,1024,0/0
/spttest/wnvvn7hbjbao,3ba9e9444948bef0,1024,0/0
/spttest/i5tufpme7ty2,212cc56ac7e6c95a,1024,0/0
/spttest/56facimmkii4,97585d34eaca8ac,1024,0/0
/spttest/wijo2pi111jw,3b648f248542f71c,1024,0/0
/spttest/hwpjm3yf4rsz,20b650ddaefb4cc3,1024,0/0
/spttest/rxbn3am1l123,33026e4ff0b7119b,1024,0/0
/spttest/anubfo96ufzi,1379d5b73301766e,1024,0/0
/spttest/1z2bp0vh0ws3,39b13f8b2a572f3,1024,0/0
/spttest/5eze66lj8rjr,9e4b10e48e68477,1024,0/0
/spttest/ajvwhn5qx4hg,134673142bcfd2f4,1024,0/0
/spttest/o6zm8rs1k27t,2c318750eb0c8939,1024,0/0
/spttest/dvqv2q2en5zj,195b586a8487b40f,1024,0/0
/spttest/admk6h7j9zvg,12f524a3988a1cdc,1024,0/0
/spttest/9d3aptab77a8,111a941ed18883a0,1024,0/0
/spttest/zp50j4gtucq7,41350a1a352618ef,1024,0/0
/spttest/keuubpmigvp0,2549434ba00ebe74,1024,0/0
/spttest/pd3gxb5jrbu1,2e5477ed07678ba9,1024,0/0
/spttest/ajlvm1w6j2xi,1342d52514576b96,1024,0/0
/spttest/tmaho21iizc1,361a5cb089229961,1024,0/0
/spttest/g5h1ka59kzmb,1d80ec6e7dc36e53,1024,0/0
/spttest/mq74uxvom1p9,2983cf0d1ffd361d,1024,0/0
/spttest/4l57uz4o3zwo,8611d5eafca3088,1024,0/0
/spttest/kee5i075oi85,25433db51d899345,1024,0/0
/spttest/8xxf40yy78fv,10559e560cf2507b,1024,0/0
/spttest/reszqkt3diwo,3211e524b3cdd7f8,1024,0/0
/spttest/ju4imy1tyjp,101aa8440309d25,1024,0/0
/spttest/407u9d91rnbb,751493023bb23c7,1024,0/0
/spttest/shdev1k29o7x,3406db11a869c4dd,1024,0/0
/spttest/t1ooeg1oph94,350eb4baa9f45f98,1024,0/0
/spttest/tr8vnoey7wzm,365aba2179b23cc2,1024,0/0
/spttest/ampoyfc034j2,136b2d4f337459ae,1024,0/0
/spttest/a1n6rq23k792,12597f850fbaecb6,1024,0/0
/spttest/roifq6hq3tz7,328ffaaf2885d883,1024,0/0
/spttest/9q5o0xd3hntd,11c44b577480d9d1,1024,0/0
/spttest/ttjknmfb7zk8,36789077a26256c8,1024,0/0
/spttest/7no51b61kcox,dfcc35c63b0e641,1024,0/0
/spttest/t8ud0jxqfll,17be14ad2b1fe79,1024,0/0
/spttest/ayeuq0nzbxnd,140323228d36be19,1024,0/0
/spttest/sbcx2y27gg5z,33b8bde860d204d7,1024,0/0
/spttest/ju6nqnljfrwi,243cc06d74ad9202,1024,0/0
/spttest/7elcw5zptsyf,d86db1af2ddacd7,1024,0/0
/spttest/w9d9rvctfdi6,3aed58ede3728f1e,1024,0/0
/spttest/917ky4oyf13t,108040c360d23559,1024,0/0
/spttest/up7peb01m7on,3813f06dbaeba167,1024,0/0
/spttest/pa0cj66hrts4,2e2c5fc7ba4c7884,1024,0/0
/spttest/1jp0uordrsdf,2d370836d994163,1024,0/0
/spttest/vdrwv8w5sad2,3952f91f79470876,1024,0/0
/spttest/71ituqez8uuf,cdd152de5246927,1024,0/0
/spttest/yr2zdlvxu7fn,3f7aabad9a6dae23,1024,0/0
/spttest/e1om6cix6n1c,19a87862dde24320,1024,0/0
/spttest/4yeqv4fjnt2t,90d69c82d9f81f5,1024,0/0
/spttest/qkab5dtn9yfm,308579b946d73192,1024,0/0
/spttest/worxjqlkagkp,3bb579ef514ada69,1024,0/0
/spttest/ik9fr8npn6vj,21e83f3cf5b2378f,1024,0/0
/spttest/fxzru50n31wg,1d1fc46b49ad7360,1024,0/0
/spttest/lfegzox9hiy0,2723f5b0d1668728,1024,0/0
/spttest/wmmlz7uv3o3g,3b9993e4dca583bc,1024,0/0
/spttest/u6mei2suesl2,3722721e9f99f636,1024,0/0
/spttest/wssbnf64nbqq,3be993252bbba732,1024,0/0
/spttest/a964ota3n0zs,12bb41f977ce7fc8,1024,0/0
/spttest/64miq6frtviq,b31c4a1c34fbbd2,1024,0/0
/spttest/p303duv48b20,2dd15b83230669f8,1024,0/0
/spttest/uaoynlqhu3y7,37575397b243d87f,1024,0/0
/spttest/hckbj6vl055u,1fb0a527e4684b22,1024,0/0
/spttest/8im0tqv8d7pz,f8eaac7e35d2c57,1024,0/0
/spttest/hpz3u2z25h3f,205ed744566433cb,1024,0/0
/spttest/23etisxesuir,3d38b2876f5bb83,1024,0/0
/spttest/61ew6j1kbdps,b080c6faeaf0230,1024,0/0
/spttest/cita9r4dxxwv,16dfbe8f8084d6ef,1024,0/0
/spttest/4lpwiytjhy4j,8689406016cee03,1024,0/0
/spttest/lpewbpppujgd,27a6019a01cdcafd,1024,0/0
/spttest/vsn0s72lpnu3,3a140c2daba631eb,1024,0/0
/spttest/164d7l5wmib4,2232026d1866a30,1024,0/0
/spttest/dk2c7sr7or55,18c39d5db2e1d269,1024,0/0
/spttest/25z4nmte7mvq,3f4d99ab113f196,1024,0/0
/spttest/w1yzwvbofozu,3a8d45acd9bd404a,1024,0/0
/spttest/cg2xtkn23yli,16bc4287bade4fe6,1024,0/0
/spttest/x802jdt9apwq,3caf358fefe76eaa,1024,0/0
/spttest/j5dojtzxsabj,22fa8daaa3a5e03f,1024,0/0
/spttest/rqf3w4wxt3y5,32a8c1ba60ba3a3d,1024,0/0
/spttest/e6jm17rcmoqq,19e79c767cccaec2,1024,0/0
/spttest/a9fdckmlvsxf,12be9782224c3133,1024,0/0
/spttest/wz9h44k7z3qr,3c3db2f71a1b74b3,1024,0/0
/spttest/jhjl14nk90ma,23988ded25973b62,1024,0/0
/spttest/ef63s3wl9krm,1a57a4272f0cb662,1024,0/0
/spttest/sdghinmrfjis,33d401f618351394,1024,0/0
/spttest/ycsf2kk3x8ud,3ec1024c97221e05,1024,0/0
/spttest/jkyx8ehb88cx,23c50e8727f28b51,1024,0/0
/spttest/7ctfwujl9hmo,d6fcb48a12a0280,1024,0/0
/spttest/1buklr5cx6dg,26d86facfee4e84,1024,0/0
/spttest/9tvg0k29zxdu,11f490222d9ec4c2,1024,0/0
/spttest/7wu00rdmxqrm,e73c8034844dfc2,1024,0/0
/spttest/8wz1igc2kh1b,104936ec5240053f,1024,0/0
/spttest/71tojge08pkd,ce0ff98e0e6eb6d,1024,0/0
/spttest/ktbijc0d0842,260520e74faed612,1024,0/0
/spttest/3wwkdzvk311,32d71cb92e0755,1024,0/0
/spttest/n1xxoa5x5gkb,2a1c5c61fd78781b,1024,0/0
/spttest/wsaqgc8yhd62,3be33a7fb8e39eea,1024,0/0
/spttest/t771bl0aekd7,355646cad930b89b,1024,0/0
/spttest/z4ubrbmhz41d,402d65b99ec03831,1024,0/0
/spttest/ok2hntvfn6o0,2cdb6d00aac05c80,1024,0/0
/spttest/u9ju5gkkftp6,37487cf038c2e81a,1024,0/0
/spttest/xsh7te1r26in,3db92e7fc41b4c7f,1024,0/0
/spttest/msprzrulzgmr,29a4838cf17b1bf3,1024,0/0
/spttest/jy3msdt7etf6,246f9de83a275772,1024,0/0
/spttest/8pa369ck8pyq,fe5492eb3ee8972,1024,0/0
/spttest/t5a3zzax6shv,353d68410899eec3,1024,0/0
/spttest/ah8zat64w39w,1324334e5d038494,1024,0/0
/spttest/o1fmtxz0pikd,2be95f2d32c6e63d,1024,0/0
/spttest/nei01y95cttf,2abf78ef265f6af3,1024,0/0
/spttest/m1rfvu9bm3n,11e666cb295d5a3,1024,0/0
/spttest/27pu3lvkvfl5,40b79b7e929e0a9,1024,0/0
/spttest/g6wqw6h1f16g,1d9394345f2598b8,1024,0/0
/spttest/nc1b9vi9aomg,2a9f78f2ef2ffc28,1024,0/0
/spttest/u753lhnztw61,37293122c6cd5719,1024,0/0
/spttest/jy2yocg4mv0o,246f600a5fb5ca88,1024,0/0
/spttest/tdsa6g98x3um,35abe0caca04ddbe,1024,0/0
/spttest/fevajxot23v0,1c275ab9020ded0c,1024,0/0
/spttest/2hen9idmu9uc,48954b1fbc21754,1024,0/0
/spttest/2ex1a31sicuu,468ff83eca60196,1024,0/0
/spttest/4wwze52scijm,8fa03c750519ce2,1024,0/0
/spttest/pwcdddm6hb18,2f4e7a00022a401c,1024,0/0
/spttest/dnzz4psbv84k,18f6b814e0baa5e4,1024,0/0
/spttest/tdf40s1aiwk,17d880176f70f34,1024,0/0
/spttest/b61gw2r6baeg,146638e9958b3b68,1024,0/0
/spttest/ix6me2xjehjv,2290177e5684075b,1024,0/0
/spttest/iop02d7utvsn,2221d1e5bb44f037,1024,0/0
/spttest/4dvvdumt33hk,802d13fa6eba968,1024,0/0
/spttest/rsyrpcau1gc,169297424b0acdc,1024,0/0
/spttest/pyeh7srrvcpb,2f69371d90bc190f,1024,0/0
/spttest/pm4ey0e1pmmo,2ec9b685e9e357d0,1024,0/0
/spttest/dtcdomm3hba5,193c241fcef1ae5d,1024,0/0
/spttest/tw5771bdxnyw,369a588b76980098,1024,0/0
/spttest/ckuaoug1m7ax,16fa1684960f8f79,1024,0/0
/spttest/g2cclmagieqh,1d5843239f343319,1024,0/0
/spttest/b6n0wwp7ab9f,146e00053fdac283,1024,0/0
/spttest/cczwbta0sbxk,169431d2de1c2368,1024,0/0
/spttest/heww270efqbi,1fcf28c22127f0fe,1024,0/0
/spttest/xnl9zt23cctl,3d79b346fe7f86e9,1024,0/0
/spttest/8mjiexdb73wv,fc1b7d4b75fde8f,1024,0/0
/spttest/ghct536o1q3a,1e1b446e25b99a56,1024,0/0
/spttest/8tkt8501xkpf,101d1cbc71dbd813,1024,0/0
/spttest/qzt4pqeakrp,15ea44ea82d8da5,1024,0/0
/spttest/3tv110pprga,31be0fd453603a,1024,0/0
/spttest/iwiygmu3mlnu,22878da08675922a,1024,0/0
/spttest/274xmgpq14o,1c8dc0306f2138,1024,0/0
/spttest/vl4oy6v2adx8,39b2826406ab62fc,1024,0/0
/spttest/kuph2iotyb4d,2617278d2f5fa9cd,1024,0/0
/spttest/9ncmx18w6aou,119fd74e52690b9e,1024,0/0
/spttest/wgiekrqmuy1v,3b4a1fe3f39835e3,1024,0/0
/spttest/awqy9s74pkc8,13ed86257d333338,1024,0/0
/spttest/5d0vz3j02b1t,9cb4096f80ac071,1024,0/0
/spttest/ephrytm86dw0,1addbed41193fbd0,1024,0/0
/spttest/vxxd5lr8914b,3a58b9e3b5e751eb,1024,0/0
/spttest/j6qnfmcb2ine,230c38d82b6b85ea,1024,0/0
/spttest/3301t8oqlb2p,5a1d4259b7fa551,1024,0/0
/spttest/d7nweidfus9d,1822888e3f134d91,1024,0/0
/spttest/p6yu5y6jz52d,2e04dc83e85d2f65,1024,0/0
/spttest/l3k3ocgztl9f,268a1ea7d20e13e3,1024,0/0
/spttest/naeqojoo2gap,2a8a56c14dde6701,1024,0/0
/spttest/lk8ipdxe61k0,2762c22976f44f60,1024,0/0
/spttest/2minuez4yp4k,4cbb9f11c6103b4,1024,0/0
/spttest/mw963eukh72q,29d27a7f6883aa12,1024,0/0
/spttest/362t3g6n304j,5c9caa846403263,1024,0/0
/spttest/71utf55wvt4w,ce1687cae760940,1024,0/0
/spttest/etaeu1yb6xcm,1b0f0b9522b93156,1024,0/0
/spttest/slogwq4w45if,343ecd65e79144e7,1024,0/0
/spttest/93sjmezzher2,10a1cb9bee7133ee,1024,0/0
/spttest/1h7a3ju0zbxi,2b30f1866d74f26,1024,0/0
/spttest/fisdai47cjwp,1c5a41ab826186c9,1024,0/0
/spttest/354mgahtwrfs,5bd751783d413e8,1024,0/0
/spttest/oaq21nklxb9i,2c620934b6196c46,1024,0/0
/spttest/hhyzivwigqj5,1ff6e226e7ec2c51,1024,0/0
/spttest/dfa3j0kky0ff,188577bc57075aab,1024,0/0
/spttest/caiyf4j4rpjf,16741a6af3c06a0b,1024,0/0
/spttest/cahxktr6yx1l,1673bbe3da68bdc9,1024,0/0
/spttest/t9tlxqwi58rd,3578664d716c6d99,1024,0/0
/spttest/r7hwfe0fm9yp,31b2f7cd00bceaf1,1024,0/0
/spttest/43euoe7bq34b,77ac89b5d75d94b,1024,0/0
/spttest/ajrmadunasfz,1344e76e3ee8ad7f,1024,0/0
/spttest/cf6o31eqfub4,16b09dc363546930,1024,0/0
/spttest/pz45ak0jgi1,15166f277708a49,1024,0/0
/spttest/podnp8ysufid,2ee706d17e84ce05,1024,0/0
/spttest/39nefa9pyh2s,5f83084739f67f4,1024,0/0
/spttest/66opmalwg09,50592793ab5609,1024,0/0
/spttest/ohv56aoko0ao,2cbecbdf56ee2b80,1024,0/0
/spttest/inqrmj73h3zn,221577b8ec4e3d73,1024,0/0
/spttest/v1r1khbthpxg,38b6c9bc4e82f684,1024,0/0
/spttest/1qxmnp4vhb60,33178349e4bb1c8,1024,0/0
/spttest/gawqojmjpsyo,1dc788aff70199e0,1024,0/0
/spttest/rocz0js6ifct,328e01f6b492043d,1024,0/0
/spttest/f4vwxh9298de,1ba5af91627be8a2,1024,0/0
/spttest/pwwpvhoekjtb,2f55d171faa79f4f,1024,0/0
/spttest/tntv097mklqd,362e572ae6d78d05,1024,0/0
/spttest/d0ar7f7hlixb,17c2dda325c6300f,1024,0/0
/spttest/z9e6kyxpboro,406884d5ce034f24,1024,0/0
/spttest/jz6mpjidueel,247db010e982c96d,1024,0/0
/spttest/tkhlknm2obyb,3602f2c64b4f1c83,1024,0/0
/spttest/wqhlhcmatkdl,3bcbb9ce656f6e69,1024,0/0
/spttest/iv78nhuhbznh,2276561928f7423d,1024,0/0
/spttest/6cigqg779ur1,b983819bb5066ed,1024,0/0
/spttest/wsbbb81kft7l,3be370040542b9a1,1024,0/0
/spttest/qr7vlsn0hcyt,30df85e6c81d17e5,1024,0/0
/spttest/5udwz1i7z2f1,aacc54d95e1b5fd,1024,0/0
/spttest/nop6g94gmfim,2b43f47e42fa280e,1024,0/0
/spttest/j0ssctqgwqek,22bf0eab9641d5ac,1024,0/0
/spttest/aue36jyigdtz,13cee771d2e17407,1024,0/0
/spttest/s0jesyz20nky,332c33c430414562,1024,0/0
/spttest/81bablgor0ad,eadf9bae083a235,1024,0/0
/spttest/86w8excik2kx,ef67ada3dcbdc11,1024,0/0
/spttest/crc1wf5g1ws4,174e6e226e3b9034,1024,0/0
/spttest/fr53lt127hmq,1cc6c3a8a09a4b02,1024,0/0
/spttest/60sy056gxede,b002102ec1eff02,1024,0/0
/spttest/hd02myrmlf07,1fb65439849e0137,1024,0/0
/spttest/99eno7q19748,10eab862a7834548,1024,0/0
/spttest/m927rzlcoyzr,28a5375523a3b727,1024,0/0
/spttest/gdlt7eb4pu31,1dea8ee1d0c5948d,1024,0/0
/spttest/j8q8bsm6oxjd,23260c9933581dc9,1024,0/0
/spttest/7s7oejf0j8fa,e37c513c306fd66,1024,0/0
/spttest/lbp5xcrb3bjj,26f3dc52fdbf942f,1024,0/0
/spttest/k2huws101mnf,24a8b4edd06b8ceb,1024,0/0
/spttest/m0qn635mdl5k,28392059f8b46658,1024,0/0
/spttest/am9kbk452qoy,13655b864a9ea8a2,1024,0/0
/spttest/cyf25fb1rv3c,17aa70ad9719b328,1024,0/0
/spttest/jh0hluuun65n,2391aa24d7f0b4eb,1024,0/0
/spttest/czxiq26dc1q5,17be1716216c38bd,1024,0/0
/spttest/ezuq8tc38kwx,1b644fc370ab7ee1,1024,0/0
/spttest/o9c8ldw1oemk,2c500f9841b6910c,1024,0/0
/spttest/ngo6e98gngqd,2adbadedc604f475,1024,0/0
/spttest/gsd5em4y1ms5,1eaa45b9013efb95,1024,0/0
/spttest/qx4kk7eatmq1,312c44000c54ca49,1024,0/0
/spttest/eebvn71vbs1y,1a4cbc3ab8b9b5c6,1024,0/0
/spttest/5y947vqsuod3,adeff144d76cad7,1024,0/0
/spttest/nqvfhg9gv1n2,2b603064c25e2e0e,1024,0/0
/spttest/cg6rynqnlae2,16bda4f8907336da,1024,0/0
/spttest/al09m53gqy3d,1355037bfa6afb19,1024,0/0
/spttest/zts3myyf6dir,4171539205cb60f3,1024,0/0
/spttest/3n0cenj467g,2f451fc118876c,1024,0/0
/spttest/hb1hj3kk6tfn,1f9cdc4a683b2e83,1024,0/0
/spttest/2at064qxaliy,433962afd6fb47a,1024,0/0
/spttest/m2jcvsecl14f,285079e535defcef,1024,0/0
/spttest/e5eh5hhmd6w8,19d8c4d71fa26e28,1024,0/0
/spttest/7i736mzk7u5x,db5aa10b86a7475,1024,0/0
/spttest/4rlvx5ndiruq,8b510895223d682,1024,0/0
/spttest/xuixkumzwch0,3dd3c77b8aac0224,1024,0/0
/spttest/42wrum14ly5x,77442b96c02a835,1024,0/0
/spttest/aygpvn76l9t4,1403cf71893096e8,1024,0/0
/spttest/cs96pho6qp38,175a629f1b1a7784,1024,0/0
/spttest/28wkd17ml6ax,41ae4911919b529,1024,0/0
/spttest/8ask9jd3keam,f291ccfd3d82c5e,1024,0/0
/spttest/5o18c6kk43qr,a5a4222bee9aff3,1024,0/0
/spttest/8fqw5vop5erj,f6974e3413622ff,1024,0/0
/spttest/nj2rird5in6l,2afaebccd441eedd,1024,0/0
/spttest/evbl95fcdq0l,1b2972ef57297cf5,1024,0/0
/spttest/jig00l375toz,23a440287c53c893,1024,0/0
/spttest/5nnjv6l7aszt,a55528ee38dac49,1024,0/0
/spttest/kt3oh1piy471,26024d307bd4efbd,1024,0/0
/spttest/xlkwdka151yw,3d5f95d2c3de2238,1024,0/0
/spttest/ftgpwpmab96a,1ce4ef7283ebf532,1024,0/0
/spttest/4o21t0ep1b52,886f080282cdfa6,1024,0/0
/spttest/gsow58ltinei,1eae82619c33b7fa,1024,0/0
/spttest/owu25w3a87mz,2d813ea0fec94eab,1024,0/0
/spttest/e4txjmn0d7o8,19d15b2af40d4418,1024,0/0
/spttest/vi3mrqfdecqg,398b28a91a2160f8,1024,0/0
/spttest/5d1ep4vytfzs,9cb70a12da8b438,1024,0/0
/spttest/xe0pykon6p3m,3cfd6132c7bc5b92,1024,0/0
/spttest/8reob74wnpk3,1000eb66fe35c123,1024,0/0
/spttest/797gz57vepd7,d40e62442d982eb,1024,0/0
/spttest/75ft2bl6lalk,d0ff31395d392e8,1024,0/0
/spttest/aof1d3p5h2vt,13814f9b8d89c1d9,1024,0/0
/spttest/li84njyyg88s,2748a398d1a6a7bc,1024,0/0
/spttest/kkm0nxj5tz7g,259403c98800787c,1024,0/0
/spttest/9kkzt4h7ku11,117be38ee663a005,1024,0/0
/spttest/mhkfevt6fw4a,2913b39b66a31a5a,1024,0/0
/spttest/1ckk79zrt1cb,276e785b39c630b,1024,0/0
/spttest/i6jw5tghvq3a,21362b6af91c96d6,1024,0/0
/spttest/s2eczvi1psbr,33445bcc8fb534a7,1024,0/0
/spttest/ddo14fco80uu,18708434cd086e56,1024,0/0
/spttest/pkv2gsf0eswx,2eb959ef7441e5e1,1024,0/0
/spttest/48lhtu3xlcr1,7be20803a8300cd,1024,0/0
/spttest/kw7x8s058ewb,262accef6abae26b,1024,0/0
/spttest/n83pw2m02669,2a6c62295b96c3c1,1024,0/0
/spttest/j6eak2t2kslt,2307c3635343c3d1,1024,0/0
/spttest/2h7l4c0ws3u6,486c89df696e26e,1024,0/0
/spttest/j55l0a78yukm,22f7a1a141aff346,1024,0/0
/spttest/vf528pttav4t,3964b4f4aff41d1d,1024,0/0
/spttest/len2nq5h0ejh,271a12f96df68e9d,1024,0/0
/spttest/2kkxnxnc8l7s,4b2915c5ba83568,1024,0/0
/spttest/jclosodgak31,23585e0a3840682d,1024,0/0
/spttest/ww6uxjjg7xz7,3c15c98ac46453c3,1024,0/0
/spttest/l0ujf0mtgbe5,2666eaf4988db2ad,1024,0/0
/spttest/4k9jxns95h0r,855b0911efc2e6b,1024,0/0
/spttest/n6z0533015z,12d44ed410324e7,1024,0/0
/spttest/afrxko5ntceu,13110f5c484b0f16,1024,0/0
/spttest/pwy0jgobb3r5,2f56492e0b18f2c1,1024,0/0
/spttest/ef82oj82uw3t,1a585a11aa349009,1024,0/0
/spttest/i7jx6avupfqv,21432b465e75f5f7,1024,0/0
/spttest/pps835lmsbaw,2ef945898c158238,1024,0/0
/spttest/icfpbcynwysv,218297eb7525372f,1024,0/0
/spttest/9ydhhsjlpnom,122f07953ed3a526,1024,0/0
/spttest/d4maf9l2szie,17fafc0619d6a8c6,1024,0/0
/spttest/ez3271wx64o4,1b5a541dd3176e24,1024,0/0
/spttest/cj3a5heq1s9m,16e359f04c3de75a,1024,0/0
/spttest/d4aavd5yy9gd,17f6a8c09a948a5d,1024,0/0
/spttest/jplkew1o2w6r,24012f21b4654b73,1024,0/0
/spttest/7ta32ibvka6x,e45a0b323b49b99,1024,0/0
/spttest/x88wccumtc66,3cb264fb1dc7b0de,1024,0/0
/spttest/21ojw5pi8z2o,3bd139efb340990,1024,0/0
/spttest/h7q2p737m441,1f71c66ae95ac151,1024,0/0
/spttest/89x3axrq7bll,f1dc1e0b5356c79,1024,0/0
/spttest/sqxkheoqtzpf,3483082ad3bc3403,1024,0/0
/spttest/o97yynx7wj9y,2c4e85690b96a496,1024,0/0
/spttest/a3uvjijkvp47,1276402ba54630e7,1024,0/0
/spttest/l69pp70u7o27,26ad56e20031038f,1024,0/0
/spttest/khedas341f16,256a497d2e20b25a,1024,0/0
/spttest/d5ia9qqrmh6h,18068769f7528379,1024,0/0
/spttest/cv327m9qfyyq,177f24a533729cc2,1024,0/0
/spttest/zyrmp33vldpg,41b21a62f02d13a4,1024,0/0
/spttest/ojco7d8n5zl0,2cd21c372be66a64,1024,0/0
/spttest/52exbett68jv,9416f5d5028e1cb,1024,0/0
/spttest/s9mfdrgv9wel,33a231a9dbb2bb4d,1024,0/0
/spttest/oso0lcdqs2aa,2d4b1b5cbdd8a892,1024,0/0
/spttest/nl7ljpe4ihij,2b16a4d3d370f52b,1024,0/0
/spttest/cdpnny4vhewe,169d7d2bbb1454ae,1024,0/0
/spttest/qsn26vxf28zq,30f1fd946cc79d06,1024,0/0
/spttest/df55z5cqup6e,1883b02d0636f4f6,1024,0/0
/spttest/qs66fouiffq0,30ebe635d184c758,1024,0/0
/spttest/niborgjtxa5f,2af126c7be5edaa3,1024,0/0
/spttest/oykgv1bar8cg,2d97c32c4c618900,1024,0/0
/spttest/tknzovri77sd,36054134ccb9b12d,1024,0/0
/spttest/dv05vdfz7l19,1951b62c5ba8953d,1024,0/0
/spttest/9k7a3pgram0q,1176f0d09eaf18fa,1024,0/0
/spttest/k7bi71hy2jo,1066d3b96478664,1024,0/0
/spttest/ycsgpj20miur,3ec106805167c0f3,1024,0/0
/spttest/1crwmq1br4ho,2798dfd7f34fe7c,1024,0/0
/spttest/gxmxy98d7xg0,1eeec08ff6ed0210,1024,0/0
/spttest/121negxq5hcr,1ee302b1a00e51b,1024,0/0
/spttest/5stabrk4zf0t,a98569345e5facd,1024,0/0
/spttest/c67xz5c7wyrs,163c2c3391e59f08,1024,0/0
/spttest/mr1kpcwodug8,298ecac0d2d67368,1024,0/0
/spttest/leqwbevuc3qx,271b742cceaaf7f9,1024,0/0
/spttest/s8mchbskcjfd,33952cf6a68f6159,1024,0/0
/spttest/ufzgqw9bbyai,379c0ffa3772b15a,1024,0/0
/spttest/20w9it65cjof,3b2deb376b73b9f,1024,0/0
/spttest/tmttk2ynu9tn,362156313dd8ec3b,1024,0/0
/spttest/8jb73sowjfya,f97c01910c4d782,1024,0/0
/spttest/upi33g1wuo9a,3817af420fcb5a4e,1024,0/0
/spttest/nfix7l0ziq4l,2acccb4363e767c5,1024,0/0
/spttest/lawz59arscog,26e9b09dc1246230,1024,0/0
/spttest/gpmm6mdqxfo2,1e86b850b86b5b92,1024,0/0
/spttest/f7l79k3r4oyt,1bc8c9ce622fbe65,1024,0/0
/spttest/19aih2xcnjcy,24c4fa3063dd1c2,1024,0/0
/spttest/mmyuhpibzqcv,2959d9bbf3c3b32f,1024,0/0
/spttest/1zm8ex3cnjbe,3a242eb346cc98a,1024,0/0
/spttest/6es2ykh7q5lo,bb5aaf43d4ea9dc,1024,0/0
/spttest/3bngtrl1iuyg,6123131cae67238,1024,0/0
/spttest/iy8bot57ss1j,229db20717d2e7f7,1024,0/0
/spttest/22nildgghkcc,3c9b12cd1ade13c,1024,0/0
/spttest/wrt4q0zryoe,1a9b0e6fb9e8b4e,1024,0/0
/spttest/ti6rlw1mgpco,35e50fb1710a9e58,1024,0/0
/spttest/ac2ff2yissc,863f377ab3bc3c,1024,0/0
/spttest/fnhvxl99c8ry,1c976bbb8724b46e,1024,0/0
/spttest/xizja0u9tnzg,3d3de5f820e87fac,1024,0/0
/spttest/tzeg2uy54ac6,36c4a66c6ba55a56,1024,0/0
/spttest/n76t0blpz5c5,2a60820281e3e2c5,1024,0/0
/spttest/7pdg0fcveepa,e12e1fbfdca60ee,1024,0/0
/spttest/lqv26p0rg12w,27b8d3c9845b7478,1024,0/0
/spttest/4hd9v7wvr2vo,830107016d27654,1024,0/0
/spttest/x4ughz2bzxcl,3c86376733123695,1024,0/0
/spttest/jcwlakcghder,235c4d1a34d6de23,1024,0/0
/spttest/mrzbxfk81d5r,299af8c1bfa200df,1024,0/0
/spttest/nt5epn5dey7z,2b7dc49b850db5bf,1024,0/0
/spttest/v4k0fdb9y30a,38db37ff7b2d88ba,1024,0/0
/spttest/5d44wprxqzb1,9cc6c9de2c4d23d,1024,0/0
/spttest/xn3yviipn625,3d73747cd4879f6d,1024,0/0
/spttest/ihn44loh9uis,21c636c9462f63c4,1024,0/0
/spttest/slqsu70ci5cw,343fa4be599967a0,1024,0/0
/spttest/ic8e3g592gzy,217ff48df7675f8e,1024,0/0
/spttest/s4cp8t1my5a,16d454003b74b5e,1024,0/0
/spttest/yw9oqn35fsm3,3fbe093ea8f43f9b,1024,0/0
/spttest/h6mexyzp2puc,1f63771a4df37454,1024,0/0
/spttest/y89w778ujdui,3e865e395794fada,1024,0/0
/spttest/if13ax351dim,21a44a0e4cf79bae,1024,0/0
/spttest/k7v9we5mlgrl,24ee7e7585983221,1024,0/0
/spttest/7moqnpwresn3,deffd9532cd537f,1024,0/0
/spttest/934pfobrlp72,109931af80b0b9ce,1024,0/0
/spttest/5ige60ms9ojc,a11cb1305821878,1024,0/0
/spttest/rhu25itbu3zd,32393f7a7f044ea9,1024,0/0
/spttest/5j69jjmq1x5z,a1b20c8a923c027,1024,0/0
/spttest/h5cgtr45omrm,1f52e2fe96a02e42,1024,0/0
/spttest/jo59eg3xkvxd,23ee4fba55820ba1,1024,0/0
/spttest/3p4lt8kf3p71,6c13c9558f2a14d,1024,0/0
/spttest/or6wfefqroor,2d37f128a1de4bbb,1024,0/0
/spttest/sj6xai5xiovd,341e7e4a72e6e369,1024,0/0
/spttest/m2npl39f6xzf,28520bf606a2948b,1024,0/0
/spttest/ywcroyitsjv3,3fbf25ed4c1c388f,1024,0/0
/spttest/enahc94eqkda,1ac1227888afd79e,1024,0/0
/spttest/4txpr5iquo3y,8d34fa56c88c78e,1024,0/0
/spttest/wm4yi1sijphl,3b933565aeb6d9c9,1024,0/0
/spttest/emitm8gbpxnm,1ab727a92dada1a2,1024,0/0
/spttest/cg1e6zbc250x,16bbb3cd45e0cdf1,1024,0/0
/spttest/hko5aisrwcp1,2019f0ab8af79345,1024,0/0
/spttest/1y9vb2lpmhz0,390cf9d1ece117c,1024,0/0
/spttest/iokgtpp545m6,22202f0eca52ee6e,1024,0/0
/spttest/740t2o2to5kp,cfd8c522430b739,1024,0/0
/spttest/ab94tzf494f3,12d651f610410e9f,1024,0/0
/spttest/a861137ek83v,12ae3b545be4200b,1024,0/0
/spttest/31j89a10px5r,58ec52af277f81f,1024,0/0
/spttest/8z5x45j77w0b,1065acbb61ac80cb,1024,0/0
/spttest/4maci5ntj6ya,86ff462150972f2,1024,0/0
/spttest/v803uuww53px,3907fe7618fea215,1024,0/0
/spttest/rr78gifdv83z,32b2e7c1103a23cf,1024,0/0
/spttest/ijdpd1d2yx4f,21dccc19970bc22f,1024,0/0
/spttest/rh6xs2gqkr4d,3230e7c97129804d,1024,0/0
/spttest/vb58s7t0w2lu,3930d0b69e4fd932,1024,0/0
/spttest/pa3bkhdc8d3p,2e2d72699d37e455,1024,0/0
/spttest/9euu3igui0tz,1131810bc3b7d2b7,1024,0/0
/spttest/sxczy44laqc9,34d688e8a6b028d9,1024,0/0
/spttest/4kayso2uz5j0,8563310ecd1acbc,1024,0/0
/spttest/quutfemqynzc,310ec48de86abfe8,1024,0/0
/spttest/vv8p18e9deg9,3a35d8a5d964eb69,1024,0/0
/spttest/a86xk9bnlfdp,12ae8ecd084f541d,1024,0/0
/spttest/vjkmtffyitpu,399e484c573994f2,1024,0/0
/spttest/r0zdb0xxbtu5,315e589238cb10cd,1024,0/0
/spttest/a5mycnx4vs1v,128d5ef2758bb7c3,1024,0/0
/spttest/jhg8lv38x6r,fd17cdd34f6903,1024,0/0
/spttest/nrz355xxoiwn,2b6e7f754b7feab7,1024,0/0
/spttest/jzyn1q4y2ce2,2487cb3ec7a87d3a,1024,0/0
/spttest/syx12ukezf3w,34eac06effba353c,1024,0/0
/spttest/av28dega54tz,13d79d99702a51b7,1024,0/0
/spttest/84zu7pxa9soz,eddcd609f7cb783,1024,0/0
/spttest/qbdt5gz18zcj,3011d5b54fedb1f3,1024,0/0
/spttest/a9y2xr9ymdkt,12c557ca8b0e043d,1024,0/0
/spttest/9cogp6b85kxo,111539f22b14ad3c,1024,0/0
/spttest/kmb5l495qg1c,25aa12e0e16b3cb0,1024,0/0
/spttest/fysqnhqr4jwg,1d2a380f027db0c0,1024,0/0
/spttest/q1m5j0lc8m9l,2f92f3d77854e2b9,1024,0/0
/spttest/1fx6wr796ky8,2a26df9786e8490,1024,0/0
/spttest/jhlkroez7l51,239945fd3f2da1c5,1024,0/0
/spttest/ggoljwxgjyfg,1e12881f73ad290c,1024,0/0
/spttest/xtzqbrhh5s6t,3dccd9e0b74622f5,1024,0/0
/spttest/fl5yiew2e37l,1c79236a740b29c1,1024,0/0
/spttest/hteln9y29da8,208b664281d00580,1024,0/0
/spttest/jj2tegn96jrc,23ac7ba7ff7d8e88,1024,0/0
/spttest/iubczswd8ii2,226ad5746de83caa,1024,0/0
/spttest/fzzekl9mdpg,cfd2949979cbe4,1024,0/0
/spttest/tgna6jeh6mo1,35d10aba33971141,1024,0/0
/spttest/5jgntxc1g4bu,a1ee12088ba1aea,1024,0/0
/spttest/quwo3q86nzju,310f6fa12c7a59ba,1024,0/0
/spttest/l75wu99ihiy1,26b8f4fce490a029,1024,0/0
/spttest/nr0jg57h8zp0,2b6208679fd6e3b4,1024,0/0
/spttest/frlndu3bwdlf,1cccbc4c56e903d3,1024,0/0
/spttest/yf50jep5qq5e,3edf885023c2cfe2,1024,0/0
/spttest/ugi7qjoei09f,37a2d3db6782afd3,1024,0/0
/spttest/jlfv09w2we3n,23cb2b13c6616163,1024,0/0
/spttest/xzarr48wcjni,3e11c7df4b322e7e,1024,0/0
/spttest/vji6egk5uu9u,399d65713ac169c2,1024,0/0
/spttest/dko3v2xczetg,18cb7808e046c5c4,1024,0/0
/spttest/aw6cojl896vb,13e61762e8eb3707,1024,0/0
/spttest/27qd0u9yzcxj,40baa4568393237,1024,0/0
/spttest/ucp8qcvdpf4l,377167f5cb6c61d5,1024,0/0
/spttest/aotlskuior3u,1386912e86a3693a,1024,0/0
/spttest/9jnx7s9cdx2q,116ff4c0f4b3b8b2,1024,0/0
/spttest/gn7i3duzxspw,1e6749c8ce04daa4,1024,0/0
/spttest/848o2uxd9uge,ed3ffb197dbb36e,1024,0/0
/spttest/t46no8mw45g6,352f2c00d47eac96,1024,0/0
/spttest/dztuo07vzq38,1990617fae6669d4,1024,0/0
/spttest/7xkiufjq4ev6,e7d59e2cf871a42,1024,0/0
/spttest/8ztm0p79xdtu,106e391999bb7942,1024,0/0
/spttest/3l6cs1wmqki4,68de91dce9d504c,1024,0/0
/spttest/2d34148w4gda,451364504a6ebde,1024,0/0
/spttest/sutbnnnmi3zu,34b575131706a6ba,1024,0/0
/spttest/259c3g0huhy5,3eb8b1e0975275d,1024,0/0
/spttest/hxda4hop0762,20bee15b22d74d4a,1024,0/0
/spttest/tdc9sumpspeg,35a619ee509b2098,1024,0/0
/spttest/q1hg370vna93,2f914118b30342a7,1024,0/0
/spttest/wbmv41itmzfr,3b0ac9817eb631e7,1024,0/0
/spttest/49qecmygpczo,7cce2acfad24604,1024,0/0
/spttest/2mb0qkgx0rnl,4c8f813aee44d01,1024,0/0
/spttest/nwt6n3mda5rm,2bad50820e2d70b2,1024,0/0
/spttest/qc6w29ub5nva,301c53db50e93b16,1024,0/0
/spttest/v98rib4xav15,39181b5930e13c99,1024,0/0
/spttest/25eecq73whwn,3ed5ec070c721a7,1024,0/0
/spttest/jr4kiqm5dcur,241507a8c9efdf53,1024,0/0
/spttest/y1nkiub1o0on,3e30609f5cb42677,1024,0/0
/spttest/8jlc0cmelszw,f9b685d16e52c0c,1024,0/0
/spttest/37urqb9mtdib,5e0deb908c3b3a3,1024,0/0
/spttest/mco1udeol5y,12255c6f6bcc326,1024,0/0
/spttest/ilmb0slwq8ni,21f9e1224f8f024e,1024,0/0
/spttest/kwz8hdi1qxml,2634a7b6d17665bd,1024,0/0
/spttest/fu8m62norhh2,1cef002988690536,1024,0/0
/spttest/vr0qzapwmdjt,39ff05ab2a417219,1024,0/0
/spttest/jm5wwtgpa4yk,23d491896a93009c,1024,0/0
/spttest/1wpi3kc70kzd,37c791a16d18139,1024,0/0
/spttest/xm2nfguh9wq9,3d65fd7ecf8fb6f1,1024,0/0
/spttest/2lp9t2e7s3a8,4c11f3ee284bea0,1024,0/0
/spttest/or2bswz361vf,2d364ac47b699dfb,1024,0/0
/spttest/p9xhxrj2um39,2e2b588b61552955,1024,0/0
/spttest/6aoztogp8hy9,b8098c6ceaac5e1,1024,0/0
/spttest/swu0gb1n6bcg,34cfaf35723e49f0,1024,0/0
/spttest/l8r2hns119wy,26cd94797eff2972,1024,0/0
/spttest/ujabi4htdc7l,37c6f2581db56011,1024,0/0
/spttest/7himy5oz0rr5,dacd7920e2ebf81,1024,0/0
/spttest/ocduhytzcyh,13c361bfec2c159,1024,0/0
/spttest/dysni99alny7,1982f580e8fe8a7f,1024,0/0
/spttest/qhi2q7btay5h,30614f4a90fa0465,1024,0/0
/spttest/4ix372k5hu78,84433f18fba8824,1024,0/0
/spttest/9e8t7ga0fk4w,11298ea8dab73bb0,1024,0/0
/spttest/u6bjdhnhb0lz,371e869227d894d7,1024,0/0
/spttest/795nca19rlk9,d403dbc665192e9,1024,0/0
/spttest/eb5r56ta7xy,b9e0688e6b6bb6,1024,0/0
/spttest/c1v1hyl1myl4,16038f6ceea8cd98,1024,0/0
/spttest/mcqof6w1zdl6,28d502a59707708a,1024,0/0
/spttest/29m42d6x3zf1,4241c54098cbf0d,1024,0/0
/spttest/j9xz5jp04jxh,2335d5438579b1e5,1024,0/0
/spttest/yj3a4alnk8pn,3f12dd2f23a0f41b,1024,0/0
/spttest/tckwmaqwr3l9,359c3a2a8a7c32ed,1024,0/0
/spttest/vxvjz7kj7l5k,3a5812a8649c59d8,1024,0/0
/spttest/js2m30d0q3t0,24215030a9e5a9c4,1024,0/0
/spttest/sj8u6j64zys,172a4dcc7116114,1024,0/0
/spttest/smv1m8oezuy2,344e29ff9a0eb56a,1024,0/0
/spttest/7kdjgl6yyw69,dd1f88cc9576161,1024,0/0
/spttest/lh3ok3h1ztoj,273a0b9176e63603,1024,0/0
/spttest/2dqga65c6oop,459a22c7e6e6279,1024,0/0
/spttest/1nt4f1gqnxuh,308e02945e27519,1024,0/0
/spttest/eqs3fbmsxzv9,1aee752acd3e57d5,1024,0/0
/spttest/itr08tkfzv7p,22637d60a56197c5,1024,0/0
/spttest/li869p4amivz,2748a7bdabf9b31f,1024,0/0
/spttest/hzw7d55sfksy,20dfafc90d997712,1024,0/0
/spttest/27t30662wvr6,40ca5ab972be2c2,1024,0/0
/spttest/2e1r24dg2lbi,45db5dfd98dfc6e,1024,0/0
/spttest/cxw24gi65up4,17a3959cd1f978a8,1024,0/0
/spttest/6r79g1d7f653,c570432beb097d7,1024,0/0
/spttest/n0tyn8ni01b7,2a0df025041854a3,1024,0/0
/spttest/dc5x9tbc3w82,185cfe7128656de2,1024,0/0
/spttest/wl3mykuqmyca,3b85be29308da95a,1024,0/0
/spttest/b9z4vbz00bi1,1499565c45841639,1024,0/0
/spttest/vq3vwakas0x6,39f32a21a412adaa,1024,0/0
/spttest/p7sfzyqwdupu,2e0f8b370d2484c2,1024,0/0
/spttest/flqxb68r9r8c,1c80b4112eb02d1c,1024,0/0
/spttest/s0x4k99505ha,333126a48fac94be,1024,0/0
/spttest/htrdt63x1uaw,209002f0d1ef9ca8,1024,0/0
/spttest/lxvypwwthnw8,2814140f262c9038,1024,0/0
/spttest/u3ssfn7uq5yz,36fdc84e753a2abb,1024,0/0
/spttest/sgetpjmu7l6u,33fa60468187cd06,1024,0/0
/spttest/sua4lo72vo5b,34ae87f9daf509ff,1024,0/0
/spttest/qu71dnvn6h78,3106301e591c9f94,1024,0/0
/spttest/ghfb4yhp1m7p,1e1c2b577196e3b5,1024,0/0
/spttest/wr35mneabw04,3bd3813b9322a8c4,1024,0/0
/spttest/ml012nhnuqkn,29404c79f4a02d07,1024,0/0
/spttest/y6ajt1hclzzs,3e6ca047b78f6978,1024,0/0
/spttest/g56o4t8e63z1,1d7d2e4a9a9e179d,1024,0/0
/spttest/llkz80owo2z8,27743e37d6f9a514,1024,0/0
/spttest/3mhvmnr299cc,69f0eca1330158c,1024,0/0
/spttest/in086lj63f7p,220be4432df031c5,1024,0/0
/spttest/6va342gf7qsd,c8bfe1501c2525d,1024,0/0
/spttest/oeumaoyk78qe,2c97a3aa69d583f6,1024,0/0
/spttest/wlnnmzxqw8sb,3b8cf744213c227b,1024,0/0
/spttest/fl8q7kpbpqjx,1c7a2338c81141ad,1024,0/0
/spttest/rqvw1xu4lpxd,32aecfe020f08281,1024,0/0
/spttest/jq3xcs1chefj,2407cef6f958534f,1024,0/0
/spttest/btbk031s35yo,15949d7b90d7b0f0,1024,0/0
/spttest/b96h7d0jupld,148eff54013d6011,1024,0/0
/spttest/gwrbh340uyum,1ee35779d1170bee,1024,0/0
/spttest/as5i40v0yp2r,13b1d3ec63d18f73,1024,0/0
/spttest/fj6g4touppt5,1c5f561e34885ce9,1024,0/0
/spttest/qgomly1mese0,3056af4197ea6138,1024,0/0
/spttest/ktd4rkzhl41n,2605b64e97ed24bb,1024,0/0
/spttest/a7djzmhxr3xi,12a3f54bca0b11a6,1024,0/0
/spttest/3j0we4j08tub,671f6b772b43513,1024,0/0
/spttest/l4t4aqpyt0vv,269a5cd299442fbb,1024,0/0
/spttest/pilxwlwtb9k1,2e9c1468016d1221,1024,0/0
/spttest/jmwq1dax5mqw,23de3dd7dc283b68,1024,0/0
/spttest/6aidpxxzdt1u,b7e35da82c44b52,1024,0/0
/spttest/69tbgoem13m0,b752adb08661688,1024,0/0
/spttest/8j19lc0nr1ff,f942acc042db6fb,1024,0/0
/spttest/ub8f4ggwuh5g,375e58d7c97d1254,1024,0/0
/spttest/4hd3e2h5xvxi,82fffd21d29c8e6,1024,0/0
/spttest/nq3bf0053pbp,2b560ba51a1f87f5,1024,0/0
/spttest/g7kbro8efjld,1d9c163c03ac3ef1,1024,0/0
/spttest/p7pxlxxizogd,2e0ea34b86472c8d,1024,0/0
/spttest/vsym8zsnjopy,3a183b4ec9349ae6,1024,0/0
/spttest/pqtcl509qdqu,2f06aab505f00116,1024,0/0
/spttest/fg75rb7saikg,1c38a01857b70480,1024,0/0
/spttest/awdshxbmjuq9,13e8c68b7eba5451,1024,0/0
/spttest/qlrx043rdto8,3098d14fef86fe78,1024,0/0
/spttest/bin8bvh57o5j,1509f220df9e2f07,1024,0/0
/spttest/z57fceprrq8b,40321fb6609a9c8b,1024,0/0
/spttest/la9jzqz6mb2x,26e13d446a8f7399,1024,0/0
/spttest/lats204utrkc,26e88951ad4d1ecc,1024,0/0
/spttest/yggwplx5qrri,3ef0d02adfc2e80e,1024,0/0
/spttest/9i63d0l8muxh,115c88a2ddd10215,1024,0/0
/spttest/xh0bn7jlmkn4,3d24343cd0f0a300,1024,0/0
/spttest/as5yhnhua32t,13b1fdf281cfa015,1024,0/0
/spttest/ri01dudwiy85,323b67b71aea11c5,1024,0/0
/spttest/pefky9jnm4k1,2e65d3eec9637391,1024,0/0
/spttest/sy9m4y8pvnbp,34e24da0873f80d5,1024,0/0
/spttest/6hirmpzega31,bd94657924be10d,1024,0/0
/spttest/l6jmokhflwfl,26b0ead2c17a2a71,1024,0/0
/spttest/oaviyea2vgyg,2c64026ee8d97198,1024,0/0
/spttest/uvkcuv4vgtrk,38667094c80b79b0,1024,0/0
/spttest/8jheic993ha1,f99fd4ded102739,1024,0/0
/spttest/vbi3wz8y4qdd,39357502d0e21081,1024,0/0
/spttest/wmzs0alqzdps,3b9e54270e419e30,1024,0/0
/spttest/3pcypm059r4i,6c440a04448b692,1024,0/0
/spttest/xxydzin1ki5g,3e0052dfd143d5e4,1024,0/0
/spttest/vybh0lfmbuls,3a5dd0f376b531b0,1024,0/0
/spttest/ke8pajjdczbu,25414648260646da,1024,0/0
/spttest/jpv5l469o2lp,2404a4c562c0242d,1024,0/0
/spttest/lyn9ul2x2g16,281dee8eec2196aa,1024,0/0
/spttest/somjx04ln5k5,346514261ea680e5,1024,0/0
/spttest/1vzglo90aqid,37313afc9c828b5,1024,0/0
/spttest/gidhfte7xdy8,1e288007ca2fb3e0,1024,0/0
/spttest/37c2blpuwu1n,5da1ee6c3cd521b,1024,0/0
/spttest/6odrjp2mr58i,c3265151552c142,1024,0/0
/spttest/41i2be70ces2,761f6cc425cf1d2,1024,0/0
/spttest/qitgpagmnf20,307268745fdda1f8,1024,0/0
/spttest/5v6aa4v1joei,ab701c27b1e3f4a,1024,0/0
/spttest/piuwjkxrijy8,2e9f5039e8d45480,1024,0/0
/spttest/g59nqb6mfnoq,1d7e425cd41203aa,1024,0/0
/spttest/v0o5n9u20h89,38a8c1d613672139,1024,0/0
/spttest/k4bs4919r7u7,24c07e1174ad3d6f,1024,0/0
/spttest/tp02pxcyqbg7,363d926c82611e77,1024,0/0
/spttest/y8zybxunyffm,3e8fc544834101a2,1024,0/0
/spttest/4fpk6nr8jpci,81a84d106124b12,1024,0/0
/spttest/6wspsibzj227,c9fb42807bac02f,1024,0/0
/spttest/8zlxtnw7wf9t,106b747125fbac51,1024,0/0
/spttest/v69ei9nkaqsh,38f15e969c370621,1024,0/0
/spttest/3g767lhl7l5r,64d42592f668fdf,1024,0/0
/spttest/it56h25667f6,225b9d420f6dc512,1024,0/0
/spttest/ny21a0zmvkkd,2bbd7f517a863bdd,1024,0/0
/spttest/liq7b2mpat5t,274f290877ac6321,1024,0/0
/spttest/huizb69tyowx,2099f80c4601d3a1,1024,0/0
/spttest/qa7y95hqs0d3,3002bb55563cbed7,1024,0/0
/spttest/8nny7h3afww1,fd04f1500ed5a41,1024,0/0
/spttest/w051gruc5fg6,3a75795b03565176,1024,0/0
/spttest/58x8mdtgls4,442a83d4fbc344,1024,0/0
/spttest/9wa0yevdw4zv,1213cd87f0bd4a4b,1024,0/0
/spttest/regkuejz3lea,320d6a82a9701e12,1024,0/0
/spttest/3c8xk942wgpu,619efde2fca7ea2,1024,0/0
/spttest/hky0b1rmwpkg,201d7f8fa72e3b70,1024,0/0
/spttest/ql2srgxxds2f,308fc13a1ddc7457,1024,0/0
/spttest/mlq3vxlvesk1,2949b544e89a4b11,1024,0/0
/spttest/iemqnlj2llbk,219f1c72ec72dd30,1024,0/0
/spttest/9xydkuxaihph,12299403c6227825,1024,0/0
/spttest/3tgp7vvzxpn8,6f98ec542b28f14,1024,0/0
/spttest/wgohlt2qr1wm,3b4c51df0473f466,1024,0/0
/spttest/5okbopn037w2,a6125b902c096b2,1024,0/0
/spttest/lo2hosk4qt13,27948a5f10a32977,1024,0/0
/spttest/agswaaidgn68,131e65ae0fedae50,1024,0/0
/spttest/sxmbosu8oja5,34d9e6593dac779d,1024,0/0
/spttest/2411m37enx3,1b6eaacec86397,1024,0/0
/spttest/xau9owzcgcrx,3cd4157a507c9cad,1024,0/0
/spttest/at3qu0dy318w,13be2ed271a55f10,1024,0/0
/spttest/bljo7ddh71rj,152fa128422e99af,1024,0/0
/spttest/rkbwylv8by9c,3259ab4c6d6c3630,1024,0/0
/spttest/dwzvbn2zdl6v,196b959f5e822787,1024,0/0
/spttest/1dl4b7n3nyf0,28418600810dcfc,1024,0/0
/spttest/ds1l94nfjekd,192b423d0db87b7d,1024,0/0
/spttest/4fj8pzygczo5,8183d3229a48795,1024,0/0
/spttest/5d1h46ah9l81,9cb76d5413d4cb1,1024,0/0
/spttest/elhljgove54y,1aa9b94fe59cb082,1024,0/0
/spttest/3aops26d5he1,605a746c8d70c49,1024,0/0
/spttest/1oxe4uqnsap9,31767d29ee5242d,1024,0/0
/spttest/npe2f92tq9gz,2b4cef5d61b68773,1024,0/0
/spttest/qv5u8ctebyxq,3112beab149ca79e,1024,0/0
/spttest/eo1ixyt7qvrr,1acae486d8077e57,1024,0/0
/spttest/nko6ei8g7wca,2b0fa2f939f16f7a,1024,0/0
/spttest/twoiwrpc7nj4,36a151995b73b2e0,1024,0/0
/spttest/f03yjzuxt4gd,1b67a4669aeda4cd,1024,0/0
/spttest/dxtrlttvditx,19765f21fbc7c395,1024,0/0
/spttest/aetey57os7zt,13049b0cf5f77b79,1024,0/0
/spttest/mwxrhyk9585q,29db5a40fa20918e,1024,0/0
/spttest/wpvtoy806yv8,3bc3dec5d9593604,1024,0/0
/spttest/nk3x9pc6gzbc,2b08542ca12b5cc8,1024,0/0
/spttest/32cd6nhjik0w,599487d1175fce0,1024,0/0
/spttest/bbsacp090a4o,14b0d85ccfe46c48,1024,0/0
/spttest/a018ct29py4u,1244963aeaea3a0e,1024,0/0
/spttest/vll0rxz6qdu7,39b866a075e6ca8f,1024,0/0
/spttest/u15r3ud7805c,36db7deaa2b10dc0,1024,0/0
/spttest/fqfhiuh5datr,1cbd85cb5f9fe10f,1024,0/0
/spttest/s6szeo7d3twp,337d977bb7ce6329,1024,0/0
/spttest/4019wgmtnnon,74eeabe39682ca7,1024,0/0
/spttest/c80xn6xrpdu8,16539f48fd085150,1024,0/0
/spttest/6bva148w47iw,b8fda6e46fcbf18,1024,0/0
/spttest/iqcoj0c7xfx3,22375a637e71a5d7,1024,0/0
/spttest/rlqwz0rz4gvn,326c121bc20e3d73,1024,0/0
/spttest/gqag1bgqwn7s,1e8f51616587c788,1024,0/0
/spttest/dh603x4azl6z,189df800bfe8000b,1024,0/0
/spttest/p83k9uky3cv9,2e138e3bbaf2b5e5,1024,0/0
/spttest/xm7gofhgdy08,3d67ba03cb9cd168,1024,0/0
/spttest/9gv3bw2vqknp,114b933fa4307215,1024,0/0
/spttest/g1ko1ipip4zn,1d4e462f6c3e9b83,1024,0/0
/spttest/98eq5t05vssc,10ddc18392e4d87c,1024,0/0
/spttest/n6eifmsxnk1b,2a564c910e63962f,1024,0/0
/spttest/yiu49sqas743,3f0f8ede145b0503,1024,0/0
/spttest/c43avln7qex8,162084f2fc77010c,1024,0/0
/spttest/8ioss3r9yrhq,f8fab3e0376e4ae,1024,0/0
/spttest/akcdc9ywrmj2,134c6434dfb122ce,1024,0/0
/spttest/ua89edv469x0,37514ce6278927b4,1024,0/0
/spttest/aan4uzpl54uk,12ce61ee83c290cc,1024,0/0
/spttest/i2f4ccjgx511,21007d8a9a4b93b5,1024,0/0
/spttest/mddy1p7er14m,28dd67d00e015876,1024,0/0
/spttest/hy6y2tswjqf,e927b54cc9fbe7,1024,0/0
/spttest/o252pi2x66qy,2bf28d1e5e00d0aa,1024,0/0
/spttest/6e5rfbtfcl9m,bad9d41fe3869aa,1024,0/0
/spttest/jg3v5v6bz48d,2385e4c5ef57f32d,1024,0/0
/spttest/4rwld87g6eru,8b8ed82449fdc4a,1024,0/0
/spttest/pwl3xuam212,1507d5d42d005c6,1024,0/0
/spttest/2zyk2w3hntvh,57a52831bbf13fd,1024,0/0
/spttest/un15zdvqzbo5,37f799e476dcebd5,1024,0/0
/spttest/2hkit11a8g8x,48b7377857f4241,1024,0/0
/spttest/rhvwumzk6aku,3239ea9c3eec5b0e,1024,0/0
/spttest/mdzn623f5f1s,28e53c00431ad670,1024,0/0
/spttest/kxacub1an7l7,2638aaf31870a42b,1024,0/0
/spttest/uzmh9nq8i3os,389b29a981a2432c,1024,0/0
/spttest/15qe519ahxyx,21e15614c592439,1024,0/0
/spttest/6bllyspmonvl,b8c5d5f5442a8e1,1024,0/0
/spttest/d8vs1u3lpuww,18325d978476a9c0,1024,0/0
/spttest/3spy0otgrlew,6efe7683bc1c928,1024,0/0
/spttest/aqq5si5g9xpe,139f4d88577176e2,1024,0/0
/spttest/rlx23itik3d6,326e4977b5a0140a,1024,0/0
/spttest/nhon0vpynu3g,2ae8d5d9bfbc4e1c,1024,0/0
/spttest/req4dk4ztb62,3210dbf09082f0ca,1024,0/0
/spttest/rem7bag46jsh,320f72009a97cdb1,1024,0/0
/spttest/9wwy3x96db2m,121c12b22cb0d34e,1024,0/0
/spttest/ymn4n55js6j,1c1ce2c9245de6b,1024,0/0
/spttest/xaocuvdxbj6f,3cd1f363e1aabad7,1024,0/0
/spttest/diiop8e5in7l,18af88c6c3af2301,1024,0/0
/spttest/3ul8ivmjgb1x,7082f089b9c16f5,1024,0/0
/spttest/tvalzo7z3mqk,368f4f1758f754dc,1024,0/0
/spttest/o5dkdc34is6l,2c1c9526d8b9cf2d,1024,0/0
/spttest/2ll5yygoru6m,4bfa3edec12c98e,1024,0/0
/spttest/citcsflh27yg,16dfc5060225a9c8,1024,0/0
/spttest/ly7xk0synqw2,2818657e0c7c39e2,1024,0/0
/spttest/34rinv57wv4j,5b8ba94d348b093,1024,0/0
/spttest/kafx11dy8rtf,250febae770244d3,1024,0/0
/spttest/otzsbbd8px7a,2d5c57cc02544056,1024,0/0
/spttest/kborkofrw7aa,25201a41ec0c03e2,1024,0/0
/spttest/etbxvlsv6o9r,1b0f98cfafdc3f5f,1024,0/0
/spttest/cyscu0nqemxm,17af3ce039b1019a,1024,0/0
/spttest/t2w21vyvkcm,179bb6edbeb46c6,1024,0/0
/spttest/qwujyaqpc06a,3128a6c1a3c40ce2,1024,0/0
/spttest/u54tti72xeh6,370f1d8927dee58a,1024,0/0
/spttest/f0bui282i6dc,1b6a7cf21c1df2c0,1024,0/0
/spttest/m21a8cc3etl3,2849f476e0cbe047,1024,0/0
/spttest/qe2lpuznhit6,3034c25acc937c7a,1024,0/0
/spttest/riy1j83yt5c4,3247ac9e78ac4e44,1024,0/0
/spttest/2v2b68vry7ei,53abad9393730fa,1024,0/0
/spttest/z5xre2zgmqfn,403ba03209034b53,1024,0/0
/spttest/iil89n763ufs,21d285edd16daed8,1024,0/0
/spttest/dr6klc9yb2eb,19201120a6eb06e3,1024,0/0
/spttest/9ligym6x8l5x,1187f7b8500b9625,1024,0/0
/spttest/q8eyu5qaopfo,2feb48e50f2758c4,1024,0/0
/spttest/4b8jyavsczyt,7e06cef0d2ed915,1024,0/0
/spttest/vtct9mgg5jpf,3a1d5a77f020e303,1024,0/0
/spttest/w7mkbzt2sfn2,3ad6b8d27314042e,1024,0/0
/spttest/mhpenfj4esro,29157f7ddeb6e924,1024,0/0
/spttest/9u9n5emspjhs,11f9af98522f02f0,1024,0/0
/spttest/rhbwdjihqfu9,3232b206e8997bb1,1024,0/0
/spttest/eeuvjkluzbh0,1a5396f7bdac76d4,1024,0/0
/spttest/px287rx9xl9x,2f57ce589ac826f5,1024,0/0
/spttest/giya00kfhywy,1e3000ad48140a02,1024,0/0
/spttest/6okbg4t6nnpl,c34c25a83aa71c9,1024,0/0
/spttest/qxeap3gxigm3,312fc65f9408959b,1024,0/0
/spttest/bncowp0fxljm,154716e5da00ea52,1024,0/0
/spttest/b7ca2hb0jdr1,14771cb73d89685d,1024,0/0
/spttest/a7c3o5q5eeb6,12a36f0edd335cf2,1024,0/0
/spttest/wbp70xp4fw02,3b0ba0cf7327e7c2,1024,0/0
/spttest/6ysacjf7ydc4,cb9870b7c8eab04,1024,0/0
/spttest/qo4wgvz0x54f,30b77b3e1af2f42f,1024,0/0
/spttest/hmv5xp8icxwz,20367369ca3b78b3,1024,0/0
/spttest/hnploi80d0cd,20416edb94ac82fd,1024,0/0
/spttest/3fyozz5qrlqs,64a333db1c524d4,1024,0/0
/spttest/x3y7t4hdvidz,3c7a95526fd0ffd7,1024,0/0
/spttest/5vqr5ity4vfm,abe646a0768ce22,1024,0/0
/spttest/4byrfgo5m6no,7e9e1b111591034,1024,0/0
/spttest/ow2qu90wje9y,2d7763a20fe6ff06,1024,0/0
/spttest/tcx01ffc83uv,35a0975c5bfd1d87,1024,0/0
/spttest/x60jo3wf4mc8,3c956700fd5e6918,1024,0/0
/spttest/b13h5y31k2vl,14260011993c3891,1024,0/0
/spttest/tat8yodjgymr,3585424533375a53,1024,0/0
/spttest/8b1tyfiynmu2,f2c74fe053f2d5a,1024,0/0
/spttest/hktv2iic6d07,201c00a6a4b63b57,1024,0/0
/spttest/tu3pb2vpr0h7,367fd3c4633db02b,1024,0/0
/spttest/fkubcqg7ibrf,1c74eff28740530b,1024,0/0
/spttest/ytm1un2rjhos,3f9b8788a3d6134c,1024,0/0
/spttest/l1k5x7uft7lh,267029e7ebf922b5,1024,0/0
/spttest/6ih33v27q343,be5a84ec07ff143,1024,0/0
/spttest/ik8ddacqtsdh,21e7dcbe6ddc1ee5,1024,0/0
/spttest/nse3ysz0dvq6,2b73eb1823d38dde,1024,0/0
/spttest/qslm5i745sfx,30f1780f7f357f3d,1024,0/0
/spttest/i1q2wt2oze61,20f774a975dc6279,1024,0/0
/spttest/orgv5gtmgxiu,2d3b89913edbb7b6,1024,0/0
/spttest/3fgpr4xlo710,643b68c63d09294,1024,0/0
/spttest/czoag1c84omr,17bac28817cd1db3,1024,0/0
/spttest/cub6myhog9sm,177515b0e1233196,1024,0/0
/spttest/afarlvds9uvd,130addca8dc02489,1024,0/0
/spttest/9e0dhpufhrjq,112683648b841cb6,1024,0/0
/spttest/8pw34twsi2wg,fed392e931fcb30,1024,0/0
/spttest/spowyozp3sqe,3472eb9e2925d936,1024,0/0
/spttest/5hcoisejnzxk,a0376e9a60b40a8,1024,0/0
/spttest/xa5raxdpamlu,3ccb3d7576212df2,1024,0/0
/spttest/e79ugrgmk84o,19f113abe7c92c28,1024,0/0
/spttest/e6rz2owqex3r,19eaa0de842e7917,1024,0/0
/spttest/ie4adgwap3ad,2198740bce1ae6e5,1024,0/0
/spttest/8cso30on6gap,f43211fb2342f01,1024,0/0
/spttest/d788ipwiptf2,181ce1c0d055432e,1024,0/0
/spttest/hqpi9w9h1303,20685de3a8cc7a73,1024,0/0
/spttest/fcdc8ryi4hsu,1c06e5eac6d2fd1e,1024,0/0
/spttest/578nk0a2rr14,9801e64bc556b98,1024,0/0
/spttest/mvznam8d3x0v,29cf0af27671f6ef,1024,0/0
/spttest/8jr7wds3akgm,f9d8806f37d2916,1024,0/0
/spttest/2gve6bpkmptq,48262612afff43e,1024,0/0
/spttest/xhjggqm7ngyr,3d2b1b9a1965d4a3,1024,0/0
/spttest/bo8n4o5b1znt,15529e1e56ba09c9,1024,0/0
/spttest/ziu0uso66dry,40e32357de26f13e,1024,0/0
/spttest/rqaz6v9pnpoh,32a74430e804cec1,1024,0/0
/spttest/he7i2lsd8mk,e1f1c4b2741cec,1024,0/0
/spttest/zk3xxoesharg,40f3b4ca58aba4bc,1024,0/0
/spttest/8o46b238xtn,709d9ab4d7b83b,1024,0/0
/spttest/xdk9otrbjolm,3cf7718f261b0a4a,1024,0/0
/spttest/jmdqh345za1l,23d763f77e914299,1024,0/0
/spttest/q0xxrrghpzlq,2f8a3719d78ce17e,1024,0/0
/spttest/48hhrgy3b70u,7bcaedbfc75634e,1024,0/0
/spttest/99whgdhez1a8,10f1270f6cfd7340,1024,0/0
/spttest/h23tudje8jjg,1f28cd4f48cf5eec,1024,0/0
/spttest/kbxuhyk9l348,25236113451edc08,1024,0/0
/spttest/u9jwmvko97av,3748834fae9ae537,1024,0/0
/spttest/rhkjzfa4tvlt,3235d18baa8de141,1024,0/0
/spttest/4u3z7vvdzvkr,8d59223e586439b,1024,0/0
/spttest/unwbavkzyli2,3802d6f4b6bae45a,1024,0/0
/spttest/peqjfyjidc9t,2e69c81ceb51dd61,1024,0/0
/spttest/7994tbsip7kb,d417fac91c4248b,1024,0/0
/spttest/sf9vg1z6r546,33eb99a1f48794a6,1024,0/0
/spttest/sjp87ogjmlqm,342518f1035a8a8e,1024,0/0
/spttest/ddplc8yvunsw,187114729e069b00,1024,0/0
/spttest/6jasxmywj4to,bf06140df11272c,1024,0/0
/spttest/v2q9rttu3ebw,38c37fac8a6e6d4c,1024,0/0
/spttest/g1zq5xuosta8,1d53b527d0292340,1024,0/0
/spttest/j9p9e76rg56o,2332b0395edd4140,1024,0/0
/spttest/x12wv6phl9eh,3c554f50fcf8f7d9,1024,0/0
/spttest/jlmwmgwko102,23cdb5cd76b8af12,1024,0/0
/spttest/67f3fpdg40fk,b560e9752f48f30,1024,0/0
/spttest/e3qw5iqmo8g,b733b372f35630,1024,0/0
/spttest/jl4adw7rahqk,23c6fe1da74b2f4c,1024,0/0
/spttest/diam1j77s19p,18ac9f02816c486d,1024,0/0
/spttest/ey9kl5guv0or,1b4fb04218afc33b,1024,0/0
/spttest/y7ug2yjzjwpn,3e80cb58735dfb5b,1024,0/0
/spttest/t9ljn8h1bwfw,35757d79cdee3dfc,1024,0/0
/spttest/klcioo6ty3b2,259d939932f0da3e,1024,0/0
/spttest/7byn7hhm4nqv,d64ae963a4edb37,1024,0/0
/spttest/xerm9czby35a,3d0715a5819d9b6e,1024,0/0
/spttest/a9xwkszga8h8,12c547792bdc856c,1024,0/0
/spttest/5p8me5xyc3kz,a69ea084dc7f323,1024,0/0
/spttest/jncjao7duxgh,23e3f27007e8ade1,1024,0/0
/spttest/1fb8okgdi3wz,29a826bd38b9153,1024,0/0
/spttest/8bdf1187jrje,f30a31c2386e92a,1024,0/0
/spttest/c6ti22jj9swe,1643f37560a8b98e,1024,0/0
/spttest/6qimlp3g6mkw,c4e20c02d9083d0,1024,0/0
/spttest/926l6dadros2,108ce23d26e19b32,1024,0/0
/spttest/th0hlr7khnrv,35d5ce8f3d4a929b,1024,0/0
/spttest/kmg4vu2iz9ab,25abdeeaee0d53c3,1024,0/0
/spttest/5fqkosrj1bby,9ee7fb846deee9e,1024,0/0
/spttest/coihqypm7g68,1729c93cc69ec7a0,1024,0/0
/spttest/wn6d622pbakc,3ba0b4a77c06ab3c,1024,0/0
/spttest/e7ziisufasnm,19fa569a079b9692,1024,0/0
/spttest/h51c1iqywyjj,1f4edeab2340e0df,1024,0/0
/spttest/l7or0ovvuvmh,26bfc10c5ebed699,1024,0/0
/spttest/rr8ixxcd9oc3,32b35f0579fd1073,1024,0/0
/spttest/6ne982f0xl9l,c25952e4fc8a5e9,1024,0/0
/spttest/u798nhrn9zf2,372aaf949a87ae8e,1024,0/0
/spttest/hkicu6wuwmny,2017d9d2b20678be,1024,0/0
/spttest/zxzj8trv7nhv,41a7f73831950db3,1024,0/0
/spttest/uol25xxi3yg7,380bc4b7dc2d9727,1024,0/0
/spttest/s28wn4zdb8xs,334263ff5ecd9b00,1024,0/0
/spttest/3v58ijewrxz,32349f1b2a6f77,1024,0/0
/spttest/dzbdkqkshezv,1989b704e6fc722b,1024,0/0
/spttest/8gzlkp3w1uub,f79964a824bee63,1024,0/0
/spttest/l2wxx09jtsii,2681c36896532c9a,1024,0/0
/spttest/7bboru7413w5,d5c6622358a69f5,1024,0/0
/spttest/ckhmu45x7g60,16f584e5519a0298,1024,0/0
/spttest/q2zmpbv0ci3w,2fa4cdf42eceb2ac,1024,0/0
/spttest/wbuiydf4s2u0,3b0d8d421f3c6d58,1024,0/0
/spttest/cd2g0h46s25r,16951d115bf05fef,1024,0/0
/spttest/cwpw81uhb5g,a7ad4e470154b4,1024,0/0
/spttest/ytm9hzo3c97c,3f9b9b288e676c98,1024,0/0
/spttest/7kadlrv8jjxc,dd0d46b8aabbfa0,1024,0/0
/spttest/s7bmwwm1yukt,3384526c99b8884d,1024,0/0
/spttest/gw8vsvsbl4ji,1edcb0a2bc83d53e,1024,0/0
/spttest/fc79zo9cp023,1c04b5ed63c65c8b,1024,0/0
/spttest/1p3xlv2ljzmp,319c3fe8f58e821,1024,0/0
/spttest/7mxqh0llw36b,df33c6b5400c113,1024,0/0
/spttest/t54kcriuio4z,353b68021db360b3,1024,0/0
/spttest/i6berjdwso0u,21331bd5f9bbcc9e,1024,0/0
/spttest/fph21yq1kcp1,1cb119958e512645,1024,0/0
/spttest/rccuisaownwd,31f2175a8fdd00fd,1024,0/0
/spttest/pngebkcp8shu,2edb069958beab42,1024,0/0
/spttest/j4n9j611xiaj,22f1058edb4a3fdb,1024,0/0
/spttest/fphi60ryu6ce,1cb142ed0847a99e,1024,0/0
/spttest/7uam4zr4rmz1,e52cee228ffad0d,1024,0/0
/spttest/6vzqlu9bz6e9,c953f915d37da21,1024,0/0
/spttest/bokyj487fjyk,15570fca6ac099cc,1024,0/0
/spttest/p1lo9i8fjl1j,2dbf2a4da2fee047,1024,0/0
/spttest/k3zt8w9gn92d,24bc2c8bcf6761a5,1024,0/0
/spttest/c9ghuhqj7tmv,166639e6c57dbcc7,1024,0/0
/spttest/xc7r13w2zgo3,3ce5f0024a937123,1024,0/0
/spttest/596y53tprh4i,9997b5500f74c72,1024,0/0
/spttest/866bpk97kq6t,eed21bbced66c95,1024,0/0
/spttest/g34z3wbltrxx,1d6297332ff433b5,1024,0/0
/spttest/5awwkwgul7eb,9afd628447936b3,1024,0/0
/spttest/3qh921cfaawi,6d2c9e6335004b2,1024,0/0
/spttest/j3a2lmj5d9si,22df45ba978463d2,1024,0/0
/spttest/rqg25s6ifwss,32a919a6f7d77dcc,1024,0/0
/spttest/h4hjrw3ljab9,1f47bb24c6019bf5,1024,0/0
/spttest/vnyeo3wfszkp,39d735933582c219,1024,0/0
/spttest/qn34cv0qrgyo,30a9d97d1a9bd8a0,1024,0/0
/spttest/8yk6ugvu0ye8,105dd599252de820,1024,0/0
/spttest/dsse23rxjbvm,1934edb84c227fe2,1024,0/0
/spttest/mm5zvliqemjg,294f70dfbd915b9c,1024,0/0
/spttest/6nq32u7mlhr0,c29d9d51ef8ff1c,1024,0/0
/spttest/fjvatalkbqmt,1c684dac60324395,1024,0/0
/spttest/ugd1ctdrlg8p,37a0f5a47d426479,1024,0/0
/spttest/4zin6p9x0v32,91bcf12e22b325e,1024,0/0
/spttest/6s5igyn86jjw,c635fe05c808c7c,1024,0/0
/spttest/g56cj7cpr6ds,1d7d10871bbff210,1024,0/0
/spttest/ntxl0by91hbl,2b87ef1327302ef1,1024,0/0
/spttest/c2xmo9skvrvn,16117bc001e8b2e3,1024,0/0
/spttest/puo2bwt1jeqf,2f38b793ca1cc657,1024,0/0
/spttest/54o1taawxsc6,95eb4baae1b75b6,1024,0/0
/spttest/l72ql0ivccb8,26b7cfd465d01054,1024,0/0
/spttest/xdr5om7l6hl8,3cf9eddbd9bbaf8c,1024,0/0
/spttest/679yvv56shj,508fb24b8b46b7,1024,0/0
/spttest/h9r751rsej2m,1f8c28b139a0900e,1024,0/0
/spttest/ibhqhc2szu84,21765664240167c4,1024,0/0
/spttest/nm5zbwk7a6di,2b230cb672f535c6,1024,0/0
/spttest/rundnuy7fmcd,32dfb2c4d2cceddd,1024,0/0
/spttest/rbbjediurzu2,31e4a130d99ea42a,1024,0/0
/spttest/ky7hu0guna52,26449fe8db343116,1024,0/0
/spttest/okairkj35saz,2cde52c7ea632d8b,1024,0/0
/spttest/tlpyne5s0bsf,3612f4870df3abaf,1024,0/0
/spttest/tokwz8phtnof,36381a2b5fee121f,1024,0/0
/spttest/cjuux7n5t8lt,16ed4d2c555f61d1,1024,0/0
/spttest/va6omvm9yf6v,3924587f36d5b267,1024,0/0
/spttest/2k1b7iwg2wg2,4ab7cbf532280c2,1024,0/0
/spttest/6676ebwpq9aj,b4635fce4a71a8b,1024,0/0
/spttest/dru4vnhgsyji,192891a5d133c1de,1024,0/0
/spttest/3la8aw3z8bmg,68f4f1a69675bd8,1024,0/0
/spttest/2dq5gf22v1a2,45986653bd1923a,1024,0/0
/spttest/6ljjdspgmsiv,c0d82932d424de7,1024,0/0
/spttest/2wmsor88xcq8,54f1c685c6a96b0,1024,0/0
/spttest/2wyki4i5gl8k,5535bd3e2643c84,1024,0/0
/spttest/qhd2mpi3lhma,305f813371e3c772,1024,0/0
/spttest/q8cbdgi4idnt,2fea53f4770861a9,1024,0/0
/spttest/2yz11dait506,56d80c3e74b8896,1024,0/0
/spttest/s55z775028vf,33684d396a3afd6b,1024,0/0
/spttest/sg8dur1uob4w,33f80d626b4c0060,1024,0/0
/spttest/j8ce0pv1vdj0,23210e0c5e10633c,1024,0/0
/spttest/un7onaqwk1vo,37f9f3fd86696e84,1024,0/0
/spttest/rzzxf4z7624i,33252c2a5e1b2342,1024,0/0
/spttest/q05brjo94545,2f7fe453d606ebe5,1024,0/0
/spttest/5u2ai6tag7gs,aa8939aa19d47cc,1024,0/0
/spttest/84wio7n04e9c,edc9aa8a1494d30,1024,0/0
/spttest/e47s0zvwfaty,19c95ce8daf01096,1024,0/0
/spttest/tlbqzoe4qjyd,360dd3b8adf0a385,1024,0/0
/spttest/djihu93t9m0w,18bc746e30ca10c0,1024,0/0
/spttest/xgxoh9deyfgr,3d23401063cf74cb,1024,0/0
/spttest/8jxer0t3905c,f9fc3d0a7aaa000,1024,0/0
/spttest/rg5df95zxff0,322359eed61c534c,1024,0/0
/spttest/or835u03hs5s,2d385ece38a7abd0,1024,0/0
/spttest/1qz14wd01r89,331f9b87f439419,1024,0/0
/spttest/tmhmw5pe4ba8,361cf0ac73a13420,1024,0/0
/spttest/emsx1rmxwvc1,1abacc25cee52fa1,1024,0/0
/spttest/x34u835oxuw1,3c6ffbc9d85196a1,1024,0/0
/spttest/6wkqt83jot55,c9cd3d3c4d84889,1024,0/0
/spttest/dhdrqi5xtvaq,18a0c5776968d8b2,1024,0/0
/spttest/8thjcmww7qf2,101bee4b496b817e,1024,0/0
/spttest/ov8r4q0wcng1,2d6c91550808c1b1,1024,0/0
/spttest/sytnrv2ltsvw,34e98930d003647c,1024,0/0
/spttest/vdqii4df6p88,395277e5f2c64838,1024,0/0
/spttest/j6yepdsydf5f,230f0564e438eff3,1024,0/0
/spttest/xtuws5m345k7,3dcb1c99800c4027,1024,0/0
/spttest/ilxdb7xlac3t,21fddf0f2f97e4c9,1024,0/0
/spttest/zqtbdotudxat,414acc0882011bd5,1024,0/0
/spttest/vs5ereh09774,3a0db16a15f110b0,1024,0/0
/spttest/mgrpty7ims3v,290957a8e04a65cb,1024,0/0
/spttest/aq1zncyo42d7,139694eef50744fb,1024,0/0
/spttest/g0j0oloolmxz,1d40b0a068242f67,1024,0/0
/spttest/y5pk2e8zx1q1,3e650d36ba0509f9,1024,0/0
/spttest/hvivznihsvn1,20a6ecc943cbf82d,1024,0/0
/spttest/5leterord8o3,a383137f06ff823,1024,0/0
/spttest/h5wcogn39aee,1f5a0fb8171b3be6,1024,0/0
/spttest/iadgsv3gyjhn,2167ced344f8832b,1024,0/0
/spttest/o4ptrrle5031,2c14046f3ad241ad,1024,0/0
/spttest/zpgq29arthxj,413943a950717307,1024,0/0
/spttest/ad3m9onfknuy,12ee4f00a77fa0ca,1024,0/0
/spttest/s4y510i0xl8n,3365793b7622b1c7,1024,0/0
/spttest/98faiisfobyd,10ddf5bc67f15185,1024,0/0
/spttest/izl5iw6p5wto,22af50415990466c,1024,0/0
/spttest/p1ja16qdqr21,2dbe4d0d87f38079,1024,0/0
/spttest/wkbk2xpdkubv,3b7b9c7699b3978b,1024,0/0
/spttest/63ipqyp8hmd2,b2367eb2b773776,1024,0/0
/spttest/o4yvzya7xck9,2c174976b27f6cd9,1024,0/0
/spttest/pmptbubxl8ru,2ed16f29b9738caa,1024,0/0
/spttest/islf8zi82nh4,22547c68ecc2a358,1024,0/0
/spttest/70kmv3h41skp,cd0beb971f99ee9,1024,0/0
/spttest/sbxn52qk7n2p,33c0382280bb0c91,1024,0/0
/spttest/dnmrxb055627,18f1f4ce4502c2ef,1024,0/0
/spttest/ea2wy6slacdr,1a158b3ccf92622f,1024,0/0
/spttest/nuouh8tp95cj,2b91c5509a649053,1024,0/0
/spttest/k0vx611caejp,2493cd5c9b872825,1024,0/0
/spttest/xjv3jyca9q5u,3d49496881b4c6b2,1024,0/0
/spttest/d3e6mv747q1,aa15d60adb2319,1024,0/0
/spttest/bxrzt435cj9o,15ce80f50a017d8c,1024,0/0
/spttest/3tk2rou6upba,6fac6a4570b19a6,1024,0/0
/spttest/ft228xodzinz,1cdfa59595d2e63f,1024,0/0
/spttest/5rzn3pjr9hdu,a8da44f1e2b3742,1024,0/0
/spttest/nqtnfiguklsy,2b5f8c0b9279a962,1024,0/0
/spttest/4rmwyfcr6ga1,8b56f8f9896b2e9,1024,0/0
/spttest/4walt6pmeset,8f1f0d41cbd0155,1024,0/0
/spttest/t70wi2nprea3,355410377167960b,1024,0/0
/spttest/4fnyfcm46kdf,819f09ed17dc8a3,1024,0/0
/spttest/glxicr794mzl,1e56b1835a3c2261,1024,0/0
/spttest/c6hqz3l0s7gp,163fb5eb7ec178c9,1024,0/0
/spttest/rfowuwoa0p5b,321d6989d19da94f,1024,0/0
/spttest/r03uwphuicnc,3152f9f3798d6288,1024,0/0
/spttest/1phllbc9y631,31eb25240389c4d,1024,0/0
/spttest/jkqs6q4q4b4b,23c21ea234691b4b,1024,0/0
/spttest/pf8dkty4m6b9,2e7037b1a29ee575,1024,0/0
/spttest/ucy02o1vv32j,3774910f4579444b,1024,0/0
/spttest/edcnbyigrdrs,1a4006038350f678,1024,0/0
/spttest/xqd6ozx2u1z3,3d9dbfa24166fb7f,1024,0/0
/spttest/aacgl06rdq1c,12ca87f56b78d810,1024,0/0
/spttest/n1pq42o374kd,2a1966093bb675dd,1024,0/0
/spttest/cnj214suais5,171d0005696acb95,1024,0/0
/spttest/niavkqgni19a,2af0dbe4a9f02dde,1024,0/0
/spttest/qelxn1ij4jlu,303bbbf097358742,1024,0/0
/spttest/9l04udk8n4c6,11815a0001459db6,1024,0/0
/spttest/4aarwhmmuacg,7d43ccf85ee8de0,1024,0/0
/spttest/w47vj6mlr5kj,3aaa7443a78bc1f3,1024,0/0
/spttest/gzia8n5t5rl8,1f070cc3aa4efbec,1024,0/0
/spttest/8kpju8yqtyyp,fa9eb2f4ad47841,1024,0/0
/spttest/r7lo9wkz1yaj,31b4545b4b8576db,1024,0/0
/spttest/cmhf5akintat,170f6badfc53f615,1024,0/0
/spttest/t6pa8af9jhzl,354fdf05741ac6d1,1024,0/0
/spttest/4dfejo50ruu7,7fce02737fb48df,1024,0/0
/spttest/rrw7yhhrshue,32bbebacebf8b856,1024,0/0
/spttest/rj2ijseoik92,324949c02217c706,1024,0/0
/spttest/8jyisrnqcyhb,fa02a922487ff8f,1024,0/0
/spttest/w235xiw3ej32,3a8ec696eb921b1e,1024,0/0
/spttest/nwbawpjb5p6s,2ba6dcd3dfdeb5c4,1024,0/0
/spttest/cl6mfe38yhnn,16fe890d6aec21e3,1024,0/0
/spttest/i135jhoyed9d,20ef2ef0cf60cca1,1024,0/0
/spttest/9yc5b7g0976k,122e8bf4b7cbfc9c,1024,0/0
/spttest/da2vdxrcz82,ac7f637503ec52,1024,0/0
/spttest/9mz0atmxbigs,119aec7d0d7f5b3c,1024,0/0
/spttest/4968v29991d1,7c59d3ab534bc25,1024,0/0
/spttest/wqm5c4o8ekku,3bcd5e3909bb07ae,1024,0/0
/spttest/rgqjbbpylhp1,322afcc7dd8e22d5,1024,0/0
/spttest/baacf39pigmo,149d61c7a11491b0,1024,0/0
/spttest/hrhf9my7fn7l,2072707bfaa6f241,1024,0/0
/spttest/bi2pazgk63k6,150289f344fddb86,1024,0/0
/spttest/hl6ifg77l94r,202091013eedc47b,1024,0/0
/spttest/8w6qp9ltdm4,738722a95ff32c,1024,0/0
/spttest/d3w0z51y9a9l,17f182354916b239,1024,0/0
/spttest/1oeg6w6msx2t,310921a64c7c475,1024,0/0
/spttest/23y6qrqmbtfd,3da8813e3a817b9,1024,0/0
/spttest/f7m9jbdx3vzf,1bc92c005f7049ab,1024,0/0
/spttest/lv0vsjvgcklm,27eee29eefe90f4a,1024,0/0
/spttest/u46y7zhviq25,3702e44f8ad9a76d,1024,0/0
/spttest/8rt8e1r8gski,10062c1399dad8a2,1024,0/0
/spttest/ic7ph1amokd1,217fb560db660b15,1024,0/0
/spttest/dwnl43y6yvjl,196727024dc39231,1024,0/0
/spttest/4zc8mrk1u77p,9197f85bc6c2105,1024,0/0
/spttest/n060d63om2wf,2a054bb877a25c2f,1024,0/0
/spttest/qkwx8ae6uypr,308da27ab72e693f,1024,0/0
/spttest/wqpp9px73jxj,3bcea678b29ae2a7,1024,0/0
/spttest/2ok4m82izcgd,4e63bdba801c3cd,1024,0/0
/spttest/ug32p7t73d5r,379d5d68e396105f,1024,0/0
/spttest/rot459krunt6,3293d50549456f0a,1024,0/0
/spttest/6xhqvhmlq7ch,ca8bc24009ec4b1,1024,0/0
/spttest/5tkxl9265hgu,aa25034fc06c5ae,1024,0/0
/spttest/qcenw5qxt5rx,301f21d733a97b7d,1024,0/0
/spttest/dl5lldnxph6m,18d1c7c996ccb03e,1024,0/0
/spttest/3grjr6bxjdn,2d0458a1c2135b,1024,0/0
/spttest/v0ucj7h5tumw,38aafdb767967958,1024,0/0
/spttest/7tpzwkm0oa1h,e4b5e789f07a0d5,1024,0/0
/spttest/m43uppr2gmh3,2864dc44a7b533c7,1024,0/0
/spttest/nmwmhxfuk9to,2b2ca9babab838bc,1024,0/0
/spttest/ju4cefpzhc11,243bea98ba3cce25,1024,0/0
/spttest/38acbpvwubx1,5e67d1677ece3d5,1024,0/0
/spttest/n73x9lw9sqyk,2a5f77d47cc9307c,1024,0/0
/spttest/iophbip6zmv2,2221fe2b039e087e,1024,0/0
/spttest/nhcsp2fwy1vx,2ae48ffc032a5a0d,1024,0/0
/spttest/6m6007nvf3m8,c159d538dfb6b10,1024,0/0
/spttest/wcbdhx0r7191,3b13a18444b54d15,1024,0/0
/spttest/yyf646dgig2h,3fd9fe2eb7b6e5d9,1024,0/0
/spttest/j1eg27wmt8vb,22c6df39eb6b1827,1024,0/0
/spttest/jpasaubk2250,23fd4b519a8d7754,1024,0/0
/spttest/dtfx4eabe5yv,193d6b1a4da748b7,1024,0/0
/spttest/nfsmazu3mts5,2ad04af715800b45,1024,0/0
/spttest/u688i1soeqi3,371d559149c315ab,1024,0/0
/spttest/qrgb8n3p1faq,30e290f665a918b2,1024,0/0
/spttest/mqxfzuc0evgb,298d4d32d3a3e6bb,1024,0/0
/spttest/s13puw6rc12w,3333877deb1ee378,1024,0/0
/spttest/b5m45pmk8t2k,1460aeb8677cc12c,1024,0/0
/spttest/5nu2luaxyxdk,a57acda0c7a2678,1024,0/0
/spttest/xtr8cut9fmmd,3dc9c8d35a293d45,1024,0/0
/spttest/f7jlnv85f03v,1bc83602b0aba34b,1024,0/0
/spttest/hwznu4l558xh,20b9f762083e1575,1024,0/0
/spttest/1wd1q2shkcj5,377faab4f11bd71,1024,0/0
/spttest/unn8u78f9yyq,37ff915254d59842,1024,0/0
/spttest/v9et998t8nc2,391a4a0b52ef5522,1024,0/0
/spttest/az6g7svxnsy,8e96019c4bd5c2,1024,0/0
/spttest/ss62qogiwsn7,349317370224eb03,1024,0/0
/spttest/5vdfz3iaeyui,ab996f2075d69ea,1024,0/0
/spttest/j21lvcuk3lwv,22cf3a99f659ddaf,1024,0/0
/spttest/oqc1inbtorhn,2d2ccecdb4f9da2b,1024,0/0
/spttest/v36rgeasoz0x,38c972ef6ce3ab51,1024,0/0
/spttest/jlkonfurf0b,fe94aeff5c6ebb,1024,0/0
/spttest/o7hwx8toy370,2c382158b896b0ac,1024,0/0
/spttest/uc4slyhws2aq,376a073aac145ea2,1024,0/0
/spttest/4gujyz0n6am8,8294f5dd700a240,1024,0/0
/spttest/bf1awvma4yrx,14db10e2ac96db0d,1024,0/0
/spttest/siua7uv6z2tp,3419eeab91c63b0d,1024,0/0
/spttest/kfvx5ky1g153,2556a42e4ba052c7,1024,0/0
/spttest/xuskidd3c93q,3dd741a210a84016,1024,0/0
/spttest/n3c7pef76g04,2a2e80884e55b984,1024,0/0
/spttest/owkfiz5gjd59,2d7dc53bf80bbd4d,1024,0/0
/spttest/syuvjk077cp9,34e9f97e3c5ba30d,1024,0/0
/spttest/otzn8xkxbnpn,2d5c4acc5390edcb,1024,0/0
/spttest/b757wnn0762c,1474909767874674,1024,0/0
/spttest/vojbv281a6fa,39dec21b3a14e006,1024,0/0
/spttest/vldkbb6oa1tt,39b5b5cfa2c887c1,1024,0/0
/spttest/pnpxgxct09sa,2ede770b92412e8a,1024,0/0
/spttest/t95sawcn0u5b,356fcdcbf5be3f9f,1024,0/0
/spttest/6633w1p495q6,b44be14891d1d3e,1024,0/0
/spttest/aabfzbcwuxoo,12ca2a0b689d4608,1024,0/0
/spttest/kdnfjtcwu3u4,2539998d4187ceec,1024,0/0
/spttest/lxrnx56yxl30,281286e0bc73b2fc,1024,0/0
/spttest/5f9m6qt5p90y,9e8614df4bdd2f2,1024,0/0
/spttest/f7m5g82bop2a,1bc9218496ca47e2,1024,0/0
/spttest/h5um4ri1vik5,1f596f3c8d0d48b5,1024,0/0
/spttest/iyu03m64wnxv,22a5846517fbbd33,1024,0/0
/spttest/rnft9vkmhh5j,32820b14eef14717,1024,0/0
/spttest/8ttyrkcktos0,10206a43863966b0,1024,0/0
/spttest/sqz4i6swysp4,348397e829e1b5c8,1024,0/0
/spttest/6xy7tdfso4zl,caead8000ee7741,1024,0/0
/spttest/8ukgk32c66pv,1029f97d33c76b83,1024,0/0
/spttest/uy6hmej9ezbz,3888676bfec0df5f,1024,0/0
/spttest/sat4zoko4i1r,33b19ad628835c5f,1024,0/0
/spttest/ysd2tvtlqig,1c3de98b56ee278,1024,0/0
/spttest/9ofwl0nklww,7db8f51c8f72f0,1024,0/0
/spttest/6zjb9760m0pp,cc34750abe0351d,1024,0/0
/spttest/rnx8r6bdnmk9,3288550fc1ca2af9,1024,0/0
/spttest/e41v0y3mqets,19c73a64da39af90,1024,0/0
/spttest/bzemuill3tm,9ba8430bb0239a,1024,0/0
/spttest/2gf6llwujnno,47c890cf96cec84,1024,0/0
/spttest/vsxgqptxxapi,3a17d0ced7591976,1024,0/0
/spttest/b5scb42rtw6o,1462edd74d938b30,1024,0/0
/spttest/u20pga1jozv2,36e6a91637e7028e,1024,0/0
/spttest/nl3i2qnqp3p4,2b152a72b0c314f8,1024,0/0
/spttest/h1bbzq0oqjsr,1f1e853223eb5ebb,1024,0/0
/spttest/om2qc7wxwvxs,2cf57dc7d9a01ab0,1024,0/0
/spttest/r2ci5sd6czkq,3170131215dc591a,1024,0/0
/spttest/glvmuq6086u1,1e560452125acc99,1024,0/0
/spttest/nd91l7rqnax4,2aaf404d5383ed08,1024,0/0
/spttest/633vle9dy0sb,b1e0d64937e497b,1024,0/0
/spttest/hwnvuqy5slde,20b5b788d9ec6832,1024,0/0
/spttest/sv5ge801mqpa,34b9d5a663fdd1ae,1024,0/0
/spttest/al3k06zt2qjy,1356333f98d7fbee,1024,0/0
/spttest/u542hwxp6mrn,370ed76ef9fad5c3,1024,0/0
/spttest/tlab5lqn80ph,360d4eb915ce6495,1024,0/0
/spttest/6o5qnark24ad,c2f7fd3d00dc235,1024,0/0
/spttest/yh00ux86fsfq,3ef7b5ce53b6b3b6,1024,0/0
/spttest/no15zdzae360,2b3b4a7410ee4d88,1024,0/0
/spttest/y1bx2n3q1767,3e2c2c6778cf108f,1024,0/0
/spttest/9wo3hpigq8ps,1218e131765a16a0,1024,0/0
/spttest/h4xf9ew4kr3l,1f4d757496ffea31,1024,0/0
/spttest/tbts2qn93dou,359270910811ed0e,1024,0/0
/spttest/endixtecv3e3,1ac23bad9e5fb6eb,1024,0/0
/spttest/kp5am5fz4yzk,25ceed577b36f920,1024,0/0
/spttest/wjz0pd4kl7i9,3b771653c2fe4d41,1024,0/0
/spttest/w3vzre4xgr6q,3aa62ab18c16dea2,1024,0/0
/spttest/gfku9r10esoe,1e042fc2c4fa1cae,1024,0/0
/spttest/db7v5b3x5d41,1850b47815796ea1,1024,0/0
/spttest/g6cmnlnn2irp,1d8c51f7177e0e85,1024,0/0
/spttest/9pjtd0vfcagh,11bc68ee71654af1,1024,0/0
/spttest/bs5ae2hsxylv,15855d5af88e4d73,1024,0/0
/spttest/stxkfc6xt5hz,34a9ffca3d84da17,1024,0/0
/spttest/elfuwat9gru3,1aa91895233fcdeb,1024,0/0
/spttest/afadrl3m3ay5,130aba470b482c2d,1024,0/0
/spttest/t879qejhlrx6,356359a1b447bd9a,1024,0/0
/spttest/ayugdhjgb5io,1408c43675fd7cb0,1024,0/0
/spttest/zsb7i5c5qebx,415e3df91401700d,1024,0/0
/spttest/e2txjmytn4qv,19b760a7ac809cc7,1024,0/0
/spttest/l45zhw0tyipr,2692040896bb103f,1024,0/0
/spttest/hrghnjlfiy6m,20721a3d20e4508e,1024,0/0
/spttest/emgt60w1w8uw,1ab66dc4e03795d8,1024,0/0
/spttest/xrunrlpo4x42,3db10af466a0aca2,1024,0/0
/spttest/89xzeyzbzp26,f1e144535f6609e,1024,0/0
/spttest/22zfldo3retd,3cdfde5a529d6c1,1024,0/0
/spttest/3x8yev4ckha2,72ab870e389207a,1024,0/0
/spttest/jnbdhp5ylbjk,23e3872cebef93b0,1024,0/0
/spttest/fp4fss5tfvdx,1cac8c1047db7da5,1024,0/0
/spttest/rzo241u1jhey,3320e3c90950c7ea,1024,0/0
/spttest/bzbvrf06dagg,15e2ab31d7a0ec30,1024,0/0
/spttest/6wh92dgv4z9h,c9b9130c1659a85,1024,0/0
/spttest/wl2xs094vkij,3b857d8c4134c19b,1024,0/0
/spttest/nggilyopvbl5,2ad8ea525243c569,1024,0/0
/spttest/lvlok8ahz018,27f663cce36883ec,1024,0/0
/spttest/2ze9kp4bfk55,573003157861eb9,1024,0/0
/spttest/tzkyhejpiguv,36c6ffda8c1f2ad7,1024,0/0
/spttest/bfh1xyp13knk,14e0bfc33b919050,1024,0/0
/spttest/k8u51lwcbqj2,24fb12e3ec17f70e,1024,0/0
/spttest/88w5md026zab,f106e32d14a8a23,1024,0/0
/spttest/ff8e3ylw4vun,1c2c14a26b3fee3f,1024,0/0
/spttest/7x0wx8kcyn10,e7646a460efc514,1024,0/0
/spttest/s9aaxtm1apov,339dd1d86938698f,1024,0/0
/spttest/x6p5gw7blwcb,3c9e47c65992fdfb,1024,0/0
/spttest/xithiswxtmig,3d3bb74105029838,1024,0/0
/spttest/viqpv84uqnpi,39937d138c41a886,1024,0/0
/spttest/qtv2x1h1nqfs,3101dfa58102ba98,1024,0/0
/spttest/kp1rjm6ad3b6,25cda74e70229402,1024,0/0
/spttest/6oxnsnd9wz1t,c3992d277cce671,1024,0/0
/spttest/ha1iugf3scfu,1f8fe268bd032cfa,1024,0/0
/spttest/vec5b7ewjvnv,395a4626c8126f0b,1024,0/0
/spttest/knb0encdatba,25b702d85ae27fe6,1024,0/0
/spttest/mbg04a3bgln0,28c42b59e855488c,1024,0/0
/spttest/j77m8gn6oak2,231258075034cd72,1024,0/0
/spttest/w447sykqwtjm,3aa922470a0ca792,1024,0/0
/spttest/flinavv7e0fl,1c7db7715ab7acb1,1024,0/0
/spttest/bitn34yygqqw,150c4233b55f1568,1024,0/0
/spttest/mbnwytori2cv,28c7063600f5876f,1024,0/0
/spttest/7x1pvbyfhjf3,e7690e9fd83238f,1024,0/0
/spttest/lti7h02d9j7i,27db28556eaa7e7e,1024,0/0
/spttest/38b9xgycasqb,5e6d34f177143f3,1024,0/0
/spttest/9tzccq6jnzgx,11f5f835f1727e51,1024,0/0
/spttest/iq503ilyvqf2,22349520c10b4d7e,1024,0/0
/spttest/etze6sd3moah,1b180f21611c9b79,1024,0/0
/spttest/6tnn2pg0diqn,c76e7930c7bf01f,1024,0/0
/spttest/h6i2ph2f6peq,1f61e63c15c8cd22,1024,0/0
/spttest/bjgnwmwx31d2,151490c622decaa6,1024,0/0
/spttest/pt1be0te5vfv,2f238517f216106b,1024,0/0
/spttest/7stfat8fftdt,e3f9dd221172181,1024,0/0
/spttest/c2jxrai12xp5,160c8b08920fa019,1024,0/0
/spttest/3swuljtoyuxy,6f26535630bed26,1024,0/0
/spttest/6pen8q2dauw9,c3fb3a983c2cfe9,1024,0/0
/spttest/detxjslzqs9t,187fa2812f3d08a1,1024,0/0
/spttest/kcikqojb9xoc,252adbc5a97329bc,1024,0/0
/spttest/vof0jwn0nomw,39dd339d5db25878,1024,0/0
/spttest/rdkosmietju3,3201e8dcec8dbfab,1024,0/0
/spttest/7lltusnzf57e,de1f36c4dc2c71a,1024,0/0
/spttest/ac35q3j5nuhq,12e1274c1bcbfb1e,1024,0/0
/spttest/6b2xmmhoqiqg,b85a04c301cbd58,1024,0/0
/spttest/iqiykss101zn,22399e622e905b13,1024,0/0
/spttest/5bl194v0x6ke,9b88afc42c2fb7e,1024,0/0
/spttest/t5bo8tfqv5hm,353df8915b8af38a,1024,0/0
/spttest/bcn4elmrxx8j,14bbf884ebaa0983,1024,0/0
/spttest/2hmm6oa2c7m3,48c34df8ea35b8b,1024,0/0
/spttest/is6xpa0ox5nj,224f423b442292df,1024,0/0
/spttest/lab4w2papjrh,26e1cf414de29e4d,1024,0/0
/spttest/ub0vwsohnuia,375ba0f82500cb32,1024,0/0
/spttest/92bzauicp7hu,108ed451fc066632,1024,0/0
/spttest/r6cqffnpisoh,31a41d4fb81486b1,1024,0/0
/spttest/g35sbmqvd88a,1d62e228aed0b1ea,1024,0/0
/spttest/2fgshfm13zln,470204fd826bffb,1024,0/0
/spttest/nf1olf6ytpug,2ac692e5b6759218,1024,0/0
/spttest/i20n3tjd9ner,20fb4428ee84c7c3,1024,0/0
/spttest/9k3k5wzgef8y,11759928400200b2,1024,0/0
/spttest/rb441g52f7n3,31e1f3347b168a6f,1024,0/0
/spttest/ictgzno2fihv,21878fb6fdaedd63,1024,0/0
/spttest/ezp33sldr8z6,1b62468d25878732,1024,0/0
/spttest/k7brr5d5ilgt,24e774e7926ac62d,1024,0/0
/spttest/vctpqd2sy1mi,3946a24b4c4e70ba,1024,0/0
/spttest/ay0q6d5yow3x,13fe0a50d4a19e8d,1024,0/0
/spttest/qvu0b0ky2l4a,311b771724b2c96a,1024,0/0
/spttest/uu16d67adp67,385287ac121226af,1024,0/0
/spttest/98bjj36n53ci,10dc9b653acbdf32,1024,0/0
/spttest/1ci1pd7cpevz,275ff533bb12f9f,1024,0/0
/spttest/llvem0r52b35,277801629f6495a1,1024,0/0
/spttest/2jtjzmhuuhht,4a8b05496c09611,1024,0/0
/spttest/a2dqk1yter1z,126313dcf8a59577,1024,0/0
/spttest/5cfk4ilnlzuu,9c38e741324b3c6,1024,0/0
/spttest/5y82kwd19bra,ade9e81db3b98c6,1024,0/0
/spttest/rwjj92mtvss8,32f84a2671d55878,1024,0/0
/spttest/bo5gmwscjlrt,1551785a712af0f9,1024,0/0
/spttest/ocbhzzuex7hp,2c76c32149bc9a2d,1024,0/0
/spttest/1nfzg3y1ruf,1572bd4ea75137,1024,0/0
/spttest/rkrdyfqv0bg5,325f406dab9ed0f5,1024,0/0
/spttest/yc0l00fdqzwt,3eb6f7336105014d,1024,0/0
/spttest/asfvhl7onia7,13b591ed875be04f,1024,0/0
/spttest/r71uazp3dkqb,31ad2c76c3304133,1024,0/0
/spttest/3hmlovslvef0,65fd0d8f8506fbc,1024,0/0
/spttest/4beybgzzzf0i,7e2bc00bc8665c2,1024,0/0
/spttest/cvvasoh0q4fe,178954fbc365fcea,1024,0/0
/spttest/40qslx7ycphx,7581ff2a84b3a15,1024,0/0
/spttest/ty08gs4xvw56,36b2887a3400c57a,1024,0/0
/spttest/lydg5slvxwaf,281a6311c86314b7,1024,0/0
/spttest/d3cc8dwlkg1j,17ea67b9d44f1337,1024,0/0
/spttest/f2sirpstsulc,1b8a7b9e376106e0,1024,0/0
/spttest/9xd8u7zf62tg,1221f41eba1a1ec4,1024,0/0
/spttest/q2mo3f72infl,2fa020bca417b521,1024,0/0
/spttest/1i5di9q4c07s,2bf5c5caadcc818,1024,0/0
/spttest/anuzl5slycux,137a13af7f1e2a99,1024,0/0
/spttest/6kli2v6cknaw,c013ab5b40786f8,1024,0/0
/spttest/8n94x4uqozx0,fcaf6c82e25ddd4,1024,0/0
/spttest/5alvgoc3c5rv,9abdb3d5a15bb3b,1024,0/0
/spttest/26z172kzgkau,401cdfbb5407dc6,1024,0/0
/spttest/7rwwjr144768,e33e1ec9ab99550,1024,0/0
/spttest/qe2y3ia6ytee,3034e21de310d756,1024,0/0
/spttest/p7gcv5nigzzt,2e0b2ec18f5f3839,1024,0/0
/spttest/526hgq1n1cty,93e63be9cbdb236,1024,0/0
/spttest/m97zd9125g37,28a74bf721c196b3,1024,0/0
/spttest/rmdr4wdtfam3,32744f9a2bf6747b,1024,0/0
/spttest/p3yqpivq1by7,2ddddbe0884a88bf,1024,0/0
/spttest/65pl1kq4q2rd,b3fdcefeba23c79,1024,0/0
/spttest/2sdooxmutgt0,517ddd0ec030054,1024,0/0
/spttest/hqjuvlz2tdkn,20665404512ca7f7,1024,0/0
/spttest/8srcbey11rhn,10127aac183c4a6b,1024,0/0
/spttest/7mhllmryne82,ded6a070646f5c2,1024,0/0
/spttest/fm7i5jph9xz3,1c86af708308393f,1024,0/0
/spttest/jpygx39ocba7,2405d6f3eeeb101f,1024,0/0
/spttest/j26obv28ijmh,22d10ec0278f33d9,1024,0/0
/spttest/rcjuhr0kyaxp,31f49ddb8ecbefdd,1024,0/0
/spttest/fg1i7li9cbst,1c3695d5f50507bd,1024,0/0
/spttest/bx9svhjy2qct,15c7f0899bad4fed,1024,0/0
/spttest/5gogv3u76h95,9faba6d2eae2bd9,1024,0/0
/spttest/wribq81yfos,1a9952d8d59a4ec,1024,0/0
/spttest/eg4piw6p4q3l,1a642076be0f6e21,1024,0/0
/spttest/quc4xd914cy4,3108070fbefa8f8c,1024,0/0
/spttest/3bcunfgey5oc,60e5c9cf9110f3c,1024,0/0
/spttest/gb8q1cqw3eb6,1dcbdb7412283332,1024,0/0
/spttest/s6heszdx976t,33796a9231eed1a5,1024,0/0
/spttest/i277c0qwwa2x,20fda244fccdc309,1024,0/0
/spttest/9ppk9ef2y222,11be7bca61063cea,1024,0/0
/spttest/d839ox0m1gp1,1828142d1b20f0c5,1024,0/0
/spttest/1wjkzaubutbn,37a5649322872f3,1024,0/0
/spttest/c3hl1qxo5uy0,1618aef19b8947e8,1024,0/0
/spttest/7tk0uxgsj306,e4936b5dd9201f6,1024,0/0
/spttest/p3qxjjtzoi7f,2ddb0a77443cf92b,1024,0/0
/spttest/4tzonw6a2yhv,8d40595a64ffd23,1024,0/0
/spttest/fk5nugjdku32,1c6c0acb435dae4e,1024,0/0
/spttest/bmzvbw1jrn1t,15427696a1ef0471,1024,0/0
/spttest/zm234zdf1bf5,410d03eabb1ee311,1024,0/0
/spttest/1nn14xoimam9,306ad88c1a3a141,1024,0/0
/spttest/3aj233tlgq6x,6039ca4ca10a199,1024,0/0
/spttest/n57qd3x14uw2,2a46dd141b38aa62,1024,0/0
/spttest/2j07ooscjf2a,49e1a152061cf02,1024,0/0
/spttest/x2zomkdybxly,3c6e1f959eb4f4e6,1024,0/0
/spttest/kl6n5uf7o4vr,259b74e0468e51b7,1024,0/0
/spttest/hvrbiafgvtpu,20a9f78c129e7432,1024,0/0
/spttest/j5wiqamsyr3r,230159baa15b91b7,1024,0/0
/spttest/8ckpe49qgp3i,f404188e522c10e,1024,0/0
/spttest/eddxq2y6o5ad,1a407d0be0ca5ec5,1024,0/0
/spttest/jxx5f5siphxo,246d47230e43790c,1024,0/0
/spttest/ym7yadvopr2j,3f3b8470b413994b,1024,0/0
/spttest/4wxahrwxxe3h,8fa2042dfd0f69d,1024,0/0
/spttest/5vli7da68vqu,abc7f9cca2810b6,1024,0/0
/spttest/9lvxay37gmgd,118cd27040eac8ad,1024,0/0
/spttest/mtxzdzocu3lh,29b476ba1e07c9b5,1024,0/0
/spttest/can8f0j4vb5k,1675a58a69e0ba38,1024,0/0
/spttest/668iil1t83eg,b46b172de667438,1024,0/0
/spttest/npjsc481t6bp,2b4effb16582c645,1024,0/0
/spttest/rxskflsvjiin,330889c0a098637f,1024,0/0
/spttest/1v6mxy3904vu,368ad46ef5b0dba,1024,0/0
/spttest/98o3zvkw8vq6,10e124539bb7f29e,1024,0/0
/spttest/sb9e8d1hbbln,33b77870697e347b,1024,0/0
/spttest/e60sxd7bw8f7,19e0d32704c169a3,1024,0/0
/spttest/9ffchtgoxy5a,1138e79d4fe8931e,1024,0/0
/spttest/sqn8evf9dgsh,347f4d83c82e4b41,1024,0/0
/spttest/wmwncwvsjhvc,3b9d331e47995938,1024,0/0
/spttest/j51pv0du05cy,22f63c9c2d520d22,1024,0/0
/spttest/d3zwiwezmhzr,17f2e842b2047f97,1024,0/0
/spttest/e9spaf4mdwuq,1a11dbe68de1bd92,1024,0/0
/spttest/5wc4n4yee57s,ac61ac204e2a7e8,1024,0/0
/spttest/8msgmochwhy,70232eb0c30ac6,1024,0/0
/spttest/vau6oblhbhy2,392cd340e795049a,1024,0/0
/spttest/ywujk9c979zz,3fc58fb1afcb175f,1024,0/0
/spttest/blyjpzcz7jkl,1534ff2dab4481d5,1024,0/0
/spttest/41w8ezdp9hq6,767139a8f407efe,1024,0/0
/spttest/ixqwm8f1yxx6,22976918e4ac1d3a,1024,0/0
/spttest/uaubn3im1zrg,375942c0be6cb94c,1024,0/0
/spttest/dsqe4xuq2beh,1934352f7e0b4839,1024,0/0
/spttest/q2tgc2mhbvkx,2fa29367a4b35da1,1024,0/0
/spttest/u4uw8te3hjtf,370b88137e7d2993,1024,0/0
/spttest/spsixg390npc,34743914b6604d00,1024,0/0
/spttest/i9mmqe9oojzp,215e201a00abb735,1024,0/0
/spttest/26msnebgotnc,3fd63a2c6cf6818,1024,0/0
/spttest/hxftprcqvx4v,20bfcc5bb594b37f,1024,0/0
/spttest/7nrwerp02r7l,dfe1eb378862a41,1024,0/0
/spttest/1lvufr2v97r9,2efe125360cc685,1024,0/0
/spttest/p9tks02rf08o,2e29ee5bae3af1f8,1024,0/0
/spttest/lmyd5vygucy,1190eaae33bcbb2,1024,0/0
/spttest/csksaq9qbdfq,175e92113fd456c6,1024,0/0
/spttest/7ggq748tr9ns,d9f29e9ca79c6a8,1024,0/0
/spttest/w5vpu8ow1niq,3ac00bc08fbdad52,1024,0/0
/spttest/p7iya10fvyfw,2e0c1e6f16debf1c,1024,0/0
/spttest/j5lirtlpla05,22fd61c984eae2e5,1024,0/0
/spttest/u78a94orom0z,372a5751f2ab6083,1024,0/0
/spttest/6qz9owps4mtg,c5421e26ff7ec84,1024,0/0
/spttest/conqhherbim1,172bad7eb6f975f9,1024,0/0
/spttest/r3w8hlti1n2v,31842ee06e39a117,1024,0/0
/spttest/ida2j4c05zrf,218d8ce014f8f44b,1024,0/0
/spttest/t2cxd5t90su5,3517749147e15efd,1024,0/0
/spttest/nnus7vwleg8m,2b38fcedb933aeb6,1024,0/0
/spttest/jk9zl6lbpxmc,23bc0f5d47b87574,1024,0/0
/spttest/45rn6y1odyu6,79960b412944d9e,1024,0/0
/spttest/3b7nbzq10dkd,60c7bff0fbd7dad,1024,0/0
/spttest/cxt3pe5h2yx,a811e794059649,1024,0/0
/spttest/4txwpaptvgnm,8d3617973d68712,1024,0/0
/spttest/9uefthxso1mc,11fb6aa083922e34,1024,0/0
/spttest/c9se09dnjpcn,166a8477e2fb6217,1024,0/0
/spttest/dkm0hm3wefft,18cab6a418d3f1a9,1024,0/0
/spttest/ez3s56n49h9k,1b5a96b1975b9fa8,1024,0/0
/spttest/8yvmubll790y,1061f6b0e4220272,1024,0/0
/spttest/fakux2ufj0nk,1befa1e5c49f9110,1024,0/0
/spttest/fn72sptdo8b8,1c93854b86889114,1024,0/0
/spttest/b1edbbtqk6tt,1429ee3d6604bd91,1024,0/0
/spttest/b19o29cke4u4,14283bf9d4ea63fc,1024,0/0
/spttest/kojv7asjkbjq,25c732103974ba76,1024,0/0
/spttest/f71x6lhqo0p2,1bc1d4f0cf872786,1024,0/0
/spttest/lpds7dgzl7lo,27a59aa92fc1ecbc,1024,0/0
/spttest/dk3x1ambe3v2,18c42f26f60fee0e,1024,0/0
/spttest/xs2w5fouv2x1,3db40369ac878e85,1024,0/0
/spttest/ci3t50xv3lp2,16d68d66344c7396,1024,0/0
/spttest/etdv3p0stz97,1b104a6d4d2943bb,1024,0/0
/spttest/xh8d5z52j97n,3d271b1639799b63,1024,0/0
/spttest/fisu46h656y1,1c5a6cd66e43bc69,1024,0/0
/spttest/8sq78bnl6g9f,10121141375a38d3,1024,0/0
/spttest/1ie66m6t4ggt,2c288e29509215d,1024,0/0
/spttest/hilkexv14p9n,1fff07da840765eb,1024,0/0
/spttest/8pbvs2vqb31f,fe5eef2a4243a23,1024,0/0
/spttest/4m2yoayutz9n,86d4a5295369dcb,1024,0/0
/spttest/t7cd3br8qhc3,355832d5a2ac9e43,1024,0/0
/spttest/ooeroh81xntx,2d13d0270adfc7e5,1024,0/0
/spttest/41mt5tj6p9xe,763ad2657a70082,1024,0/0
/spttest/k9avvqav317q,25011da3b44f6fe6,1024,0/0
/spttest/urawmphpba01,382f129b2e47b461,1024,0/0
/spttest/kxi2ra7461ni,263b7405afa6adde,1024,0/0
/spttest/hkk6vuyofzmc,20188348a01fe214,1024,0/0
/spttest/r5j5zl7jjhj0,3199722ff43f5e7c,1024,0/0
/spttest/rfbqxbrabg5g,3218a9876609ac84,1024,0/0
/spttest/p0nnf3h7walu,2db2e39d9ba538b2,1024,0/0
/spttest/2uj5ip4yad7,24feb43a8a50fb,1024,0/0
/spttest/wdmo0k82dvg,1a4932952238abc,1024,0/0
/spttest/oauhp8dxztif,2c63a2d89a175527,1024,0/0
/spttest/9ro3at55a29,7ee311318ddb31,1024,0/0
/spttest/3bs2wxbq0j6s,613db57048ad724,1024,0/0
/spttest/ehi5vf06jxsb,1a75f873ea20a7cb,1024,0/0
/spttest/a9n20euyr0af,12c15d5d2cdab437,1024,0/0
/spttest/ptfjctclh40m,2f28a6b06c74e396,1024,0/0
/spttest/mu10b7xnit9f,29b58e3337942fa3,1024,0/0
/spttest/q925onsx55qf,2ff3a6eed7d8cd47,1024,0/0
/spttest/pvhx7okxaqon,2f437d7e895c7697,1024,0/0
/spttest/acd1e124qjxh,12e4b7db3eea4365,1024,0/0
/spttest/sr7mm6a86mg7,3486a9522db20727,1024,0/0
/spttest/kaljk1ugxfbw,2511f353365423dc,1024,0/0
/spttest/3enp9wgsejcq,6393ea41769757a,1024,0/0
/spttest/757tp4ro5jsb,d0d11c19dd3d76b,1024,0/0
/spttest/3tfdpkcz85dx,6f914df7a610045,1024,0/0
/spttest/5urnkabvd3p6,ab1ba50965f7efa,1024,0/0
/spttest/4tux661099gd,8d24d9270ba1c1d,1024,0/0
/spttest/aldzxrxpidrr,1359f7cfa0d0e337,1024,0/0
/spttest/za7regee7n19,407330ee6d30b65d,1024,0/0
/spttest/ulo572kppv8e,37e5e9d49faed35e,1024,0/0
/spttest/kr35xs1h4zpt,25e8231e563ee2d1,1024,0/0
/spttest/jqhddw6psul5,240ca8e249715ad9,1024,0/0
/spttest/15vmlo2nldds,21ff8eede38b600,1024,0/0
/spttest/fl3howy1so35,1c783f863e3cd1f1,1024,0/0
/spttest/lhli6yweqg2a,274079ddc539c1d2,1024,0/0
/spttest/odv281ktzor6,2c8acf45cd748512,1024,0/0
/spttest/u8b949xoaue0,373866c512638458,1024,0/0
/spttest/c5xsafr3mr5a,163881edcd9cd1ee,1024,0/0
/spttest/nczht8lpddgg,2aabce3e771c7260,1024,0/0
/spttest/wf42kvkvhg3a,3b37f6b24dbdaab6,1024,0/0
/spttest/w2z5ksuwijna,3a9a51776bf44bf6,1024,0/0
/spttest/9g99nxrdjp21,1143b3668b104e99,1024,0/0
/spttest/dyf7if5mjvgs,197e1bacef5ca00c,1024,0/0
/spttest/ezldfei44bwl,1b60ef9047b2c145,1024,0/0
/spttest/y0ypnn77qfuk,3e27689670c3e5bc,1024,0/0
/spttest/g5inqyh90j7z,1d8181b910cd8e4f,1024,0/0
/spttest/wriz4roz6c3h,3bd936749bbf95bd,1024,0/0
/spttest/xqtxodorarte,3da3cac20319d652,1024,0/0
/spttest/n7733t7vq0kq,2a609bea9496106a,1024,0/0
/spttest/fhynpyxgy9wj,1c4f89620524faa3,1024,0/0
/spttest/qtk717whjqos,30fdf2282314eedc,1024,0/0
/spttest/jqxuv93valdr,24129ba1a03545bf,1024,0/0
/spttest/lucujuqm6p3s,27e63698e93de298,1024,0/0
/spttest/1m6x119zk6f8,2f3dfd830757484,1024,0/0
/spttest/165jt63xkzfe,2238d73e7fb3d5a,1024,0/0
/spttest/927ftotu2hoe,108d30dfdfc8f7fe,1024,0/0
/spttest/k79kfpgncsui,24e6a9646277240a,1024,0/0
/spttest/hvalr3ib3nzr,20a3ef929796ff37,1024,0/0
/spttest/pzmyism41ndy,2f7943b85d6208a6,1024,0/0
/spttest/15tis3afjibm,21f3664265aea82,1024,0/0
/spttest/lff37dnzsr5h,27242eaf9350c775,1024,0/0
/spttest/hoo9eijosbot,204df03ea6f50e2d,1024,0/0
/spttest/9hfhvwyxa6fa,1152eff62d678806,1024,0/0
/spttest/fhie1yxgwb32,1c49aab03cc4941e,1024,0/0
/spttest/cj3k3he5rcp2,16e3737435036606,1024,0/0
/spttest/z1cvse1m6yz,1c71d68a9cde5cb,1024,0/0
/spttest/8doqqbryvar0,f4eb3b34a5f262c,1024,0/0
/spttest/hm8kpnpyzzgh,202e4cdb754db441,1024,0/0
/spttest/bb2f1ffkpqyi,14a782d070b9b4ba,1024,0/0
/spttest/e9fhqoncdsii,1a0d17bf121b199a,1024,0/0
/spttest/rz58h9cbej2p,331a191ff289c311,1024,0/0
/spttest/grmvcx9rfltx,1ea0ca5eb9e1eb45,1024,0/0
/spttest/142r17vgm1i1,208905e651e4d19,1024,0/0
/spttest/maf2pbdkq7tx,28b6d85b67958225,1024,0/0
/spttest/goj9348rj308,1e78845953a2b0f8,1024,0/0
/spttest/yrnginbpinx3,3f820f054179fe97,1024,0/0
/spttest/oxd61ffbr72o,2d8823920fb71390,1024,0/0
/spttest/eqe0mbass6qq,1ae960d00c534522,1024,0/0
/spttest/7vsieojvsdnp,e66413228ebdf25,1024,0/0
/spttest/28kvz3ag8zfu,416adf18ff9cd6a,1024,0/0
/spttest/b171xdo3x9jo,14274a71c14b0194,1024,0/0
/spttest/dbctkyqrhngj,18527e4b6a2f5403,1024,0/0
/spttest/xi6p3z75w6wp,3d337e41091c7bf9,1024,0/0
/spttest/e8wwazqdr2rk,1a06621e3d82cbc0,1024,0/0
/spttest/vtskh24qnlko,3a2309cc5aea16f8,1024,0/0
/spttest/vauz6nf55uk9,392d1c66dc6edaf9,1024,0/0
/spttest/bpb06mjaxx3m,1560759b350f7bd2,1024,0/0
/spttest/vitbat7mdkkk,39946cce1c8a4b64,1024,0/0
/spttest/t4xy4bj9u74a,353904bfedeb048a,1024,0/0
/spttest/dqdy6u6dx6y4,1915bd55faf4066c,1024,0/0
/spttest/q3r6nydu0dpb,2faebf1d3735575f,1024,0/0
/spttest/6vezjzrsgird,c8dc2cb90119af9,1024,0/0
/spttest/5hdn145pi2yu,a03cf749d684c86,1024,0/0
/spttest/948oc9aoue93,10a79d9b1c61b3a7,1024,0/0
/spttest/mvwlgujyh540,29cdf127a97aa220,1024,0/0
/spttest/gthj6js2jlu6,1eb8d7cc6b95d74e,1024,0/0
/spttest/usekhtvgt4i5,383d6232e31bb80d,1024,0/0
/spttest/i85067jnlgc2,214ac6b2def9d8f2,1024,0/0
/spttest/kozex1fp35vv,25ccce2be4f1e58b,1024,0/0
/spttest/b3x52pwyi7l3,144aae9c2e06e8e7,1024,0/0
/spttest/1ngkmeke6jvl,30458f39310a821,1024,0/0
/spttest/tilm8ka70hg3,35ea6b7022876753,1024,0/0
/spttest/er39ucnu6cbk,1af27daf05cf5de0,1024,0/0
/spttest/fleyqw2glqzs,1c7c63558dfd53e8,1024,0/0
/spttest/k5y291zy1i36,24d5856d30b62fd2,1024,0/0
/spttest/e9nr7qw4ibk7,1a1013001c6a6f07,1024,0/0
/spttest/gl05sr4j1vbr,1e4aa925665d87d7,1024,0/0
/spttest/bqtb6s8tu3tg,15740db9ef2c0bd4,1024,0/0
/spttest/muna4i1nru3v,29bd977af90a0c2b,1024,0/0
/spttest/ubuxawkijod9,376677967f49a41d,1024,0/0
/spttest/gzzz2gmehtbb,1f0d6eba7d6a14a7,1024,0/0
/spttest/5ue7a2afmj4o,aacdfbf17a68158,1024,0/0
/spttest/mtc8cj2bey5h,29ac9d9d13fb0765,1024,0/0
/spttest/w8ehzvghf53u,3ae0cd232db7689a,1024,0/0
/spttest/t1u3y1enf2kz,3510aa741e5bb9d3,1024,0/0
/spttest/xl6yroreo119,3d5a8ece602b753d,1024,0/0
/spttest/8w8nkvi1gw13,103fb199b47c1f27,1024,0/0
/spttest/aqdvwkz52nxg,139adfbf1b2eb6a4,1024,0/0
/spttest/efhk71tz8e4n,1a5bc6523dc66087,1024,0/0
/spttest/p9e9qlgpe7e4,2e246882ba84e5ec,1024,0/0
/spttest/l7nf2bynyyu9,26bf4601f39d53e1,1024,0/0
/spttest/wibetpgm8ofh,3b6194768ff413ad,1024,0/0
/spttest/q3i259nzwr1o,2fab74347945dfec,1024,0/0
/spttest/va7sdsarqtd7,3924be7af4787a2b,1024,0/0
/spttest/9gol3q1qm1bx,11493a45dd3c0e3d,1024,0/0
/spttest/oaxjpdq1j73f,2c64bd17cc5b03ab,1024,0/0
/spttest/kk0ddxxttv05,258c34544562f335,1024,0/0
/spttest/e99v6ghv4aln,1a0b10042dbbf1ab,1024,0/0
/spttest/g68xcpdw1xf8,1d8afbf073046374,1024,0/0
/spttest/6hi7e7md0hrw,bd9126b7bd78efc,1024,0/0
/spttest/p2yrpkcgwn4v,2dd0e13064957d1f,1024,0/0
/spttest/4gby7cvlrm8k,82298e3781e3a54,1024,0/0
/spttest/8439lb8c0oxc,ed20cae506f1a30,1024,0/0
/spttest/nbgu4y4cbxqh,2a98159d55cdbb89,1024,0/0
/spttest/5iysitmganrg,a186e894b750ecc,1024,0/0
/spttest/l08b922tgnyx,265ee5e72fa1c259,1024,0/0
/spttest/quhqgmdc1yrm,310a0c280abca642,1024,0/0
/spttest/65t2s6gf6rvf,b411f8e6c5ee19b,1024,0/0
/spttest/91h5h0yd8hz5,1083b4bd65984201,1024,0/0
/spttest/5jl6qf4dpny1,a2083199f787279,1024,0/0
/spttest/4arn1bcphy2d,7da5295f5241fb5,1024,0/0
/spttest/1qhc6ysi579j,32b97769ba09607,1024,0/0
/spttest/rmkqq3ufjfmj,3276d52029072cdb,1024,0/0
/spttest/81q5ax0ombhp,eb3566055c38bad,1024,0/0
/spttest/ciafi4eawk0x,16d8f0fd44802f61,1024,0/0
/spttest/hebj4gp5njhe,1fc773d4ed93eb62,1024,0/0
/spttest/qt0jntuurx2f,30f6db315af38627,1024,0/0
/spttest/wb93an396t8f,3b05d158d84b5e7f,1024,0/0
/spttest/9ts3jalr71m1,11f35b024f20d2e9,1024,0/0
/spttest/m2ft1gfnerhm,284f31e0fe4fd5aa,1024,0/0
/spttest/8jqr5043x9a1,f9d5d05f0d96039,1024,0/0
/spttest/eyodnlijuvr0,1b5507fee2cd873c,1024,0/0
/spttest/9xb1ikbfznff,122128979ae99c5b,1024,0/0
/spttest/7n3551ylrndr,df52fe508aefc1f,1024,0/0
/spttest/fa0tbewrwffs,1be8666c3cdc3128,1024,0/0
/spttest/pmfncsl89ce9,2ecdc4275766e301,1024,0/0
/spttest/7hl5j5rnqptn,dadbffcecf2d83b,1024,0/0
/spttest/4k9gbfitckji,855a749022267fe,1024,0/0
/spttest/5dpm65gm8136,9d42ca402fe9d82,1024,0/0
/spttest/3ghys275afcc,6512754cf552d2c,1024,0/0
/spttest/hnwx5w9nb92q,204412e6038f7db2,1024,0/0
/spttest/56w0ugtre2hp,97b8fb4ff5f131d,1024,0/0
/spttest/w6upwpur2ef,1a2213eb33a66e7,1024,0/0
/spttest/zorepmkzew1l,41302154da5a0cb9,1024,0/0
/spttest/po0aq7vm41bp,2ee234bebf0681b5,1024,0/0
/spttest/n7t5n686zu0o,2a689287768388b8,1024,0/0
/spttest/op5tddm1w6ey,2d1d926f7c18b17a,1024,0/0
/spttest/p7w8slgcyn7p,2e10ea33ca29c605,1024,0/0
/spttest/9c0mlvgzt55o,110ca0448034325c,1024,0/0
/spttest/xw0gt8l8meyk,3de71858de02313c,1024,0/0
/spttest/42thgzsrfkjw,77312fdbe3130cc,1024,0/0
/spttest/ctuze9qkavgv,176f3d38298709cf,1024,0/0
/spttest/nskznqa1vnbt,2b76669e99ccf0d9,1024,0/0
/spttest/qxayms0iws6h,312e9250617de8a9,1024,0/0
/spttest/u38x1m0su564,36f69cc5375db1ac,1024,0/0
/spttest/58u7vrnh682q,994e389856c4b62,1024,0/0
/spttest/76menmwi07em,d1f51f17a4b177e,1024,0/0
/spttest/ia6a9chznf1k,216537763e1d92e8,1024,0/0
/spttest/3tdq4nm5mek,3191aaad3c52ac,1024,0/0
/spttest/tbgp8tbquo34,358db883d4750b70,1024,0/0
/spttest/v2mpsogwiqk4,38c23750717536f4,1024,0/0
/spttest/530g7lc4e5xi,949339346f05986,1024,0/0
/spttest/12dj19lcy3km,1f2796210981696,1024,0/0
/spttest/tz3rksw686fv,36c0cbe013edd89b,1024,0/0
/spttest/dqf5cnvst1gw,19162c146b7294b0,1024,0/0
/spttest/ipqmx1t8zibc,222f66280e1e3378,1024,0/0
/spttest/m5nevdaoocbv,2878e83d7cba646b,1024,0/0
/spttest/ou8g0qfx3y23,2d5f779149d7cc2b,1024,0/0
/spttest/lxrw4255nqau,28129be5a2c95de6,1024,0/0
/spttest/guvnuk522btb,1ecaee2f5d45de4f,1024,0/0
/spttest/llhqnp7okoy5,2773132392de9f4d,1024,0/0
/spttest/r05s09j2165f,3153ab3e61f5d363,1024,0/0
/spttest/ypjx689y2xnn,3f66cdc473243ce3,1024,0/0
/spttest/3mea4ldlyc1x,69dc283fbd44a85,1024,0/0
/spttest/v364qaq68qf8,38c938a0bb29c5c4,1024,0/0
/spttest/gudsnt90njll,1ec47be79aed16f9,1024,0/0
/spttest/srel6cv91l80,34892c34a2c8e6b0,1024,0/0
/spttest/zqdyqj3s0u8x,41454211d134d121,1024,0/0
/spttest/n8o363ynr2yj,2a73bb98d4c036bb,1024,0/0
/spttest/wnf11h9o1pmx,3ba3d4da4c336409,1024,0/0
/spttest/8pzdpjt8v4gh,fee696bd5133451,1024,0/0
/spttest/qady8mtvob7c,3004e5817fa3c1b8,1024,0/0
/spttest/6hgkpk5jdtm8,bd87bd8ed7b7e30,1024,0/0
/spttest/9aeox27bnlx3,10f7b8d6a17995b7,1024,0/0
/spttest/w7lzdimaumdi,3ad6830c925f8ec6,1024,0/0
/spttest/c4a3wihusumd,1622f9a1a3fc6c05,1024,0/0
/spttest/1ww7o9e47kqo,37ee4ee56f570c0,1024,0/0
/spttest/skypdk0f6hvs,3435818cae1c8f08,1024,0/0
/spttest/gcyv0oox4o3f,1de24710d420f3fb,1024,0/0
/spttest/904wm8gf41m,74f3e5ff41523a,1024,0/0
/spttest/7j8p5pnfw4nh,dc33c1250e4da8d,1024,0/0
/spttest/t7ephipq4pcs,35590b5f3aea175c,1024,0/0
/spttest/4v4a6k54ajyp,8e2ab86ad9ffb91,1024,0/0
/spttest/2l3sw1dv4z9e,4b9601b24d76e82,1024,0/0
/spttest/usmfppy5s6cc,384038e0d1a1cc1c,1024,0/0
/spttest/hn18n97mc83b,2038a4935b0255f7,1024,0/0
/spttest/l8t7h48ghbh0,26ce5a0055d50454,1024,0/0
/spttest/9teastk7un6z,11ee607e3b63d7eb,1024,0/0
/spttest/5rs37eqykaio,a8aeaadeb541c40,1024,0/0
/spttest/1sj38avrnu3p,34633b766566f25,1024,0/0
/spttest/fpnlidn8vjgw,1cb375b6a4fd8850,1024,0/0
/spttest/pqpxh0eeiht6,2f056ed2487030aa,1024,0/0
/spttest/6mg6teq6opao,c194a7c00a62410,1024,0/0
/spttest/utf6pqbs7m47,384a98774685f3b7,1024,0/0
/spttest/enk8k8u49lce,1ac4a7a17caa104e,1024,0/0
/spttest/6s7ed5htc1e,581cd5e3c01732,1024,0/0
/spttest/stbujlnafig8,34a229a67b152128,1024,0/0
/spttest/3okhw1irsrew,6b9fb27bf900cc8,1024,0/0
/spttest/2p1h97emj2uk,4ec7e8ba645132c,1024,0/0
/spttest/rgnyh36qpapz,322a0e92d0e9a487,1024,0/0
/spttest/dg02bvt5gksd,188ed63c6382363d,1024,0/0
/spttest/ptftxg2zjbv6,2f28c1d143e44dd2,1024,0/0
/spttest/1sro2c7eg355,3494c1e6a41fde9,1024,0/0
/spttest/t9wz1li9ub0j,35799d096e995443,1024,0/0
/spttest/pp0nxo0osa2x,2eef53e34cb1fa09,1024,0/0
/spttest/vai5bz81fxqq,39287b639ad30992,1024,0/0
/spttest/v0k43fsajpnh,38a74c624258f29d,1024,0/0
/spttest/37twrfw4e65q,5e08f438ecbcaae,1024,0/0
/spttest/hyamo49bxci,e9312881beb692,1024,0/0
/spttest/sr0tyl6wv2m1,34843596ad27e6f9,1024,0/0
/spttest/420zpqk5bza1,768cb1e92bc5c59,1024,0/0
/spttest/fpypktvhl4do,1cb77833b1ef666c,1024,0/0
/spttest/prsgjuiadcor,2f1355c445bbf37b,1024,0/0
/spttest/9ruf3jw2xg5w,11da36e6455f8214,1024,0/0
/spttest/fgekhm8i6ms6,1c3b4c77f9a0cad6,1024,0/0
/spttest/qsjds9ha9vkr,30f0a9da9e8bc61b,1024,0/0
/spttest/zulp5vdk2jkl,417c017a5d43e795,1024,0/0
/spttest/6xibdm5tvw8x,ca8f0bf899ac601,1024,0/0
/spttest/8guwz3ndbb6b,f77e5b33731e653,1024,0/0
/spttest/lwfqcp8ydfya,28013b714d4fa402,1024,0/0
/spttest/k1yiso25dwmq,24a1bad99961d372,1024,0/0
/spttest/udyzywovz5bm,3781ea6aa91464b2,1024,0/0
/spttest/m4bsh9980bzm,2867b97acf1ed8b2,1024,0/0
/spttest/rz4hjkh6hksm,3319d40361282d86,1024,0/0
/spttest/vsk4zjr8l64a,3a1301dc5f10563a,1024,0/0
/spttest/d6rkp8bf808w,1816debf1e57ee40,1024,0/0
/spttest/qmns2en9f2o8,30a4506e353d8048,1024,0/0
/spttest/bbwrgzi7q83h,14b275c27d73ca7d,1024,0/0
/spttest/i9n0gghvffze,215e4350728b61aa,1024,0/0
/spttest/x5zct5fh48z,1aece075b48a2c3,1024,0/0
/spttest/nh0lspjo10b3,2ae029dd54fe8bcf,1024,0/0
/spttest/37xgf5a6152m,5e1d6cedc4a0dee,1024,0/0
/spttest/hb989nwx0aun,1f9fa778dad927ef,1024,0/0
/spttest/3y0tl85sebj0,734c660544dc1dc,1024,0/0
/spttest/u5v2lqz5tmxj,371895a63b0a8a57,1024,0/0
/spttest/28synz2wjaf,1d27c5a679c7a7,1024,0/0
/spttest/qj1gbtf16ce0,30754a70b4435138,1024,0/0
/spttest/kqb2c9olxv79,25ddff93ca824135,1024,0/0
/spttest/8xgn7zoe60uq,104f90e2834467d2,1024,0/0
/spttest/rfupqbxkcno1,321f81760f01ead1,1024,0/0
/spttest/plye1n81efew,2ec78a01c2e7b688,1024,0/0
/spttest/bivohku7xi4v,150cfe8891edf90f,1024,0/0
/spttest/xirydea6tpze,3d3b29c0214376ca,1024,0/0
/spttest/utg5zo0yfnrb,384af2f9fe93c807,1024,0/0
/spttest/8ucnkwirpilj,1027288fdb4bad67,1024,0/0
/spttest/fdprcreq3f14,1c185e5d0e9270d8,1024,0/0
/spttest/9wydc5e8odmu,121c962325ceab06,1024,0/0
/spttest/6pnzluiemvew,c4312b37b24be88,1024,0/0
/spttest/3vkjark35hmc,714eb91488dcb74,1024,0/0
/spttest/lacmg2eulfdt,26e258aaa20d3721,1024,0/0
/spttest/4u9fiduyw0e8,8d789c845e4b400,1024,0/0
/spttest/o6lcbiyco93v,2c2c60b2fe2a781b,1024,0/0
/spttest/i1g97lp7t4ws,20f3e924c4bb391c,1024,0/0
/spttest/i9kvemfj3uqo,215d7d9e384b2d60,1024,0/0
/spttest/lqxfvrk2cgk,11a7dc4bbd33b94,1024,0/0
/spttest/1n6cc5qjggs1,300a8033761a3f1,1024,0/0
/spttest/t0pji007nthj,35020743dbfbdc07,1024,0/0
/spttest/ags3307s8lbc,131e1ac0bddbf5e8,1024,0/0
/spttest/5zhfb3vsaby8,aeefbbc4bfbc300,1024,0/0
/spttest/2f63xibvcyc1,46c45a16de923d1,1024,0/0
/spttest/5ekuwaet8x7z,9df7272012f2f2f,1024,0/0
/spttest/m2a2rzdxko9a,284d20a6ee50bcce,1024,0/0
/spttest/y63s2m1rpf65,3e6a2ee92ff0980d,1024,0/0
/spttest/5olz66xq9pm0,a61be598fd747e8,1024,0/0
/spttest/nwpddyueuqg2,2babf0583ad64762,1024,0/0
/spttest/n7m2e8h5mcds,2a66039dfabef130,1024,0/0
/spttest/wonntkqhoyx4,3bb3ef8150279fc8,1024,0/0
/spttest/qfcaxourop8m,30453fa0d41e88c6,1024,0/0
/spttest/1mjs4saj7f6y,2f88411ecbd63aa,1024,0/0
/spttest/x6bn3kg7t7w8,3c9967da8dfd7438,1024,0/0
/spttest/r6sapphudfxv,31a9bae2074623f3,1024,0/0
/spttest/5vz865bl0i7t,ac17305e1d46d39,1024,0/0
/spttest/rk2968lzcnzs,32562ef30ff87b78,1024,0/0
/spttest/pw273p6dwnqv,2f4ace3baa969537,1024,0/0
/spttest/n0300z2izh8q,2a0435bf25670c0a,1024,0/0
/spttest/ku5b1a2eum9h,260fe0b41f65c235,1024,0/0
/spttest/utlanm49ju9g,384cccc9a29078f4,1024,0/0
/spttest/16exjckgluep,226effced2aed31,1024,0/0
/spttest/3zuer050ebkk,74c709af3362614,1024,0/0
/spttest/wyfmw06qs5eg,3c32eebbdce83c58,1024,0/0
/spttest/an6ruwodtnhr,137157041f72292f,1024,0/0
/spttest/s04i39rkmqvd,3326d2ac95d46189,1024,0/0
/spttest/7mwuex461qvx,df2ea2a2a0c245d,1024,0/0
/spttest/ghfbaosuvg0v,1e1c2bc0019030df,1024,0/0
/spttest/y1ciikometwv,3e2c636bd51d84ef,1024,0/0
/spttest/jyss377t0xpw,2478b0b68ae293b4,1024,0/0
/spttest/4b0i9hy2cxav,7dd85a77d888d97,1024,0/0
/spttest/d98zyiwvx9d4,183722ab594d4ca8,1024,0/0
/spttest/klmfvuxk28c8,25a128188375eeb8,1024,0/0
/spttest/6i9wa4z7z6wc,be31037799fa0ac,1024,0/0
/spttest/ipxhyxz3au7g,2231e00a49a3966c,1024,0/0
/spttest/bh2s4ngu2eab,14f593f0848442d3,1024,0/0
/spttest/wgk9a4ktd7yc,3b4acb0a17c93684,1024,0/0
/spttest/lnjyu16emt58,278ddb5dd2df730c,1024,0/0
/spttest/2zjmgzli3xnz,574ef1ff374c32f,1024,0/0
/spttest/qc40605ifxg1,301b4947f0e35d11,1024,0/0
/spttest/4gbsjzy8d2h4,8228a6510a60dc8,1024,0/0
/spttest/poxxnx2lnvpi,2eee57bf07be4d46,1024,0/0
/spttest/6v323zca04bg,c8974eeb257ffdc,1024,0/0
/spttest/vijv8agcnugy,399104423ac26602,1024,0/0
/spttest/9lov6cwyya8d,118a4666f7cd8a4d,1024,0/0
/spttest/tvv28as85rmv,3696b01f9a31b327,1024,0/0
/spttest/4g2pa4izeq4n,81f42adf9b6c6c7,1024,0/0
/spttest/ibnn4j4ngb7m,217877fd9eadd3c2,1024,0/0
/spttest/rm613kk6lgyy,327186382e7edf2a,1024,0/0
/spttest/fcudi43jpife,1c0d0b68926ac88a,1024,0/0
/spttest/h24gw0glkmmk,1f2908707c9b248c,1024,0/0
/spttest/1t7xjv7omuq6,34f2a5a1cc0890e,1024,0/0
/spttest/u8b9zzb9hgw9,373869078bef14c9,1024,0/0
/spttest/3axysproj0f5,608fdbabd617ce1,1024,0/0
/spttest/mrm81abaflz9,29963dfb32555305,1024,0/0
/spttest/ppdtidgp3i4z,2ef412fad282c793,1024,0/0
/spttest/e02s7h7dhmal,19939a80dd3c041d,1024,0/0
/spttest/mqjkkj4i6uuv,29884bc7e2a7f3b7,1024,0/0
/spttest/2fr08si0fp74,473cfe797fe7550,1024,0/0
/spttest/pmm2t1sjsdfp,2ed016022b0b6605,1024,0/0
/spttest/48w8uhnwcfoo,7c2018191e54668,1024,0/0
/spttest/3xsn6x5ccpp9,731d3041aaf5d1d,1024,0/0
/spttest/fnrjpyk4fm4g,1c9ae814ea69d1c0,1024,0/0
/spttest/tpw6pv77c97,182083c34c48ccb,1024,0/0
/spttest/k08vxv53ge9q,248b7dbe9a25f33e,1024,0/0
/spttest/csux5qh2k1du,17623a39079e4a02,1024,0/0
/spttest/4izb65hwhvrr,8450124124d8f17,1024,0/0
/spttest/a80h1xrzvm64,12ac3a3bafb720fc,1024,0/0
/spttest/h4u1ydbhqkyz,1f4c3e35599cf9ab,1024,0/0
/spttest/36zw0ybpm29q,5d5ba542ac199fe,1024,0/0
/spttest/30dm54b1dv7s,57fc1537e460c48,1024,0/0
/spttest/24awqihb56y6,3df1f304cac216e,1024,0/0
/spttest/iktcw6usgrvq,21ef6f42271b2526,1024,0/0
/spttest/9hanwxdm6veq,11513196530b1e82,1024,0/0
/spttest/ebzqc4qj8yu4,1a2e5fadf4bf3d5c,1024,0/0
/spttest/cdmd385d6o79,169c4cee6e1f6105,1024,0/0
/spttest/y3l6sbx8u7qt,3e497f27a2805eb5,1024,0/0
/spttest/q3ofp9892eds,2fadc131b7084e50,1024,0/0
/spttest/p86v9dz3e57d,2e14bf875f7670d9,1024,0/0
/spttest/quicy9x9ej8w,310a45dca71035f0,1024,0/0
/spttest/jesmzef4h4mz,2374da7a8c7df1bb,1024,0/0
/spttest/8nh4wyr6dvwt,fcdd9b73ff314cd,1024,0/0
/spttest/a8q9m2qqtk1l,12b588b768ecacb9,1024,0/0
/spttest/17f03tq7du5,faa542a3c5fcd,1024,0/0
/spttest/gcgxwwn9hi3u,1ddbcfdd89e2daea,1024,0/0
/spttest/xngtgbc7k98m,3d78175cd06832c6,1024,0/0
/spttest/2zy1otvsob6r,57a235369cc96a3,1024,0/0
/spttest/hfj3oovmey0l,1fd72c6c6a56d5b5,1024,0/0
/spttest/3fbi8logv63x,641d56cf99bf0ad,1024,0/0
/spttest/cyuvxl3l996l,17b0269dd67a47bd,1024,0/0
/spttest/c5bo5vuh2jz3,1630873d6d42ea9f,1024,0/0
/spttest/3vyuc3ryjo70,71a150ac082df3c,1024,0/0
/spttest/vj76xjk79c7d,39996ec072154d09,1024,0/0
/spttest/kzkpnsmzsolb,265662096016067f,1024,0/0
/spttest/qg08trnihnnv,304de30e109a900b,1024,0/0
/spttest/xqd0i0sxn1my,3d9dafbdf09c990a,1024,0/0
/spttest/98b16o8kh5vq,10dc6c53928dec06,1024,0/0
/spttest/1mup0vpgn7iz,2fc74251f1889db,1024,0/0
/spttest/bzmiij6ms9me,15e68141ca507db6,1024,0/0
/spttest/hfxv9halshxt,1fdc8056366c36d1,1024,0/0
/spttest/47f5avdtzw1s,7aed8e4c67d8e00,1024,0/0
/spttest/fip6nj3g1teb,1c591b88807b3713,1024,0/0
/spttest/2enfuzvb4jgy,465893e8a6cb292,1024,0/0
/spttest/do52c2vdpth3,18f88e2519f88a77,1024,0/0
/spttest/e609xvwnxt8h,19e0a27085ac3941,1024,0/0
/spttest/mexdtrzza0jz,28f1688dd051804f,1024,0/0
/spttest/8wb6491ahbhk,104099e6e7e9d268,1024,0/0
/spttest/el6tz8xs4n5p,1aa5d6e9a7204e3d,1024,0/0
/spttest/zuqwvbogebgv,417de31800ab118f,1024,0/0
/spttest/3323qwynaou8,5a291d9654e5b40,1024,0/0
/spttest/mrb8dikuaobi,299246cd5c99a79e,1024,0/0
/spttest/zjyqn7c4sa7y,40f1d43e003d86be,1024,0/0
/spttest/6rjkqw9yibin,c5b759d5b48b0cf,1024,0/0
/spttest/5ie3uznm1txd,a10f7e4e05f8fc1,1024,0/0
/spttest/hi9f6j8u5yfh,1ffaa601b2b0eb8d,1024,0/0
/spttest/rnii9a8eamqc,328303ebadd45f94,1024,0/0
/spttest/j63pjzlcy1ri,2303f1d1567e2d6e,1024,0/0
/spttest/l40jfxz0ed0z,26900d0048287573,1024,0/0
/spttest/7gkzqtgql688,da0b3e1e2fdfcc8,1024,0/0
/spttest/9ab7j2rx70ry,10f6771e60d1ecae,1024,0/0
/spttest/8wn8fbe1o4hj,1044f43db91f35b7,1024,0/0
/spttest/ypa2xw2bp2za,3f6340e2a3e34e56,1024,0/0
/spttest/cp3evb4ickfo,1731559532ea4474,1024,0/0
/spttest/1p0ddf28q1y9,3187af8daad0c61,1024,0/0
/spttest/3z4k2mtufpd3,7431cb0554c8027,1024,0/0
/spttest/in0maqq88rti,220c087a91240ed6,1024,0/0
/spttest/uvwycgereatp,386afc22a321214d,1024,0/0
/spttest/xzjna4pqxbj1,3e14fbb66c69d69d,1024,0/0
/spttest/mi8tht4g0mxz,291c809307892427,1024,0/0
/spttest/w4sgm41kon78,3ab1e1b824028374,1024,0/0
/spttest/r3rhmcwbegan,318278775a93f4ff,1024,0/0
/spttest/tkls9iq0bhk2,3604756a148c35a2,1024,0/0
/spttest/murida3cyxha,29bf1e1af59a35fe,1024,0/0
/spttest/ptfkpfp6n6j3,2f28aa2789ea7acf,1024,0/0
/spttest/1rjhta89zmdh,3395be046660505,1024,0/0
/spttest/gya6couqiftu,1ef72296422932a2,1024,0/0
/spttest/rf1ksc6kn8cv,3214fe18a3dcb60f,1024,0/0
/spttest/rbcbpnpgk4d9,31e4e9d6418c171d,1024,0/0
/spttest/pfl0d7qq9xpo,2e74c6953dfcc4ec,1024,0/0
/spttest/nsbjkp038jdn,2b72fe095537871b,1024,0/0
/spttest/n8tdhsxeh6yi,2a75a3edf1ab2f7a,1024,0/0
/spttest/9jbjspw1cxxc,116b7de7e63de7c0,1024,0/0
/spttest/s0dcbrasq6nv,332a0332d27e183b,1024,0/0
/spttest/7q1ynp5ub490,e1bbaaa39d44c44,1024,0/0
/spttest/2dygoqqkrv6h,45c8628872eb299,1024,0/0
/spttest/1cdxu1m4188l,27483ec24b10bf5,1024,0/0
/spttest/7iyaxwvnmlow,dbf7be98ad1aa50,1024,0/0
/spttest/xk4acyaee450,3d4c9a2f13e06274,1024,0/0
/spttest/txcxak7zk2jf,36aa1f5741c688db,1024,0/0
/spttest/cz9ruqy3r335,17b585acc0ac1361,1024,0/0
/spttest/dcfaknlsx38b,18605fe253c20e9b,1024,0/0
/spttest/xjv6bk8kev30,3d495081eaac48dc,1024,0/0
/spttest/36803lm50jmb,5cbaa784351b053,1024,0/0
/spttest/doqc99c831fq,19003b55b90ab206,1024,0/0
/spttest/8bql86lgavwz,f3563cd226aa413,1024,0/0
/spttest/3ubchh43x0rq,7049d83ab794526,1024,0/0
/spttest/ystatxkv5131,3f9127e573df33bd,1024,0/0
/spttest/h93yvgfpakzk,1f83c70343509dc0,1024,0/0
/spttest/amyd0x50bltg,136e4e030ea38734,1024,0/0
/spttest/pzced2sikw2,1517c1eae736e42,1024,0/0
/spttest/fcl9uavqahba,1c09c2b3299acc26,1024,0/0
/spttest/aljt7eoreudx,135c10bf1a9d8c55,1024,0/0
/spttest/o2heblj21cj5,2bf6ff5601f973b1,1024,0/0
/spttest/7es8su4ddegk,d89572eb90c2774,1024,0/0
/spttest/ozlrgs3xst5u,2da538016ffaefa2,1024,0/0
/spttest/60fkfr8pzeav,afb4d6a814b7c27,1024,0/0
/spttest/j3k0d3gn3up5,22e2dbabfb40e529,1024,0/0
/spttest/5qfxgg8hjqlc,a798a40dfc8de60,1024,0/0
/spttest/b9mrpd8y4kpa,1494e02945ead3ce,1024,0/0
/spttest/pc0un3v0zyr3,2e4688c21da666af,1024,0/0
/spttest/iw6slz95ldiz,22832a31c2cd90bb,1024,0/0
/spttest/yriy7bg3pqbd,3f806e8e51ace479,1024,0/0
/spttest/pr8y80vw4c57,2f0c4bbe4a95127b,1024,0/0
/spttest/nrqokrhi4uug,2b6b77231fc95b28,1024,0/0
/spttest/4ax175oaokj2,7dc44c3ace537ee,1024,0/0
/spttest/t0xyvnzsp1dv,350511abfb9e0b43,1024,0/0
/spttest/hkupia3h822n,201c4ebf88b1797f,1024,0/0
/spttest/5zk09lkd15ez,aefea3ef71f5eab,1024,0/0
/spttest/jelfst86firm,237241788ed0c2c2,1024,0/0
/spttest/tdbhzmghlfw2,35a5d292592854b2,1024,0/0
/spttest/hwcdbcdigafr,20b18feab171bed7,1024,0/0
/spttest/dou0a5fnk2tt,19018e14facd2e51,1024,0/0
/spttest/1z9oqxskm7n0,39dbc0a72f9e42c,1024,0/0
/spttest/7u31c43xs1ee,e5012ee89e5e316,1024,0/0
/spttest/mw6yow5x6m8s,29d1aec41309ab1c,1024,0/0
/spttest/f3a1y9z41f7i,1b90cf187b61033e,1024,0/0
/spttest/afnckxsxp3gg,130f68066eff9ec0,1024,0/0
/spttest/q8at3dbcl9lq,2fe9c8aefcfb4bde,1024,0/0
/spttest/q2vvvaa3f8ax,2fa373ff579d82c9,1024,0/0
/spttest/m8onmrdq73e5,28a052db6bf0eaed,1024,0/0
/spttest/k7kt1lq4x9yy,24eab787975a6cba,1024,0/0
/spttest/7bfh3oy87y1x,d5dc3ecd9bdb825,1024,0/0
/spttest/w8xalxh5574e,3ae7952e02530c4e,1024,0/0
/spttest/nv69u9ay3snr,2b980efd3e088dd7,1024,0/0
/spttest/3jp3mserc29i,67ab221e267c976,1024,0/0
/spttest/jxfndz1dfrzx,2466f69ba91e7c7d,1024,0/0
/spttest/uov390dpziah,380f632f61639459,1024,0/0
/spttest/vyylfq6jkmem,3a6628c320ffd96e,1024,0/0
/spttest/15z7wx44d0d5,22144b89e866719,1024,0/0
/spttest/dxk1endsy84u,1972dc98b4733dae,1024,0/0
/spttest/voycbicgqm8p,39e42ccd60fc9319,1024,0/0
/spttest/o5r5unsf4vs1,2c217d0e1f04c8e1,1024,0/0
/spttest/9vgirj0ed9b7,1209282d5a112e63,1024,0/0
/spttest/nyge9evlju9u,2bc2adc8fbd35102,1024,0/0
/spttest/zl04wemb9izu,40ff5271aab9ab6a,1024,0/0
/spttest/g72kvfnu64v2,1d95aef75bd1a81e,1024,0/0
/spttest/6950z08o55wa,b6c6719b866a51a,1024,0/0
/spttest/o6jji42mhh03,2c2bba6483f14e53,1024,0/0
/spttest/mle52dwar1q2,294563e03ce55b7a,1024,0/0
/spttest/m1s7i590uvgn,2846ae26ca288ec7,1024,0/0
/spttest/s3qdwwzvnvn,16d0bfec9dd4da3,1024,0/0
/spttest/oehiwet83c8w,2c92ea29cc64dcc0,1024,0/0
/spttest/kgpl3ddj4ucx,25615847faec49b1,1024,0/0
/spttest/6arx38u4qkjc,b81a6dda178e678,1024,0/0
/spttest/71z2y5klbwju,ce2f26833b54e8a,1024,0/0
/spttest/gdm4m1rwh836,1deaac2665543f32,1024,0/0
/spttest/667rqa36trba,b466cb8933f0186,1024,0/0
/spttest/b94119by20qw,148e1d1aabc4ae48,1024,0/0
/spttest/crnp953fhr25,1752a21ad62d8e3d,1024,0/0
/spttest/tbuo0rb1vwd3,3592c287c83c1297,1024,0/0
/spttest/sdqeagzq4xmv,33d7955cf167c947,1024,0/0
/spttest/fs0mnwt98kzn,1cd223f962611943,1024,0/0
/spttest/ef2txfuz8pq0,1a5675c540939f38,1024,0/0
/spttest/qwmkysz7bxea,3125c6698ff690d2,1024,0/0
/spttest/xkz1k1d870r9,3d57b30329756b95,1024,0/0
/spttest/qcoatkmvv5r4,30229bfbc7bf45e0,1024,0/0
/spttest/1s59atvis0xq,3413622c7eb71be,1024,0/0
/spttest/qhigwlk20rlv,306173ab05e4edc3,1024,0/0
/spttest/485lecmrmc7t,7b863c4bab33a59,1024,0/0
/spttest/bk4ozai0c705,151d3c5de7699675,1024,0/0
/spttest/rwq4i66g9bdk,32faaae3bac769d8,1024,0/0
/spttest/um2f3cezb0fr,37eb1060d18451f7,1024,0/0
/spttest/5d7wmsml99sd,9cdc8db3a9626cd,1024,0/0
/spttest/vedcinat8rzq,395ab502b542d4b6,1024,0/0
/spttest/unxemykgdlda,38033be1f7542d6e,1024,0/0
/spttest/hzkjfht5pjwj,20db7a52cddfba03,1024,0/0
/spttest/4b9j3u3psyn6,7e0c721732ae362,1024,0/0
/spttest/xkgv6ahxn54p,3d51240271ee3eb9,1024,0/0
/spttest/nmvx8ab7p7kh,2b2c68e5c6b00591,1024,0/0
/spttest/76gjfdqgn2xp,d1d33f9734bb69d,1024,0/0
/spttest/sm03wvpx3uff,344300790b7871cb,1024,0/0
/spttest/8cxe918azi8c,f44d5bc6370010c,1024,0/0
/spttest/qt7avzynp18r,30f94b42bcc8018b,1024,0/0
/spttest/9bcrhurtkzan,110403f8e2e698af,1024,0/0
/spttest/pixdz9bd85qu,2ea035b2c8635816,1024,0/0
/spttest/p1d06r510t1p,2dbc0995129f980d,1024,0/0
/spttest/cti8oopckcu5,176aa444427b8dfd,1024,0/0
/spttest/hjgm51x0lmi3,200a3bb22b5ad92b,1024,0/0
/spttest/rrrx5fhnah5i,32ba5e794bc00056,1024,0/0
/spttest/k1x7nzm76nt5,24a141ecb5942d09,1024,0/0
/spttest/up31h1licilh,3812419270c3ff25,1024,0/0
/spttest/sg08qiehjeu4,33f51d4eb0401adc,1024,0/0
/spttest/80jxyljfy8h4,ea41c125750ca68,1024,0/0
/spttest/4vxclgnmybd,3f7a02d61c5e39,1024,0/0
/spttest/t7ek83p22vkq,3558fddf343a825a,1024,0/0
/spttest/2gdqw1luz8ug,47c045fa93e7988,1024,0/0
/spttest/jhh8s1d3bpob,2397b5c0a3799dbb,1024,0/0
/spttest/jkgn1ow7npo5,23be75c371f788b5,1024,0/0
/spttest/l9bjqfilbun7,26d4f81536f59ce3,1024,0/0
/spttest/idbu4yd4pttz,218e30136ea65b47,1024,0/0
/spttest/gcm2g6xjdvz0,1ddda95821985a1c,1024,0/0
/spttest/dyfa8lmk9u0m,197e22ac47f5fc36,1024,0/0
/spttest/w3ml88kwv6ks,3aa2c617dce6a30c,1024,0/0
/spttest/wvcjxa47a4no,3c0ada40a3b50d14,1024,0/0
/spttest/tjd8o8n8l4w8,35f462f1f4db5008,1024,0/0
/spttest/m88uzu3bkfp1,289a9fdb8d7d0375,1024,0/0
/spttest/3q4wy2z8qo86,6ce5668b7171126,1024,0/0
/spttest/a7o5ivyon5t2,12a7c83b9c59cd26,1024,0/0
/spttest/ss2p7toi8r0n,3491df693f6c7cc7,1024,0/0
/spttest/l65xom7w2ej,112ffd49611132b,1024,0/0
/spttest/ymjw5spwuyt,1c1c5df4b105dc5,1024,0/0
/spttest/bmrhoro5w1ph,153f70a3ad5005a5,1024,0/0
/spttest/dhjjiunj3xe7,18a2da9aaba1dacf,1024,0/0
/spttest/69mkf374pjyt,b72bb41b7322155,1024,0/0
/spttest/bzp3sbfp0y5d,15e77092844cb1e1,1024,0/0
/spttest/t18uup55jvop,3508ff63ed559029,1024,0/0
/spttest/wbafbsqlvaa9,3b064c96503ea2d1,1024,0/0
/spttest/6rqegwkqiu8z,c5dec15e5e893a3,1024,0/0
/spttest/h2tpwjv6boab,1f3224c6a41f21b3,1024,0/0
/spttest/3j48j03o7vmh,6732af555435fd9,1024,0/0
/spttest/neeu3h0oztna,2abe548b0d0168d6,1024,0/0
/spttest/3crsulvw8mzm,620bec60b13f262,1024,0/0
/spttest/qtf1xrlcvgrp,30fc173d947356a5,1024,0/0
/spttest/ek19g7299hmp,1a96d724256d2281,1024,0/0
/spttest/h33wy26sj4ch,1f35d286c279b0c1,1024,0/0
/spttest/74y8osap6wop,d099c89351bcbf9,1024,0/0
/spttest/4h20o5n1a2sg,82c00caadeed9a0,1024,0/0
/spttest/rvsahgqg5inn,32ee75b6b22fe5b3,1024,0/0
/spttest/usz3sld9jgme,3844cb14a7b927e6,1024,0/0
/spttest/fxlkf6vmwgaf,1d1aa43ce15cec77,1024,0/0
/spttest/ic7uzzll0782,217fc38ede25bd92,1024,0/0
/spttest/3ivp8t68czip,67016893aa1eed1,1024,0/0
/spttest/fdvleeulm58p,1c1a794bc2249109,1024,0/0
/spttest/3rokv58f0lya,6e26c0827df0e22,1024,0/0
/spttest/k3tt6hcdmzsg,24ba022a2323cbb0,1024,0/0
/spttest/drcvqyq2d63p,192257f62062ea25,1024,0/0
/spttest/x14juxg87v16,3c55e6ade7dc70da,1024,0/0
/spttest/tem9m6mxarvi,35b6b2651ab4649e,1024,0/0
/spttest/cz6hbpgfgdl9,17b4558e1cc4a7cd,1024,0/0
/spttest/ojbfgttzsynu,2cd1a96df42e057a,1024,0/0
/spttest/cxgazol6kavz,179de678ef7dee1f,1024,0/0
/spttest/ygs79fu5xbw2,3ef4e34a14f04772,1024,0/0
/spttest/82l09jjrq0rb,ebe78dd6e531d57,1024,0/0
/spttest/1bb24xv23rb4,2667c99c607db00,1024,0/0
/spttest/1rkawpgsj15j,339a6871e3ff897,1024,0/0
/spttest/vhw0inrqkkok,398868fd28133bb4,1024,0/0
/spttest/9l66py5abfew,11838906831000c8,1024,0/0
/spttest/jxxdbyjokduw,246d5b6f5f9da728,1024,0/0
/spttest/p84e1nmdaupp,2e13da9f7685aefd,1024,0/0
/spttest/fd37acmaso94,1c103ac64fc50bc8,1024,0/0
/spttest/52r9wkuyh4n8,945e414dbbd0bc4,1024,0/0
/spttest/tojoufhlf2c2,3637a8ee962b4292,1024,0/0
/spttest/m6z9z7j471fi,288a2d5c4e96e2fe,1024,0/0
/spttest/crxx6jzfmjz9,1756522112cd99a5,1024,0/0
/spttest/6n5y8l6886zs,c22960c68570568,1024,0/0
/spttest/60xqki6olyj6,b01dbc70ca0b212,1024,0/0
/spttest/iuwug46m0x47,227295f80b3295a7,1024,0/0
/spttest/ttm9aqio3l31,3679886e13d04d7d,1024,0/0
/spttest/4ocebcl7mgaa,88aac478ab256f2,1024,0/0
/spttest/y2bmqxfp8kpr,3e390f2b138bffdf,1024,0/0
/spttest/oq5mmk82n32d,2d2a7e62e2099145,1024,0/0
/spttest/ko3b99z66ewy,25c138ff2a019302,1024,0/0
/spttest/5feoprzs1481,9ea35a2410dc3a1,1024,0/0
/spttest/kpzsumuoutsl,25d9ef2d81ab2255,1024,0/0
/spttest/v89u4fnizs4k,390b812b1c987724,1024,0/0
/spttest/pgwnkdtrc8bt,2e85f76a13e91429,1024,0/0
/spttest/kaz0h4q2g2w0,2516cf85bd3ddca0,1024,0/0
/spttest/4zn4hmshlsw,40d13f9a504ca0,1024,0/0
/spttest/entmursalk86,1ac80b9dbfc5c3a6,1024,0/0
/spttest/ti60sl043dq,17f3e865b761e1e,1024,0/0
/spttest/3f9svwqdwsqw,641380217f4ee88,1024,0/0
/spttest/t1okycc9q2yy,350eabe255762a8a,1024,0/0
/spttest/j5gquetb75ma,22fba8a8230bf732,1024,0/0
/spttest/jz6b91tidomj,247d92aac47df3eb,1024,0/0
/spttest/ig4zqrln4j4p,21b2afa6e3ac54d9,1024,0/0
/spttest/w5g42eefjbtw,3aba6a5cdec689a4,1024,0/0
/spttest/ibnpbapnzo9x,21787d9ac14940a5,1024,0/0
/spttest/7ptqu81j3if1,e18c3a8618616fd,1024,0/0
/spttest/td72uge9jh4g,35a43a3e5af3fe70,1024,0/0
/spttest/abb22plkh27s,12d7039f505f3d78,1024,0/0
/spttest/vhuhop5de7zp,3987dc4d153410f5,1024,0/0
/spttest/3pd7zmym1787,6c4586ec67798d7,1024,0/0
/spttest/qx2b77of1wqv,312b733ee3f15b07,1024,0/0
/spttest/1v4gi9bewwcc,367e4071c4b55bc,1024,0/0
/spttest/1cwc9er8jy0v,27b27911ef9a6ff,1024,0/0
/spttest/6gfcg90l9rx0,bcb0d085a64ba94,1024,0/0
/spttest/4d76b3cfy8se,7f9e811d3f46ffe,1024,0/0
/spttest/5k7gstmtuhet,a288d07d1c6d8a5,1024,0/0
/spttest/w6xfymododqa,3acda8667ca0c882,1024,0/0
/spttest/d9duk12h9ipp,1838e2a6034dcffd,1024,0/0
/spttest/b5jv4nd0m3ml,145fded0e7287fdd,1024,0/0
/spttest/n8f711k48c06,2a70862f514192c6,1024,0/0
/spttest/b01rxew455fa,141865b0e496ceb6,1024,0/0
/spttest/c5b2jzpmte8l,16304fcc535eb755,1024,0/0
/spttest/vr7xlfejmmzy,3a019d37e0a638ee,1024,0/0
/spttest/wtgq6yesep05,3bf2614bd78caa15,1024,0/0
/spttest/9inyaoxq28cw,1162fa45206114d0,1024,0/0
/spttest/db6y2io2d4ha,18505f996e5199ee,1024,0/0
/spttest/vxr0rjdlfllw,3a566fe35b3a9424,1024,0/0
/spttest/epvhyy68ju23,1ae2b255c01c9eeb,1024,0/0
/spttest/kzkyr1ldj3fh,2656795c37dc091d,1024,0/0
/spttest/b1tzlfyd06hv,142f90ee7f0b45e3,1024,0/0
/spttest/ptbu5yy8muai,2f2750f3b65872da,1024,0/0
/spttest/jv284e8xaol1,2448242358165bf5,1024,0/0
/spttest/z1dzjt06f5bj,400088bce24f1eaf,1024,0/0
/spttest/xmsdy56xvq4r,3d6f46be2f20ff0b,1024,0/0
/spttest/ff9uf8tngpy0,1c2c9adc056e3258,1024,0/0
/spttest/pctdz4gvmqis,2e50d4ace894eec4,1024,0/0
/spttest/mpj9rczpiqyi,297b32c9861cfdfa,1024,0/0
/spttest/s11n0waauz0w,3332c77c610dbed0,1024,0/0
/spttest/3vbgixiwwaoy,711a52351b83622,1024,0/0
/spttest/qou1ldvg6bay,30c08d991dc07aba,1024,0/0
/spttest/crhwhe5s0gbd,17508a71a93c4299,1024,0/0
/spttest/8fdjj79fj3s,6d765329c22378,1024,0/0
/spttest/mbxr14sceryy,28ca92a9c6b1811a,1024,0/0
/spttest/f04hzer59alj,1b67d63fd04caee7,1024,0/0
/spttest/bmtfzzvfl4c2,1540250b64ce4432,1024,0/0
/spttest/4z9mw83qsjcm,9188f034b4916f6,1024,0/0
/spttest/3ewvktf9rbw4,63c8e20ba0a89f4,1024,0/0
/spttest/x7v2gaf8muqa,3cad678021d58912,1024,0/0
/spttest/h7156q64q346,1f68c797afcf0e46,1024,0/0
/spttest/smwxummyi1ag,344ed911d1763108,1024,0/0
/spttest/pznez4w2onv6,2f796deff83250d2,1024,0/0
/spttest/1uagmpgtcvne,35d114c2cf4b83a,1024,0/0
/spttest/u2jhymiywb3j,36ed70dd5eeaca2f,1024,0/0
/spttest/ckvsu2g668na,16faa171468a1746,1024,0/0
/spttest/4j8tsmy77x6o,848703de2aa32c0,1024,0/0
/spttest/8dagveyqwwo1,f498d3ff1e02f61,1024,0/0
/spttest/3qjc0jn36101,6d38a3a0b7c1991,1024,0/0
/spttest/jljxd7icbzmu,23cca29a85bb4d26,1024,0/0
/spttest/ufx0oqtaj9qw,379b2e08f8e43618,1024,0/0
/spttest/h83yisvyf67b,1f76c8daa8804b27,1024,0/0
/spttest/2dxmp47lxq7h,45c393621a733ed,1024,0/0
/spttest/62pd4b27kobr,b18d0d5dd171727,1024,0/0
/spttest/6c7ng134buk1,b94514487f4ef71,1024,0/0
/spttest/akhpwym06gq2,134e524fb6f3d22a,1024,0/0
/spttest/83wq5cpgi6qc,ecfb09589570694,1024,0/0
/spttest/jxkmru5l0lty,2468c2df222a7786,1024,0/0
/spttest/u3f8n1gvfa30,36f8e4bb125a6fcc,1024,0/0
/spttest/3bany5bteh2m,60d92ae1d8566ee,1024,0/0
/spttest/ov1clftswj0u,2d69e57588f6884e,1024,0/0
/spttest/zy1oqvzekacm,41a8be127a6b1b66,1024,0/0
/spttest/cpmucn5wj94,a51ee5b3564a78,1024,0/0
/spttest/fyc3jq3phezx,1d2436e29a966b2d,1024,0/0
/spttest/mzo52sek33yw,29fed92e696f02d8,1024,0/0
/spttest/qsqmwh5f7u7j,30f347d2f28147af,1024,0/0
/spttest/v217e31juhn6,38ba745b56c6fbd2,1024,0/0
/spttest/gtlk3qp58n68,1eba4ba31c7ab050,1024,0/0
/spttest/c79m9xzmb94q,1649c42cb81b94fa,1024,0/0
/spttest/pxyme1voyc2m,2f637e7f89cdf59e,1024,0/0
/spttest/8s7502cb3thb,100b3089b7db72ff,1024,0/0
/spttest/ac408qjbqbhv,12e1759969d073b3,1024,0/0
/spttest/ljtc66342h7m,275d47dfba7813a2,1024,0/0
/spttest/nsvmp6mtcbz,1352c5f6be9a1af,1024,0/0
/spttest/c2ebuwelytyh,160a85008f787929,1024,0/0
/spttest/m2o5lj65a6mw,2852350b8ad5ad18,1024,0/0
/spttest/etsisjevla8v,1b15945db7edce1f,1024,0/0
/spttest/jiq66bziol4d,23a7eba5177c6eed,1024,0/0
/spttest/lj75hu32up60,275546a4c3f028e8,1024,0/0
/spttest/qrct2thueqis,30e14d4237ee8fc4,1024,0/0
/spttest/abqvwjnwxhva,12dcb9ae1bdde4b6,1024,0/0
/spttest/bkh9x0fhd12s,1521c681351fd3b4,1024,0/0
/spttest/mc3m73w2yes5,28ccb07836333155,1024,0/0
/spttest/e1vkqlwm8yk6,19aafb46bdcd86f6,1024,0/0
/spttest/k7bdp6gso9wo,24e750d7de00c428,1024,0/0
/spttest/hlxqjmhkh4v3,202a63c56f09cadf,1024,0/0
/spttest/pqbrnqoecgow,2f0052c03f956d80,1024,0/0
/spttest/43mssfpbqvkt,77da6b5962c015d,1024,0/0
/spttest/rsq21s6u8ho5,32c6af902314c175,1024,0/0
/spttest/ryigz8yme44s,3311e276b09aea6c,1024,0/0
/spttest/fm2tvuipdrtz,1c84ffb2467caf27,1024,0/0
/spttest/2cro7qksut5f,44d15a36297bb13,1024,0/0
/spttest/6l66oha4mydz,c08b131a5355397,1024,0/0
/spttest/slt21yk09vq4,34407520234038dc,1024,0/0
/spttest/n42r4nikvgug,2a3813f198bcf308,1024,0/0
/spttest/bcl5hn7a5wwl,14bb4290c0e4abd5,1024,0/0
/spttest/oes4xhi5qczp,2c96be5e9b9cc145,1024,0/0
/spttest/nmavuc8bujf7,2b24d19acc6c08d3,1024,0/0
/spttest/1ksgrnkryu31,2e1abb613fcc7cd,1024,0/0
/spttest/gqqy3ps6u1m8,1e9545a099c669b0,1024,0/0
/spttest/tmm7e9fsxwaw,361e96c0a95369c8,1024,0/0
/spttest/81i6hegr3oul,eb0767554b3fb8d,1024,0/0
/spttest/iofvc4ps1xg6,221e86733e4b3f96,1024,0/0
/spttest/o1rr0uhiy7n8,2bedbe59c1457134,1024,0/0
/spttest/y3pozorjvsfo,3e4b1f5613e520b4,1024,0/0
/spttest/a3lxq8w9no3a,12730677b9dc02b6,1024,0/0
/spttest/bdk54qlklbig,14c7e288bc44d588,1024,0/0
/spttest/lc2s9s9j0tyn,26f8c671ce714eaf,1024,0/0
/spttest/dljhsmsit2lm,18d6cb325a13546a,1024,0/0
/spttest/j6zkowq5qdwk,230f711f8d1f95e4,1024,0/0
/spttest/8960b09v7zu1,f13fc3e2984b429,1024,0/0
/spttest/34v3vvfb4wvw,5ba06236658b67c,1024,0/0
/spttest/jb6gcblfqhdy,2345e191503b6d86,1024,0/0
/spttest/455ws1wm76x5,7918932cfbf84c9,1024,0/0
/spttest/xkciugp9l535,3d4f92e778ce3a01,1024,0/0
/spttest/vp3phdc6s7xx,39e61c6a98789d35,1024,0/0
/spttest/257aq0q9gcm,1bdb1453523506,1024,0/0
/spttest/5ctce3wj02y4,9c887c422c031ec,1024,0/0
/spttest/ei6sssmtqiek,1a7edc1de80cf4ac,1024,0/0
/spttest/3a3kdyc208v0,5fe05b585fc7edc,1024,0/0
/spttest/tw0vqbx8iw9h,3698c9a855b0cfd5,1024,0/0
/spttest/w52jg2z3gykz,3ab584ab594a8213,1024,0/0
/spttest/90507r2nqoh8,1072559302c42d6c,1024,0/0
/spttest/wbnizwd03842,3b0b06ca139f5fd2,1024,0/0
/spttest/v9zrasif4r8q,3921d8c1530e99ea,1024,0/0
/spttest/r7a3ywkh9u88,31b02834cc910248,1024,0/0
/spttest/25lo7urfs5gq,3effea3d33765aa,1024,0/0
/spttest/8gdy6tr5ajql,f71c68e6a27436d,1024,0/0
/spttest/t9j6wb1rlve9,3574a407d95de131,1024,0/0
/spttest/a59l12nwt0ey,12888bfa8af2e35a,1024,0/0
/spttest/7nem43q2lxwy,df9537ef26bb8f2,1024,0/0
/spttest/z81m3fb1u9dv,4056fe97e69ae803,1024,0/0
/spttest/3ebs9cqt2b52,634f1e160aa89e6,1024,0/0
/spttest/ci2mnmn44xmm,16d6206577afe33e,1024,0/0
/spttest/iyyo5b1qip3k,22a73391354f3d90,1024,0/0
/spttest/5khrrq0rfdv,48573efdd09ea3,1024,0/0
/spttest/h5hbjm3vbf6i,1f54a348bd9bac9a,1024,0/0
/spttest/a3jb7b2zbtxp,127213ef212f274d,1024,0/0
/spttest/li7voc6h3ulw,27488c8f8c5c06b4,1024,0/0
/spttest/j2lugr25syyj,22d688047346bcfb,1024,0/0
/spttest/4ai8hcijebxt,7d6eded6eb7aef1,1024,0/0
/spttest/gazj6w80c7g2,1dc88a92da5450b2,1024,0/0
/spttest/44wh47430nz3,78e21b2837b5c5f,1024,0/0
/spttest/o7ov47c0c6v8,2c3aa349e4a9cdc4,1024,0/0
/spttest/bpogyujtmega,156551751c19bbaa,1024,0/0
/spttest/tvhv1ewgun26,3691ece292c8803e,1024,0/0
/spttest/3texc00kfibk,6f8eada855f9e80,1024,0/0
/spttest/u5blsuqqctmz,37118f8a6ebc030b,1024,0/0
/spttest/el1ukt6nm992,1aa40a9bb890f756,1024,0/0
/spttest/nlqf28ajktzu,2b1d6f2f123c2fda,1024,0/0
/spttest/i3fjmpj7njnj,210da205fa9f663f,1024,0/0
/spttest/v4loqqenpici,38dbd2c144dab822,1024,0/0
/spttest/p7168j48xo28,2e05b439a3c9c010,1024,0/0
/spttest/ijtqfbuqxxhd,21e294b88f6b29c1,1024,0/0
/spttest/7uo4dwd88lte,e57ae7d4cdcbc72,1024,0/0
/spttest/vukhqsijne7k,3a2d1d1afa1062b0,1024,0/0
/spttest/kxh4fu6hdleu,263b1bf8473ed6a6,1024,0/0
/spttest/tjbhxfznvvni,35f3c1f4eaadc4fe,1024,0/0
/spttest/ntaiconfurkk,2b7f9bc9cd599214,1024,0/0
/spttest/e0m9ptpeo6x,b612bbeafe8ef9,1024,0/0
/spttest/soh5z70rfbuj,3463228afb8414bb,1024,0/0
/spttest/u3grwyqs73h6,36f9728e647a715a,1024,0/0
/spttest/b6cayvci2d36,146a21c47e1020c2,1024,0/0
/spttest/g0sji2iw7jza,1d442039a0faa8e6,1024,0/0
/spttest/fk4g2kf8sat,ca199fd6c1a045,1024,0/0
/spttest/4onv01f0lf4,3cdb16587c3f70,1024,0/0
/spttest/88a0kpo8h4n6,f0871269a4629c2,1024,0/0
/spttest/6g8a95dexl8i,bc880d1370e9bc2,1024,0/0
/spttest/lt1s9lbiwxcy,27d53b6d4e565ee2,1024,0/0
/spttest/wxl30c5ep0j5,3c27e8adfd3990f1,1024,0/0
/spttest/a0lzvbk6tqoa,124c1430d13a324a,1024,0/0
/spttest/pm7xr23wmzks,2ecafbe1da00499c,1024,0/0
/spttest/7qh21vswxb6m,e212ce59a7cf6de,1024,0/0
/spttest/1e097m82en33,2898e78b1faee5f,1024,0/0
/spttest/b5x2v4geg91n,1464a37359389fcb,1024,0/0
/spttest/wwo53e0pa6kx,3c1c05e0713a98d1,1024,0/0
/spttest/xfadca2ebj0p,3d0dd9c2546aeb09,1024,0/0
/spttest/k9umr4qtdccp,25083d95a17064c9,1024,0/0
/spttest/aoj9hzkmacbq,1382d5f47f2672e6,1024,0/0
/spttest/8g91avo97wai,f7000b38ac2183a,1024,0/0
/spttest/t3poa6u1o9ek,35290b4eba7efe9c,1024,0/0
/spttest/nm85olyjud5e,2b23d5bfda8da912,1024,0/0
/spttest/8ilzpls9tg9v,f8ea7eb7d3d20a3,1024,0/0
/spttest/j6yarhnomx9y,230efb47f8eef5f6,1024,0/0
/spttest/6225ju4llf2j,b1070f245a3a48b,1024,0/0
/spttest/44pg7a0j0phn,78b98c5fd45d40b,1024,0/0
/spttest/zhpldvgldtwr,40d48cebb0e37dab,1024,0/0
/spttest/sz0v7dow3vho,34ec22d5b58cd22c,1024,0/0
/spttest/aozqw1ez958c,1388c8777c098dbc,1024,0/0
/spttest/rj54sziwvsvf,324a3b96fd407beb,1024,0/0
/spttest/4ehb3ald1u6w,80a8d482a1e5018,1024,0/0
/spttest/v4za4sep61wm,38e0ba6ce3cec026,1024,0/0
/spttest/6q989hiob16g,c4abca5303acab8,1024,0/0
/spttest/c4lb4rv9r3xz,1627043b365281b7,1024,0/0
/spttest/izpr23he0ocw,22b0f8fa73b4dd50,1024,0/0
/spttest/gdj4smvn3jxg,1de99783c1443aa4,1024,0/0
/spttest/srhqmlpfc26c,348a4f4c0f16d904,1024,0/0
/spttest/7hvfd1mtys46,db174e4774d67d6,1024,0/0
/spttest/3j436vbieqn3,6731d43c2184c5f,1024,0/0
/spttest/wk0fu4y3kq5t,3b779985b9fc2c71,1024,0/0
/spttest/73y89u5qxa0m,cfc9e36beab5ef6,1024,0/0
/spttest/la0910ymbuq5,26dde1d20acd4e4d,1024,0/0
/spttest/ncr10t8sxx9a,2aa8c03830ecb29e,1024,0/0
/spttest/31w6t9lyn7nh,593723f79e22c7d,1024,0/0
/spttest/4s7su1kw6cf9,8bcf8b7f0f00465,1024,0/0
/spttest/jos3irgyh3ma,23f68d1c3dd7fe92,1024,0/0
/spttest/gg97tefmdppb,1e0cfb5ab5f8555f,1024,0/0
/spttest/i288dlzg9f2d,20fe01511b82c085,1024,0/0
/spttest/u161tprlr4oi,36db996b18fba172,1024,0/0
/spttest/cp9flrdlwbh8,173381ad71107b1c,1024,0/0
/spttest/a933csuu6mjb,12ba2972a7b48d97,1024,0/0
/spttest/ssn6ig8soo7w,34994326d5c7cc9c,1024,0/0
/spttest/66b0yn1cv1m0,b4799837aff39e8,1024,0/0
/spttest/7nofhl3a8h7p,dfcde2dc1a3cf25,1024,0/0
/spttest/dvvg3cjm1wxp,195cffd0a5dadefd,1024,0/0
/spttest/bffyj0mnj661,14e05aa1bc91f4f9,1024,0/0
/spttest/5mn6936qt8yn,a48325f1bbe749f,1024,0/0
/spttest/m0cax1ceg5sk,2833f3c2f8d14f54,1024,0/0
/spttest/6iqqwx4dz5fu,be924b4b01bd34a,1024,0/0
/spttest/jp9b30qnyezh,23fcc2c654145f5d,1024,0/0
/spttest/uhcfq9uzf7cc,37adbb6942041dec,1024,0/0
/spttest/4tbcu9x64o03,8cb3e6984b74c83,1024,0/0
/spttest/774655b3w8zj,d25baba4661747f,1024,0/0
/spttest/1si6nu37oqkj,345e02711fe8f83,1024,0/0
/spttest/wwd17rttp7l9,3c1803e016cd33ad,1024,0/0
/spttest/zz6kfypbqth1,41b77e20dd88e6b5,1024,0/0
/spttest/huz1aavpcaku,209fc3025db5758e,1024,0/0
/spttest/6gw1ajxp3u6j,bd112a9c190488b,1024,0/0
/spttest/7j79x2g010up,dc2b899b5045a91,1024,0/0
/spttest/7tnbd12i9ljx,e4a66c354a8bf5d,1024,0/0
/spttest/5i63qwj0ly95,a0e14a825f94ca9,1024,0/0
/spttest/p3z18h2corbd,2dddf6e2afb98449,1024,0/0
/spttest/cko730vvctrx,16f7e30e4ddf3cbd,1024,0/0
/spttest/2nrbcmlaenq8,4dbd6749d178da0,1024,0/0
/spttest/wdidk3x5fyx3,3b232581deb9d787,1024,0/0
/spttest/onw8f80rhhyo,2d0d201d54b6b030,1024,0/0
/spttest/eonrt4msddco,1ad2eb601361b8d8,1024,0/0
/spttest/w2sb39wurlqo,3a97d908cc9654d0,1024,0/0
/spttest/9s3d4f1vabgu,11dd7124d0206b8e,1024,0/0
/spttest/f8tzdt8u8l5e,1bd8f2276d012b12,1024,0/0
/spttest/h7fqbnebt66z,1f6e0afaf2c0d79b,1024,0/0
/spttest/sl9u1of53uf,1736027b2cb01b7,1024,0/0
/spttest/fdf7t263vw4v,1c149086ec21cf6f,1024,0/0
/spttest/6l1wpv5l2b13,c0726296f0c3d57,1024,0/0
/spttest/yujky87n6tfs,3fa7a0b0fa29cd88,1024,0/0
/spttest/e3unihdyjmo2,19c4a08a2f5f3f82,1024,0/0
/spttest/xr5b8dsa3i01,3da7e596e00187e1,1024,0/0
/spttest/u490k9t55n9h,3703a30df0214e05,1024,0/0
/spttest/xm7rcqdust81,3d67d5679f3954f1,1024,0/0
/spttest/t8gtw3tf2keg,3566ccaafd6906c8,1024,0/0
/spttest/ejdwrfct88lz,1a8e6a1de8737a97,1024,0/0
/spttest/tjv6r5lt9it3,35fadca6551b8877,1024,0/0
/spttest/6kzrqgc6uylf,c0660a36cfa00a3,1024,0/0
/spttest/h7471d5z095d,1f69e1725c1f7551,1024,0/0
/spttest/j64ofvyls2le,23044b53f1a8a922,1024,0/0
/spttest/i513fqg4oc6u,212265d4ef4677b6,1024,0/0
/spttest/ho619g7atbut,20475cbaa5e9e745,1024,0/0
/spttest/vnk1apq6aaxn,39d2061c1eedd3db,1024,0/0
/spttest/sitn8kpoch4b,3419b3b554743dab,1024,0/0
/spttest/lrbnwcnehtr1,27bed1639c67fadd,1024,0/0
/spttest/g66y2euzm5wf,1d8a4508f5b9625f,1024,0/0
/spttest/3wu4nzrckzg2,7255ef671a4b872,1024,0/0
/spttest/32j0z5zokzxa,59bafbe484486de,1024,0/0
/spttest/m6qxfkfjdcad,28872a39aedc0e75,1024,0/0
/spttest/4bnqmeyyv2s,3829fcf2960bd4,1024,0/0
/spttest/x4aafnlozrv7,3c7ef07a73d233d3,1024,0/0
/spttest/msd6wq325fha,299ff90869d0ab9e,1024,0/0
/spttest/vvvw1lfo5v25,3a3e371a8e31707d,1024,0/0
/spttest/7k4ocer67ox7,dcec5c450746beb,1024,0/0
/spttest/gyb6tel0eue6,1ef780257f8c255e,1024,0/0
/spttest/z3ustspuyeye,40209443588a6236,1024,0/0
/spttest/64meaubdaq5j,b31b94692723be7,1024,0/0
/spttest/gcixc57tz6nr,1ddc871f440a1577,1024,0/0
/spttest/g4iawk7qdnjw,1d746382a7e5ce7c,1024,0/0
/spttest/zhv7h8a47glx,40d69372c623fbd5,1024,0/0
/spttest/viuh54st1o5o,3994d829d38edd8c,1024,0/0
/spttest/5bu0tasb6oha,9bbc92bc3d47c6e,1024,0/0
/spttest/a5akklvu9uiw,1288e72c61170cc8,1024,0/0
/spttest/gzjfavvoutdy,1f07761f0cb35446,1024,0/0
/spttest/u35937y3zkbj,36f54a3395712c9f,1024,0/0
/spttest/u88ul144rah9,373788bd9f9cd1cd,1024,0/0
/spttest/mbexxgjd2yih,28c3c95d80e9b439,1024,0/0
/spttest/smw6hhu8vq44,344e92db7ddb25f4,1024,0/0
/spttest/i3609guctekt,210a3103f9b0f30d,1024,0/0
/spttest/k4tdi618p2x7,24c6d7339f35670b,1024,0/0
/spttest/c3ksnxdvvnt4,1619d796f9c02d48,1024,0/0
/spttest/bteu5e1g4hd2,1595cc9f952804e6,1024,0/0
/spttest/c4h080q5ncpa,162576c41bdb6d0e,1024,0/0
/spttest/hhaj95ng09dn,1fee0f9174958b7b,1024,0/0
/spttest/r97ti30aier3,31c94f206294152f,1024,0/0
/spttest/stv3jbnocg5x,34a91bb81df820d5,1024,0/0
/spttest/u8t1uup131pe,373ed2c41cfa3062,1024,0/0
/spttest/mwe85rhbledq,29d44da3556bfb0e,1024,0/0
/spttest/2htucjyopo3p,48ed06575de5645,1024,0/0
/spttest/simcn6fni40g,341711f2a32017d0,1024,0/0
/spttest/8n5ostmztpbm,fc9b85140101072,1024,0/0
/spttest/ecqfu5dsc1x4,1a3802aebf2e54b8,1024,0/0
/spttest/77mfsq34qcq4,d2c5220e216d2ec,1024,0/0
/spttest/qmc8jhnbkmqo,30a026481dd42720,1024,0/0
/spttest/kp55oi04ixx9,25cee0ae2242203d,1024,0/0
/spttest/vom8jixofer0,39dfceb109af146c,1024,0/0
/spttest/ij0ypfaqbhgp,21d83349a7e51f29,1024,0/0
/spttest/8so3ajyzpaau,10114e6a04dc7b66,1024,0/0
/spttest/4jk7ldtpwayi,84c8bb248d25c7a,1024,0/0
/spttest/hgb9772986wb,1fe154e1d183f5eb,1024,0/0
/spttest/zwcxpc6saio8,4192d2974aeef108,1024,0/0
/spttest/k4k2l4l19ss1,24c37bdff1998ef1,1024,0/0
/spttest/9hiraxyh52vo,11541d3abd43a6d4,1024,0/0
/spttest/mvdonmd1jrrn,29c71e569ec12853,1024,0/0
/spttest/3th7z62w3y0o,6f9bee6310456f8,1024,0/0
/spttest/ozrq3k4ox6er,2da75eb4fb0746b3,1024,0/0
/spttest/934g1fz0o07j,109919944355b30f,1024,0/0
/spttest/uo0iwb76uxd1,38045beac079f665,1024,0/0
/spttest/1nluu4ohojx7,3064100498e4bdb,1024,0/0
/spttest/axlbz3gilq76,13f87c5a5e75f9e2,1024,0/0
/spttest/aoz9twur5mji,13889cb2631b745e,1024,0/0
/spttest/l1xjnj7esqa3,2674fdec81a2ae0b,1024,0/0
/spttest/km6apfhed6nw,25a8522c685d44fc,1024,0/0
/spttest/9kiphhsur9f2,117b1055c1d1866e,1024,0/0
/spttest/hw4a8ijaokcs,20aea5126547130c,1024,0/0
/spttest/c7gr2q716y2m,164c571125082efe,1024,0/0
/spttest/67frc91wojd0,b564bec7ee9cc04,1024,0/0
/spttest/sirl1yqijiid,3418f55e7f0f3e75,1024,0/0
/spttest/ex4tb753aybi,1b40fb8afb9d133e,1024,0/0
/spttest/i08vm156omo2,20e4426aa60812c2,1024,0/0
/spttest/mcu87jija4pp,28d64a85a68fa15d,1024,0/0
/spttest/447np1wk928x,7852d5f52e1d7a1,1024,0/0
/spttest/xmo63smqarh,1b4d3965fe32efd,1024,0/0
/spttest/1j3kzivdx3xv,2cbb4128be07b33,1024,0/0
/spttest/t14zdhg9oyq8,35079984fa5efed0,1024,0/0
/spttest/eevm4rlfpfe3,1a53db304d33ad2b,1024,0/0
/spttest/2bs1dtfwvhal,4403a2b84a9354d,1024,0/0
/spttest/90lfok3wqi5o,1078432696dd2a6c,1024,0/0
/spttest/xy5zjb9c1nss,3e0310be894feebc,1024,0/0
/spttest/538sen9su71o,94c35d03a50cf2c,1024,0/0
/spttest/tpam5736s0aj,36415ff1ccdc527b,1024,0/0
/spttest/7rssvnhqyd9w,e3267095087e5b4,1024,0/0
/spttest/gri037ffjv8q,1e9f08aa45aa5fea,1024,0/0
/spttest/455sx6h8r2ru,7917f4cfe65d2ca,1024,0/0
/spttest/85lb63paboqc,ee58c9d14a44ff4,1024,0/0
/spttest/42xef53xuety,7747ca280466396,1024,0/0
/spttest/fsobqioaahxx,1cdab0c63033c355,1024,0/0
/spttest/28ibhhq61uaq,415c0a31a150da2,1024,0/0
/spttest/cnnkzxaax0oy,171ea22869e603c2,1024,0/0
/spttest/r1r15dv0250v,316853b0c4a371ef,1024,0/0
/spttest/a1viwx3ng4dp,125c81a01c0fed2d,1024,0/0
/spttest/qjm2b0fzsxn8,307cba31eb7bf854,1024,0/0
/spttest/11y3t9sos4sm,1ece8cd8a24df46,1024,0/0
/spttest/1cy5jnexcx5a,27bcf129e821bce,1024,0/0
/spttest/hwpzohre4aus,20b67a169fe639f4,1024,0/0
/spttest/g26bc7yseufw,1d5615b1b0c9659c,1024,0/0
/spttest/g2zxixjcw45b,1d60c54c747324ff,1024,0/0
/spttest/39emny5swgjq,5f50658d21fcbc6,1024,0/0
/spttest/hkrfeo9f5g7m,201b1fba83201452,1024,0/0
/spttest/edfqfb2y4dcb,1a41230df3e1368b,1024,0/0
/spttest/wtovpkygykj6,3bf552660decf472,1024,0/0
/spttest/2g8c1k7caesd,47a107059ecf15d,1024,0/0
/spttest/98459wa4y0ww,10d9f03ddbd06520,1024,0/0
/spttest/h9ft0yfcqx3a,1f880c6dcdff7206,1024,0/0
/spttest/75p7jowjshyi,d13578cb612fcea,1024,0/0
/spttest/sxubixuyg5sg,34dcc8e078e6ab50,1024,0/0
/spttest/db3ym19pa1je,184f4be2b6ce334a,1024,0/0
/spttest/kj4ggc8nowku,2580b069e3dd11ee,1024,0/0
/spttest/eo8j7xufvn6h,1acd6bd0b35dfe19,1024,0/0
/spttest/nwgzjj7mo7ro,2ba8e9dfd90f7f54,1024,0/0
/spttest/bqg49vz107le,156f4b3329d56372,1024,0/0
/spttest/11tmt3h0j61d,1eb4bb2f5b6f951,1024,0/0
/spttest/72j3p2p7u0jg,cea2bb0c764293c,1024,0/0
/spttest/n2blzywkdime,2a214b94ebe29386,1024,0/0
/spttest/r636exsplg62,31a0aaa56b547e1a,1024,0/0
/spttest/od31yyero40y,2c80b4506c9bbd62,1024,0/0
/spttest/tgp9t2erbpbj,35d1c280efe9a7ef,1024,0/0
/spttest/v8lnn5g2vouh,390fc4f5f5b22189,1024,0/0
/spttest/jcp8qrxvh6fl,2359a65329db0dd1,1024,0/0
/spttest/vbbu0b20n6kn,3933316182157907,1024,0/0
/spttest/1vx0t0l39j8e,372326bc404609e,1024,0/0
/spttest/8jnqnk6b6uxq,f9c46ace0a9a51e,1024,0/0
/spttest/usuz18c2kl31,38434d64f9b359bd,1024,0/0
/spttest/lahrq4xnmcpw,26e4340debfa44e4,1024,0/0
/spttest/oqqfxawjclh0,2d3200eca5784ab4,1024,0/0
/spttest/w6tqeoi1imko,3acc51baab256bc8,1024,0/0
/spttest/o2djo3alkhti,2bf59b95150d6436,1024,0/0
/spttest/uxlh61w6tabp,3880d285fcccaf85,1024,0/0
/spttest/se0z2q0ope3j,33db665fe9604b9f,1024,0/0
/spttest/b26canq8342x,143405efe820d769,1024,0/0
/spttest/t7ewzvmaka3r,35591ea413a68227,1024,0/0
/spttest/1ydpqqmffsp3,39232cf035ce607,1024,0/0
/spttest/1gd6sj4qg0eb,2a83390b8278003,1024,0/0
/spttest/vi0tg9li0z6n,398a24b2f256081f,1024,0/0
/spttest/97drzn05yfnl,10d06c94bf84d8c1,1024,0/0
/spttest/d4yvf89wbkjk,17ff865255d160c0,1024,0/0
/spttest/3s17x55mv1kv,6e6fb9b301bb3bf,1024,0/0
/spttest/oxxgoc5xm1ky,2d8f7639ddf16682,1024,0/0
/spttest/4656pr0j79c,362c8b3d980780,1024,0/0
/spttest/vqabdo8i8xb3,39f57c10fa6e8c9f,1024,0/0
/spttest/2w6cu0m0ullj,5492dd691cf60d7,1024,0/0
/spttest/2euwmrc8wnkg,4683ada701c2750,1024,0/0
/spttest/9ag1x1ocma0l,10f8368f90891835,1024,0/0
/spttest/pdc8vtk09wzk,2e57a29b91726f40,1024,0/0
/spttest/82qzonq8x952,ec0a1960344cc86,1024,0/0
/spttest/25vss7bwi0q1,3f3a6092bb67029,1024,0/0
/spttest/bx67lv8634jj,15c6a4dd9d3e4fbf,1024,0/0
/spttest/8wkyzn5jkjj3,1044234ba5f9f6df,1024,0/0
/spttest/lk9f85s9ihhp,2763159ae91e120d,1024,0/0
/spttest/lz0eulljlc2i,2822ac2ce65b675a,1024,0/0
/spttest/sse1bsi11z0y,3495f688b1661092,1024,0/0
/spttest/9t2hwulg4ut,7f6465d80f2995,1024,0/0
/spttest/zbdgxwdfw8s5,40823d8f484df775,1024,0/0
/spttest/d81rdumyyw59,182788d5cb36713d,1024,0/0
/spttest/ns3f43scnh9a,2b700fa5209f631e,1024,0/0
/spttest/ixmkmmfgoe7b,2295d8dcd2fbe9e7,1024,0/0
/spttest/b3jvlv9v1fj1,1445e587a46477dd,1024,0/0
/spttest/8y437nhznt8k,1058066201880ac4,1024,0/0
/spttest/g7i0sm5f5bxk,1d9b41576a3bcea8,1024,0/0
/spttest/z32kkleraqpp,401664c52485e8bd,1024,0/0
/spttest/9ry8fepr33te,11db9741ca08d512,1024,0/0
/spttest/ktyyu6ytg85l,260d97331f3c7249,1024,0/0
/spttest/vgifbz5lqxqa,3976849650f58642,1024,0/0
/spttest/90d04qui2yjq,1075384e51e34566,1024,0/0
/spttest/wt6ad029dsu6,3bee9cfdffa1043e,1024,0/0
/spttest/gtfhkx223qtn,1eb81af45da6448b,1024,0/0
/spttest/p6tgl0e9vgs,1473137a7c3258c,1024,0/0
/spttest/eo820fezvufa,1acd3fa958e096c6,1024,0/0
/spttest/9l7qg4a0cdy9,11841802401979a1,1024,0/0
/spttest/759h0wpeak5g,d0da9fa160f5684,1024,0/0
/spttest/cfwff7cjbi7a,16b9e91cccad03e6,1024,0/0
/spttest/kh1e3glxkuap,25659abef959cb61,1024,0/0
/spttest/crf5t63wewjl,174f8d4548c74841,1024,0/0
/spttest/zw4l52d30vck,418fcf6926a235b4,1024,0/0
/spttest/jwbpfj6curpd,24588d1efdc23bc1,1024,0/0
/spttest/w7l31xzad2,b9f3f3bc0f436,1024,0/0
/spttest/kbbgvvdg9v66,251b4e0b60d41a0e,1024,0/0
/spttest/ewqe1t19m00h,1b3bc73b3aca0691,1024,0/0
/spttest/9h7zubg064hh,11503b15ff1ecc35,1024,0/0
/spttest/viw84khnxx32,399579c48178c0be,1024,0/0
/spttest/66ywnvgnupyk,b5037522af045ec,1024,0/0
/spttest/8m3p325ci8g9,fbc030dc1839b49,1024,0/0
/spttest/q9b2qpmucvju,2ff6deb22bad30ba,1024,0/0
/spttest/hxzrc1pkrazc,20c6fd9d3d6f1858,1024,0/0
/spttest/dkiryrpbjd95,18c98baabacfe8d9,1024,0/0
/spttest/5cx79rfjbskd,9c9ec19b560e45d,1024,0/0
/spttest/ka2z5hlt9j0t,250b4057d66fc98d,1024,0/0
/spttest/ps1o7s2dzwi0,2f16a8bf3ed18448,1024,0/0
/spttest/3gznf8fc975j,65788d262caf477,1024,0/0
/spttest/isyiywox1cd6,225936bdeace95da,1024,0/0
/spttest/a6piwhvhnkjd,129b49ab62ec64b9,1024,0/0
/spttest/cgp0jp40720d,16c439a0011ae5ed,1024,0/0
/spttest/7y7omxiw2kr6,e85b53736c40d92,1024,0/0
/spttest/pd6x8e71heuc,2e55b6df890e6264,1024,0/0
/spttest/7u2stqxit2ca,e4ffd18b66a071a,1024,0/0
/spttest/u4ldom9irpj5,3708192367933001,1024,0/0
/spttest/kch852z9z5kp,252a5f1338257bf9,1024,0/0
/spttest/5tsequy8461e,aa502cd7dde2792,1024,0/0
/spttest/ijjy59kizvcz,21df0cd8f9087b83,1024,0/0
/spttest/cglgccxswgx5,16c2f0ae7d379da9,1024,0/0
/spttest/sds3xbwxs6ki,33d833814f154142,1024,0/0
/spttest/we36gjtvzvh3,3b2aa706bc9ccd17,1024,0/0
/spttest/iufn1l3fb3yc,226c60b67435d3c4,1024,0/0
/spttest/xa3gx2pq6ogl,3cca6a13c7397f55,1024,0/0
/spttest/m8xi7xk2lkq6,28a3844918423e2e,1024,0/0
/spttest/2ktay7awt2n5,4b59664cc6f2aa1,1024,0/0
/spttest/50q7fvjziqbl,92b86e0b4e034c1,1024,0/0
/spttest/ua7xngw1ij03,37512ec1cee111b3,1024,0/0
/spttest/ck9oc2l3s3p5,16f2a5cb9e9578b9,1024,0/0
/spttest/e6kb4ud4sen3,19e7dcddb3acf11f,1024,0/0
/spttest/by6xgkd2y805,15d3e47477103305,1024,0/0
/spttest/phh79j4ywqd7,2e8d61524962af7b,1024,0/0
/spttest/3ox12adu6zjf,6be80c4ee384b6b,1024,0/0
/spttest/251nar3lx4cu,3e8c4ea76a1e54e,1024,0/0
/spttest/rxirt9roza50,3305010126e75214,1024,0/0
/spttest/i70374i5r2nt,213c035d0635f339,1024,0/0
/spttest/fpcbkm66pjcb,1caf642a13df2c2b,1024,0/0
/spttest/3ynb0z10diia,73ce337ddaa72f2,1024,0/0
/spttest/wtacywx3swrx,3bf0152891fb1bed,1024,0/0
/spttest/pq6kdnwnnyec,2efe723b26f2b4e4,1024,0/0
/spttest/8nlxslxtd4av,fcf95493ca00807,1024,0/0
/spttest/ufnyxfkene42,3797ea355eb27532,1024,0/0
/spttest/i758lbtt2xyl,213ddf0bba8ad96d,1024,0/0
/spttest/wd2y8ac53k15,3b1d94a782e4fd29,1024,0/0
/spttest/8g6rkq161dxq,f6f2f0230ad06ce,1024,0/0
/spttest/g9wsofb1x5q2,1dba908dbc0a383a,1024,0/0
/spttest/rzwj7ut32d3h,3323f29ee98dc5cd,1024,0/0
/spttest/w4zc98ke76on,3ab45d1dc4817b97,1024,0/0
/spttest/ot3vmzcezygp,2d50d48abe13c739,1024,0/0
/spttest/5c610f5twu1t,9c01e18f14ec121,1024,0/0
/spttest/kip7671jdz61,257b2f132e657a49,1024,0/0
/spttest/3zw2uev0cmqq,74d0acb99333a22,1024,0/0
/spttest/7gsx6ly24vt,60fce56104fb39,1024,0/0
/spttest/7srpgbe26bx2,e3eff226d6b6bd6,1024,0/0
/spttest/6azegs351sof,b845a06c3b5186f,1024,0/0
/spttest/weh9x2emhefb,3b2fbd0e62669147,1024,0/0
/spttest/r6m64b20yph,16119064b28bdb5,1024,0/0
/spttest/sxup95plr4jg,34dcec19c47418bc,1024,0/0
/spttest/trh4wckx9lgh,365db4c96a7e25e1,1024,0/0
/spttest/cg5i0t3jp4lc,16bd2f1917b39280,1024,0/0
/spttest/6tw5r46gpsuu,c79fa71b4ce4656,1024,0/0
/spttest/9ry6xec3tzlv,11db936855f90c83,1024,0/0
/spttest/k8jhr9lj1ult,24f73b75313d0831,1024,0/0
/spttest/961zl9c01b6t,10bf2e6824da6ee5,1024,0/0
/spttest/3abjxis3oggh,600e77bdf1c9c51,1024,0/0
/spttest/xexf6nn3apsc,3d092db3e82c300c,1024,0/0
/spttest/wypzr0k8mwfe,3c36ab6a74e9e5aa,1024,0/0
/spttest/uxjdse8kijfh,3880111dbe2dc6dd,1024,0/0
/spttest/c0lvu5b42bl3,15f3445416a70727,1024,0/0
/spttest/l5qr0i92tuld,26a67f421a3a6621,1024,0/0
/spttest/2uy3ths24o68,539368192e8d560,1024,0/0
/spttest/hwqo5l7y7ktc,20b6b8e2bbaad320,1024,0/0
/spttest/pyw3d9erizq6,2f6f923650da485e,1024,0/0
/spttest/6kq2ue1mau8v,c02e175cb3e919f,1024,0/0
/spttest/74fodk1gbzfd,d02e9caa4a7bc19,1024,0/0
/spttest/4xog773es5q3,903ecd83417f5fb,1024,0/0
/spttest/6iu2a1ch338x,bea56f814bd2431,1024,0/0
/spttest/jmicshjs1mx2,23d90eb316fc0246,1024,0/0
/spttest/8vkx4fzi7hcw,1037213fd6c301a0,1024,0/0
/spttest/7dt0ni2rm4b1,d7ca1633603e24d,1024,0/0
/spttest/qoinbblh80b2,30bc70e8c38a488e,1024,0/0
/spttest/53k5obt4ua0r,9504fe8c691563b,1024,0/0
/spttest/4ftd5qglzopy,81be44357edbce6,1024,0/0
/spttest/u1axni2jdcx4,36dd5c8db5e59da8,1024,0/0
/spttest/8qhu6k0ny5xs,ff512506d2a8990,1024,0/0
/spttest/p9u2m6n4mboh,2e2a1c20ab7904a1,1024,0/0
/spttest/5csllejp364x,9c843028bf046d1,1024,0/0
/spttest/ehc32w5lg5f4,1a73c7142ecc6870,1024,0/0
/spttest/th0m6rgafxjn,35d5da51e1f81193,1024,0/0
/spttest/dzhy99yuo25o,198c164b0f9996ec,1024,0/0
/spttest/x9rsamiuuixj,3cc632d904c80157,1024,0/0
/spttest/taefvtw616im,357fea811824ad3e,1024,0/0
/spttest/ql96rovkj1oc,30920f5f87bc3f3c,1024,0/0
/spttest/ii3zh1ohuzrh,21cc4d1ab7b9718d,1024,0/0
/spttest/afg3cy4ebjid,130cc9c92c17b585,1024,0/0
/spttest/nu71hbe0hizb,2b8b58a6ed566257,1024,0/0
/spttest/tft5c3l5aukm,35c62b3f5a688246,1024,0/0
/spttest/puol9dxjncmr,2f38e825b53fc6b3,1024,0/0
/spttest/ng0nlmnak6k8,2ad3313c1a310438,1024,0/0
/spttest/lpn4d0mbwfbp,27a8f92aaad45895,1024,0/0
/spttest/opxlyj1hfm5t,2d2799ba3a9522f1,1024,0/0
/spttest/ztvtj5aonym,1d1684f06957d4e,1024,0/0
/spttest/rynsoze9lfwu,3313ce5cd39814ce,1024,0/0
/spttest/pcrwpkq5yt6d,2e504c0220db1535,1024,0/0
/spttest/7f7zapmjd16x,d8f04b0c7206249,1024,0/0
/spttest/j43kxs0x2fge,22e9eb754a5b7bbe,1024,0/0
/spttest/tja3vucqxdar,35f3418da9da6b93,1024,0/0
/spttest/z3yaja44n43f,4021d6cd6818e87b,1024,0/0
/spttest/or4ypbrbmq9,14188d730de5ed1,1024,0/0
/spttest/fj67ovx42t7y,1c5f4074addf986e,1024,0/0
/spttest/y5q5eyd0giri,3e6543fd862ab6fe,1024,0/0
/spttest/eo42hdei8hi3,1acbcf656bd0649b,1024,0/0
/spttest/fxj3j7cme3bo,1d19c02b4474be54,1024,0/0
/spttest/29npykxlpnsu,424b0dfbf325dbe,1024,0/0
/spttest/paae1614ymju,2e2fff4f9d486eaa,1024,0/0
/spttest/gvwjyfufqngt,1ed83dd2ccac104d,1024,0/0
/spttest/am82yvbs7oax,1364d2a237a18ec9,1024,0/0
/spttest/t0ks68mpsxwr,35004fad80396bab,1024,0/0
/spttest/smmynhrw22ut,344b3f71c646b6f5,1024,0/0
/spttest/wlgnt16lw6xd,3b8a711e58244811,1024,0/0
/spttest/wpabxktssx06,3bbc1d7876bd4616,1024,0/0
/spttest/ik7yf6ggrer1,21e7b6645535f36d,1024,0/0
/spttest/hq6qk36kydf8,2061982537a51474,1024,0/0
/spttest/lbd62dtvco10,26ef8843856267a4,1024,0/0
/spttest/uyyrhcnjncln,38929b07c8d64e8b,1024,0/0
/spttest/udv2xxgfud20,378080923eb59c98,1024,0/0
/spttest/i5ss093zq832,212c62d0c6f72a6e,1024,0/0
/spttest/umgcqtfe0hp8,37f0178258da139c,1024,0/0
/spttest/179yr0oty5ks,23222841585adbc,1024,0/0
/spttest/un13uz2vw09m,37f794724c68405a,1024,0/0
/spttest/itg3yr2r0cv9,225f8edf51e7b425,1024,0/0
/spttest/4ulgkovmc6hh,8dbe0ee6e20ddd5,1024,0/0
/spttest/i5syp6blo8yo,212c73fc8c612460,1024,0/0
/spttest/1h577ewnmfaz,2b24eefd3038dfb,1024,0/0
/spttest/nz2ugwk4f1rc,2bcac7790f220aa8,1024,0/0
/spttest/4a4lynbt43x5,7d2035c3cc325d9,1024,0/0
/spttest/ser37cklmfnl,33e4d28ab5b67dc1,1024,0/0
/spttest/blphnz4gkale,1531ba96f20f02a2,1024,0/0
/spttest/v8n4bepk4364,39104c1c459d210c,1024,0/0
/spttest/ag8fw1ni8097,1317043f47add14b,1024,0/0
/spttest/6h4w3y8pwi5w,bd444ad83a7dcf4,1024,0/0
/spttest/k959f98ecilx,24ff162d468f2735,1024,0/0
/spttest/ts1m6hdixcta,3665187dff5ef51e,1024,0/0
/spttest/e44a1y2qyxx2,19c819b03d00e236,1024,0/0
/spttest/oivcr7ab1pl9,2ccbdc946257bacd,1024,0/0
/spttest/dem5cykyahap,187cd3990ecbc811,1024,0/0
/spttest/ib6p87p87rdv,21725b1fe6790263,1024,0/0
/spttest/m93n42wlibac,28a5bb0ca5c5dea4,1024,0/0
/spttest/kqd85s4ozhn2,25dec73f01a3ec0e,1024,0/0
/spttest/gitc8mwgi8l6,1e2e3894e598ebfa,1024,0/0
/spttest/uvil2sxeuj0l,3865ccefd05aedc5,1024,0/0
/spttest/1z5lykwj258d,39c436a4727b9fd,1024,0/0
/spttest/w3c6n64vqfwy,3a9f04fcfe700212,1024,0/0
/spttest/5zu8ea7sxug3,af39ac9de6e5063,1024,0/0
/spttest/oxl7lmd751o3,2d8b0a857e02f2b3,1024,0/0
/spttest/84cs8zde16s8,ed57bddc35f2a98,1024,0/0
/spttest/jka19x39csq7,23bc13b171da016f,1024,0/0
/spttest/6y3p6g7cpyld,cb0a7e43e0c0361,1024,0/0
/spttest/6z7gb9rlpf9f,cbeffdf717bea83,1024,0/0
/spttest/ws1vqyrufs49,3be008c55e110619,1024,0/0
/spttest/d4cc4wlzxtlh,17f764bc0cdf8b15,1024,0/0
/spttest/u6t1mqe4eg1w,3724d7ac859be4c4,1024,0/0
/spttest/c2nitmmzprgi,160dd62fae641242,1024,0/0
/spttest/aosw7rlv29i1,13864f8dc615ff99,1024,0/0
/spttest/y14vk19vdv75,3e29a1ef41af3231,1024,0/0
/spttest/yyby4umfos6o,3fd8d49978870bb0,1024,0/0
/spttest/ihvyca5unykv,21c96740c986c0cf,1024,0/0
/spttest/afxhwgfntz3w,1313115b7b9069fc,1024,0/0
/spttest/z6pkvq00tc7e,4045a9cd8d1e430a,1024,0/0
/spttest/duihlndnhq1i,194b55a42a931916,1024,0/0
/spttest/pyn82y2d5w5q,2f6c5efde247470e,1024,0/0
/spttest/16zzhnb73vuc,22e88bb3bb6e6f4,1024,0/0
/spttest/1jdotprn5iw,13fb60bd624ab8,1024,0/0
/spttest/9ui3x08wvxbn,11fcbd8f85313a73,1024,0/0
/spttest/g46uspjyuie2,1d704221f4a4d69a,1024,0/0
/spttest/rkj3mbqobmn7,325c42f61fe23763,1024,0/0
/spttest/dlr532i3gqaj,18d98d87fff2341b,1024,0/0
/spttest/n4scg1sedf83,2a414fd7f0f95c53,1024,0/0
/spttest/k3ho4g54yctw,24b5a0c5979a2d74,1024,0/0
/spttest/1y0wxsp6dc58,38d947c28c948bc,1024,0/0
/spttest/5vqb4rt58y9i,abe3b4ee14dc876,1024,0/0
/spttest/aoej4l0ub7hk,138120d0fcf928a8,1024,0/0
/spttest/p2bx4fq9atoq,2dc8a29bba9af5ca,1024,0/0
/spttest/mftecse2wr3i,28fcf5b152224b2e,1024,0/0
/spttest/rd347530pq0x,31fb91c186b14c01,1024,0/0
/spttest/mb0qs4quf6is,28bea9dea1d594c4,1024,0/0
/spttest/koa161cdee61,25c3a5af88b4ac39,1024,0/0
/spttest/nm9olttxsf2a,2b2462ab5a42a042,1024,0/0
/spttest/jfojuskpwhtf,23805e3c9d80eb33,1024,0/0
/spttest/dq0dbx5x8sc9,1910d7078db40679,1024,0/0
/spttest/kx1784b63hsp,26355d39a62a8ed9,1024,0/0
/spttest/opsj0pzxnpt8,2d25c4585f7e9f6c,1024,0/0
/spttest/werhqmek0u2b,3b336cce3a710433,1024,0/0
/spttest/qkgv5k795do2,3087d742f2487972,1024,0/0
/spttest/ao6vl8o7ejgr,137e5dd8d527e10b,1024,0/0
/spttest/rlbgni6g4vuo,32667eb620504240,1024,0/0
/spttest/p9xpakmmut3z,2e2b6b6af5fc9cdf,1024,0/0
/spttest/918chpb0t2rs,1080876f31a08f48,1024,0/0
/spttest/8lucoqihvgih,fb8a3ede67b3e59,1024,0/0
/spttest/nkib072ua4if,2b0d8492b7c9cb57,1024,0/0
/spttest/ole8gvzgrdtu,2ceca7176a28eac2,1024,0/0
/spttest/p91e00t17s1f,2e1fc2a89125beb3,1024,0/0
/spttest/sk9nppynhz0w,342c7814359bda90,1024,0/0
/spttest/edopudr5l1kd,1a4460e094a6bc2d,1024,0/0
/spttest/ibl8tk8taf4r,21779a8d2c0a481b,1024,0/0
/spttest/wybs5zz0jhw3,3c318acd5570bd53,1024,0/0
/spttest/wxp8z43i8gug,3c296975c99e4548,1024,0/0
/spttest/wmcjbwybr0tr,3b95f16b4e08afef,1024,0/0
/spttest/udlnz7xg7heo,377d1adcc145b7e0,1024,0/0
/spttest/f2l3qukau64j,1b87ce7de1b7f483,1024,0/0
/spttest/l779s8kncod9,26b9729140a7cd5d,1024,0/0
/spttest/xom5bf9f049c,3d8700e6bccbf890,1024,0/0
/spttest/snp2ruv9sc5v,3459000304ff5193,1024,0/0
/spttest/thnxv7e0z9u6,35de44c1509e448e,1024,0/0
/spttest/qsew1jkeh02n,30ef0adbb9ec289f,1024,0/0
/spttest/p4ht7lojf7ik,2de4bd4b2f7236cc,1024,0/0
/spttest/ljt2du3yeyju,275d2ec336f5146a,1024,0/0
/spttest/s5f5akp3bybn,336b9c2c7fbc2983,1024,0/0
/spttest/6uqlq9twtjie,c84f67be174cc06,1024,0/0
/spttest/1xstp66v4r46,38aa93a1a895946,1024,0/0
/spttest/l4chfx9cfabo,26945c497ad60204,1024,0/0
/spttest/a0eceanqv1j9,12495162f4b74f85,1024,0/0
/spttest/hu35076hr2rw,209440c4c1713fcc,1024,0/0
/spttest/2zfbvhymuwa8,57362765e046cf0,1024,0/0
/spttest/dxa4bflv5wdi,196f4861d948d626,1024,0/0
/spttest/8ng0rvae8n8h,fcd72b8a1bb0da1,1024,0/0
/spttest/ndj65sy9jt52,2ab2e7b7097d8b46,1024,0/0
/spttest/z2rohxi01leh,401276caed07fa99,1024,0/0
/spttest/7hywaiptwib3,db2b56f7dee05af,1024,0/0
/spttest/dil0yf41ohra,18b060f502a010e6,1024,0/0
/spttest/kfhb8ri480s8,25515ece138371f8,1024,0/0
/spttest/td09gkj3l430,35a1c4a3020056ec,1024,0/0
/spttest/7pdo038jpxz,641511aec1fe17,1024,0/0
/spttest/u2sphk3rgnse,36f0c37d2028436e,1024,0/0
/spttest/sey5g1ekfgps,33e75eded5109e60,1024,0/0
/spttest/n288bp8x73hl,2a20136464653e69,1024,0/0
/spttest/oazcqviy8kn5,2c6563f9b89a7481,1024,0/0
/spttest/k3beyim2yk13,24b35f0c2ed393e7,1024,0/0
/spttest/ltt1cjzv2054,27df10ac3b3e8838,1024,0/0
/spttest/d2gqjvkmdgo7,17df00ae9d2deba7,1024,0/0
/spttest/j1eo86kj4t3p,22c6f42d714b8f55,1024,0/0
/spttest/p8o3ovzflk9u,2e1af76b809024e2,1024,0/0
/spttest/5lnfbhheol6p,a3b4c60b0950341,1024,0/0
/spttest/esoy7oawbd2v,1b074d33b085def7,1024,0/0
/spttest/3ilvik2rct9a,66c8af16b33221e,1024,0/0
/spttest/m8ufjy5zbzty,28a268570474a126,1024,0/0
/spttest/ji6kyowvgzw4,23a0da38e3b518b4,1024,0/0
/spttest/pzf082vs9is7,2f766524638a5f57,1024,0/0
/spttest/snvii7m7lim2,345b52961944c07a,1024,0/0
/spttest/8a2wmaqnnv63,f1fdaefb7ab3c8b,1024,0/0
/spttest/w5e7gdv5vxzu,3ab9ba5204f78eda,1024,0/0
/spttest/xr997xaiyfu6,3da951e5ea220eae,1024,0/0
/spttest/8xwkjkw3w6uy,10554fe7c3c84dba,1024,0/0
/spttest/l2ngqtitzifr,267e5808f8c35d17,1024,0/0
/spttest/8lf6565ebycr,fb3299dd13824ab,1024,0/0
/spttest/1uzhkzs9i3uw,36618f281b6ad08,1024,0/0
/spttest/6czlan6znc6t,b9e6610248b6875,1024,0/0
/spttest/r6wdkaqyhhbo,31ab33aaede91bf4,1024,0/0
/spttest/7wsx0wl9pnay,e7363f5219b5f3a,1024,0/0
/spttest/ws2fzwsib3cp,3be03cb963dae7b9,1024,0/0
/spttest/gknk3451m5n9,1e461d04b6559b15,1024,0/0
/spttest/9wvj776ysdzn,121b901310d79fd3,1024,0/0
/spttest/d2mo88ybs77j,17e124ee6332467f,1024,0/0
/spttest/mfjk4c02xrq3,28f968cd64e90c9b,1024,0/0
/spttest/jqbups9k5xdy,240aab23eb989046,1024,0/0
/spttest/2w3rje2clnpc,5483e767d30df40,1024,0/0
/spttest/ri1piduoful9,323c01fc6742e89d,1024,0/0
/spttest/ml3hpveaf9on,29418c49dfe450c7,1024,0/0
/spttest/c90chvwec0r5,166066483b450cd1,1024,0/0
/spttest/mhvzzjfgj5cc,2917e07212173dcc,1024,0/0
/spttest/8xaqi0us822m,104d6f1677a5107e,1024,0/0
/spttest/kelfxlo1jtdk,2545df0dfa9cac78,1024,0/0
/spttest/rvkex9xo2js5,32eb9e2861c3dca5,1024,0/0
/spttest/st676c6dgx9d,34a01fd9cc925161,1024,0/0
/spttest/tkd46hl45h43,360154ac6d576de3,1024,0/0
/spttest/j5ebn3jn9aat,22fac8e98dd62f65,1024,0/0
/spttest/x4nftkbm8u74,3c83af15f184ace0,1024,0/0
/spttest/g3au28ldclnf,1d64b47654f0999b,1024,0/0
/spttest/bgr1b8g38hnd,14f15714f34f6e59,1024,0/0
/spttest/xvt0cjvsk1sg,3de467871272ee10,1024,0/0
/spttest/oza9i0hgu61m,2da111dbd275ee1a,1024,0/0
/spttest/vko6605syh06,39ac8c4e4c06da96,1024,0/0
/spttest/4eajz846x6f0,8081d819a9234bc,1024,0/0
/spttest/kh9fjlk7wbrk,256881686a2d4a90,1024,0/0
/spttest/wlv8mu4gesqs,3b8fb3b6bb408904,1024,0/0
/spttest/qacg1mzehbaw,30045a7473c12d78,1024,0/0
/spttest/ly0wet7dtkha,2815dbfa3ce905ee,1024,0/0
/spttest/iv6s11w6ba79,22762b7237f79e65,1024,0/0
/spttest/pqbssinafji3,2f0055a83f36367b,1024,0/0
/spttest/w0okmehc2q9i,3a7c8580d27ac176,1024,0/0
/spttest/b1qwa913eu5j,142e7354f3f02727,1024,0/0
/spttest/o3z6klrq3pq5,2c0a675632979afd,1024,0/0
/spttest/m777w6iz842r,288d0af58a5bb1a3,1024,0/0
/spttest/c0zz1qal8mg3,15f859b8bf3fa0a3,1024,0/0
/spttest/6m2i71tutbka,c145a865f2721ca,1024,0/0
/spttest/ooundne3dore,2d198b026cce499a,1024,0/0
/spttest/kw1y1o1yawb1,2628a4c8ea97880d,1024,0/0
/spttest/5u203w0smgru,aa878ed50c25a6a,1024,0/0
/spttest/kgs8vtquac2m,25624e0f0843719e,1024,0/0
/spttest/9lf4kltg7q1a,1186c2d3c8dd738e,1024,0/0
/spttest/6kbp7xhkvwb3,bfdb15949b5fd4f,1024,0/0
/spttest/oyywx6g908zn,2d9cf988a0b9b683,1024,0/0
/spttest/qjm0wbdf56wx,307cb694ef242541,1024,0/0
/spttest/o2pntip0hjos,2bf9faa6b83de1ec,1024,0/0
/spttest/ry0wzmckyklp,330b8cea112700cd,1024,0/0
/spttest/4yote3sz134c,9110bf2e8ad690c,1024,0/0
/spttest/1y2154z1m37b,38dfba3bb8a46b7,1024,0/0
/spttest/4jzpyuz2lkju,852245d5ac4694a,1024,0/0
/spttest/znqvx3d43lc,1cf3170c2b0d430,1024,0/0
/spttest/ou6yh9vpb3eb,2d5eee31aa164af3,1024,0/0
/spttest/pj92potn3tco,2ea46d362da88258,1024,0/0
/spttest/fd0k6cwf7ve4,1c0f46bd97a8c9ac,1024,0/0
/spttest/7xhr7pogen4s,e7c5a410def2c9c,1024,0/0
/spttest/jfxk03ull1bc,23839dedfced96e8,1024,0/0
/spttest/wyyz21fc2gnn,3c39e8f32f8b78d3,1024,0/0
/spttest/4632mta5yacg,79d805f2baf45e0,1024,0/0
/spttest/shhgoa4q6d3e,340851310bda11ca,1024,0/0
/spttest/qog6l3eyouys,30bb8d403d2c7cc4,1024,0/0
/spttest/ao7n0fv2pr7x,137ea434dd04640d,1024,0/0
/spttest/smlf1k4apf46,344ab0c3506b72c6,1024,0/0
/spttest/9reuhs13o9ml,11d498822026cdbd,1024,0/0
/spttest/dgt7dvtt8rbq,189959e2ecf93d56,1024,0/0
/spttest/l87lhgskikq6,26c68dd887bbfd6e,1024,0/0
/spttest/zf1bqrpnpuhm,40b1d0d4a5d2119a,1024,0/0
/spttest/44r7tinta4s8,78c3c00bf428fb8,1024,0/0
/spttest/10g4ipqi38xa,1d96ebb2c5159ee,1024,0/0
/spttest/fn761w5zfb8,cb35b65fd56d44,1024,0/0
/spttest/myte9pudvo6h,29f3c15a073dc129,1024,0/0
/spttest/mq04ytk5m2ed,298148c006f1faa5,1024,0/0
/spttest/mrtshmmgg72y,2998f90a127d4fda,1024,0/0
/spttest/v3dwkwgj5ziq,38cc06a9b4b87612,1024,0/0
/spttest/rjuy1mrs6u6e,32538bd1df356646,1024,0/0
/spttest/qv1r5x64rds7,311145530e812a87,1024,0/0
/spttest/ocjswt8vy4l5,2c79c2129dfcbab9,1024,0/0
/spttest/r7ac8njmfbl3,31b03d6d68795a67,1024,0/0
/spttest/fcrepvvcvtgf,1c0bf96c65b53edf,1024,0/0
/spttest/myt8ui5jupty,29f3b3703e38a546,1024,0/0
/spttest/v1h36cohmuzu,38b3322d7e64976a,1024,0/0
/spttest/9j9n8nvgiftf,116ace00ca087c93,1024,0/0
/spttest/vla7ko039hv2,39b4800499d925ae,1024,0/0
/spttest/ac53ffvoll06,12e1da24861f0196,1024,0/0
/spttest/r15ee0ugmtse,3160858f5f03084e,1024,0/0
/spttest/tkb8z2xvipfh,3600a83cf30bd43d,1024,0/0
/spttest/4ecbnb4uy9pe,808c0de000c43a2,1024,0/0
/spttest/m55a08rrl6px,28725d215b18dc45,1024,0/0
/spttest/pvlms017dts8,2f44d4311560e308,1024,0/0
/spttest/doko1f99f97f,18fe2f5b3a19795b,1024,0/0
/spttest/k6a3b65otf6x,24d9dc8fdf135e29,1024,0/0
/spttest/yhshkcyst719,3f01fafb758eecdd,1024,0/0
/spttest/tj2024zhbaez,35f054cb0050e67b,1024,0/0
/spttest/jm378so8tl0x,23d396f18f8c37b1,1024,0/0
/spttest/jkw6188dyrvz,23c410010717ceaf,1024,0/0
/spttest/g8s2181sisc0,1dabdd75be3e5ff0,1024,0/0
/spttest/wi7kn7fuk0fd,3b6031ebeb7fe929,1024,0/0
/spttest/ktfox4wnmezf,2606a2c146586c5b,1024,0/0
/spttest/ibdu4lvddygu,2174ee4631d848be,1024,0/0
/spttest/qr1z8le56pgn,30dd6503a8cf3367,1024,0/0
/spttest/jqlm1daipned,240e308e69660cb5,1024,0/0
/spttest/m03dujjqofzw,2830bbf78d989cfc,1024,0/0
/spttest/w785wkqzg44g,3ad186a594cb63e0,1024,0/0
/spttest/4k1sedhscww9,852e356a5770189,1024,0/0
/spttest/4zvkyka3pn0v,9207a26377b4bcf,1024,0/0
/spttest/nd5xtt2jkkqi,2aae218be9a1f0fa,1024,0/0
/spttest/cschv9ek7mgk,175b945c72dd4974,1024,0/0
/spttest/8myd6a4vqdyi,fc713e8d2b8f82a,1024,0/0
/spttest/g10bkhz5do1g,1d46eed162965bf4,1024,0/0
/spttest/6u2v1nyg0y61,c7c658cd3b434f9,1024,0/0
/spttest/ihjtpqxk493s,21c506f708a79f18,1024,0/0
/spttest/7c02jgrgx97c,d65324bb072c8d8,1024,0/0
/spttest/xikwcekyvoy4,3d389df876c0a20c,1024,0/0
/spttest/2t2ywiyty0ai,520fd389cfa5afa,1024,0/0
/spttest/ftzozs25ipgf,1cebc818c79f3e5f,1024,0/0
/spttest/h3uoxzn01gbk,1f3f7bf0086b34e0,1024,0/0
/spttest/qvho2hlys0sy,311703463b835912,1024,0/0
/spttest/6wim75khmxp2,c9c0f412e45e516,1024,0/0
/spttest/wdxvvbtg3xfd,3b28be03c293dff9,1024,0/0
/spttest/89hloh6n6hdz,f182b228dc0fc87,1024,0/0
/spttest/hmbjl6wbazvk,202f5f13eb2adf20,1024,0/0
/spttest/dfyspypn9v5z,188e61369e96e107,1024,0/0
/spttest/jyuvpmpxzsbq,247972bedd97df26,1024,0/0
/spttest/49pr8gie539q,7cca75d641bf5ce,1024,0/0
/spttest/n7c1otxq51pm,2a62661fc528e5ea,1024,0/0
/spttest/pfl6kcaii59m,2e74d67c4fe0652a,1024,0/0
/spttest/zr80nsf4st8,1d07280609c39dc,1024,0/0
/spttest/4ml1orommjx4,873d0ae7054f458,1024,0/0
/spttest/5nvw183zcyt8,a5854b9625cea3c,1024,0/0
/spttest/vjo2xl9frdoi,399f86c089284102,1024,0/0
/spttest/3m7ogvuswz05,69b60bc1f3f3d35,1024,0/0
/spttest/b5q708fx6wu,90f2e0007ef03e,1024,0/0
/spttest/m8k63p9us1rr,289eb468501de9f7,1024,0/0
/spttest/1plshkzzpzqb,320357d21477023,1024,0/0
/spttest/j62wqwzqizk1,2303a7e75ac8ca81,1024,0/0
/spttest/iabev5vgu85a,2167111f004880be,1024,0/0
/spttest/niqs5dwnipfz,2af698fe6a5e584f,1024,0/0
/spttest/k4nmcafp9wah,24c4c3aa538b00b9,1024,0/0
/spttest/46jpsw6k1tr4,7a381b5c637b8e0,1024,0/0
/spttest/k3qe21miq1jy,24b8c641c40b845e,1024,0/0
/spttest/hw5tpywq7uko,20af336f1d59d088,1024,0/0
/spttest/g77uzk26qmlb,1d9796c2543c02df,1024,0/0
/spttest/y0fihmr4p5l8,3e207b33b923588c,1024,0/0
/spttest/jzootzctb48o,2484342477e34738,1024,0/0
/spttest/kwri9ujsbt6h,2631dde3bde25079,1024,0/0
/spttest/j34p2m1vwyqx,22dd552d66cd7ae9,1024,0/0
/spttest/8j8dhm3brggn,f96bb5f64c80317,1024,0/0
/spttest/53jnrafkxfgr,95021efae025c8b,1024,0/0
/spttest/jmfia750xsik,23d807afa0d3329c,1024,0/0
/spttest/xiodj9mafrkf,3d39df2ec598eb4f,1024,0/0
/spttest/p54pjcrcc1v2,2ded00567577ec6e,1024,0/0
/spttest/al67589cb5sb,1357275b586a020b,1024,0/0
/spttest/vvqy9cw7l51k,3a3c6ef285d5f3c8,1024,0/0
/spttest/bm052dts1mxl,1535924fe028aa59,1024,0/0
/spttest/qs0vcemmdutf,30e9fbe94d84ab43,1024,0/0
/spttest/f45ysg2xb7an,1b9c52c4392102af,1024,0/0
/spttest/ochfchcv1r84,2c78e68835697f14,1024,0/0
/spttest/nborivx84i1s,2a9af1db4c2dd060,1024,0/0
/spttest/830vgzkk1164,ec432756328502c,1024,0/0
/spttest/2tur7vru9zoz,52b03d0a3f0f6f3,1024,0/0
/spttest/r2qvdant99na,3175421dc9f97216,1024,0/0
/spttest/er2nn0wd8tdh,1af244b6d7eeb3b5,1024,0/0
/spttest/fhi463562374,1c499152f26f26b0,1024,0/0
/spttest/but87hlmi79i,15a7fb1b27700f46,1024,0/0
/spttest/71tvzgpmips9,ce112b2db71ed09,1024,0/0
/spttest/85cah9u4dx48,ee24b879e9374e8,1024,0/0
/spttest/h340k7f0t3zv,1f35dbcd55bac57b,1024,0/0
/spttest/s8owt5myclpy,339619dbd5a302f6,1024,0/0
/spttest/8frf81cb8eih,f69a5ca969ba679,1024,0/0
/spttest/uphddilcghin,38176d43f1681caf,1024,0/0
/spttest/n8oidzrdyvn6,2a73e2a5474fbdb2,1024,0/0
/spttest/nfxqz4h8b92g,2ad224ca0b66eea8,1024,0/0
/spttest/lhlwnzgk592h,27409f0000298129,1024,0/0
/spttest/y44vwylfqko2,3e509aa04299ee22,1024,0/0
/spttest/qddghkz2a8zj,302bafbacd4279ff,1024,0/0
/spttest/5zx64nexa0rl,af4aa133b074b61,1024,0/0
/spttest/7mc2a0pnbqpb,deb6a9bd07056ef,1024,0/0
/spttest/3obfiw6ilqab,6b6b5c5bc9a2253,1024,0/0
/spttest/fi396bir9ghf,1c5131e7119a6eb3,1024,0/0
/spttest/ntkcc01ra6x2,2b832806fd2ce086,1024,0/0
/spttest/hc0oi60sl95n,1fa98f12be0f9d9b,1024,0/0
/spttest/io52k8wtjf3r,221aa0f03fd51037,1024,0/0
/spttest/17ngdxzaxlxv,237008e2a22f353,1024,0/0
/spttest/rho9czxsyamn,323727c328d85a4f,1024,0/0
/spttest/ojnk4xn4ovvd,2cd609d461f70759,1024,0/0
/spttest/p0f5ulh73pva,2dafd3971e53c0b6,1024,0/0
/spttest/a8bxdfqk5r5x,12b05c27ea2184c5,1024,0/0
/spttest/7bv3dudl6zwp,d63669e9b35a449,1024,0/0
/spttest/te3qfijswm8c,35b0028a95f9e08c,1024,0/0
/spttest/nf9irapc5dp6,2ac966de06bec49a,1024,0/0
/spttest/gnocubi8u292,1e6d5e91c9df26e6,1024,0/0
/spttest/4ys01y40v2ko,9123225c5cf0ec8,1024,0/0
/spttest/lh86rk61qixc,273babc1dc205b50,1024,0/0
/spttest/8c6b68xh92vb,f3b0fe5bd3a4bc7,1024,0/0
/spttest/sv5ji1jfylfy,34b9dd9e9ee9cc0e,1024,0/0
/spttest/7s2nld0sxqva,e35f5280c73b246,1024,0/0
/spttest/ddx5hq85ks1p,1873cebb4c86effd,1024,0/0
/spttest/ycoucvb1twkh,3ebfb80c069fe721,1024,0/0
/spttest/s1b14vs7nxht,33362b014f275051,1024,0/0
/spttest/bukvwg2rbpvk,15a4f8956df99ac0,1024,0/0
/spttest/i4xg0tvxjcks,212114a6d82e336c,1024,0/0
/spttest/thf8mke6e5is,35db210c83939174,1024,0/0
/spttest/8c9orajr5acr,f3c47db75354aab,1024,0/0
/spttest/6zcshnghf9yj,cc0ecf54bd1812b,1024,0/0
/spttest/53aq4mux760t,94ce8b46bc8733d,1024,0/0
/spttest/fevl56hu4ms6,1c2775e5096bae56,1024,0/0
/spttest/botal0ur8xks,155a11a972f2cefc,1024,0/0
/spttest/lgdra2yaq0iq,2730b0fa3eb83722,1024,0/0
/spttest/nnmhibbuvrx4,2b35fe80962bb918,1024,0/0
/spttest/zkyzc84j6g37,40fee7cefd6499f3,1024,0/0
/spttest/obeh3v4canw6,2c6ad8b01f5c6376,1024,0/0
/spttest/458bjqf5dgxy,79267d42dbab806,1024,0/0
/spttest/i7lwi8wmubjz,2143e24c033aebff,1024,0/0
/spttest/esg9xtl367ar,1b042bf99214d173,1024,0/0
/spttest/livaly3vbbfz,2750ff58bfd3d9af,1024,0/0
/spttest/4hxftwspgibf,837571aa808a9bb,1024,0/0
/spttest/k31peaqy3hnu,24afde25d569a62a,1024,0/0
/spttest/f2dly2t7a5ei,1b851a3ec14ad4da,1024,0/0
/spttest/gtv3zw97j0ag,1ebdbdfe31647338,1024,0/0
/spttest/43ggfzi50gay,77b5cd2b804ef8a,1024,0/0
/spttest/7qyjj6hhenn7,e277c0213f72433,1024,0/0
/spttest/l1s732vkd9r3,26730fd5e0e3c29f,1024,0/0
/spttest/odf7e32l4jek,2c8516a3ea6a683c,1024,0/0
/spttest/8w4eqwolgzt6,103e297721382e4a,1024,0/0
/spttest/tf0d0qn8i6vl,35bbc848fca35751,1024,0/0
/spttest/4zprzspgejjv,91e61fcff95ee7b,1024,0/0
/spttest/fsctrczxraxv,1cd68a9973781d23,1024,0/0
/spttest/7jjk2gxv2hdc,dc7270fee68e770,1024,0/0
/spttest/q1pvbpf8l9ua,2f944b22c3141912,1024,0/0
/spttest/4w8to1sukqm2,8f14c40950ba1ba,1024,0/0
/spttest/j0i2jyzjid2z,22bb30c967c151bb,1024,0/0
/spttest/o7wp47t86vew,2c3d76d74051f088,1024,0/0
/spttest/wh5xbdz5hvzd,3b529c70f416dd29,1024,0/0
/spttest/go1bhie4zqv8,1e720be0c1954ec4,1024,0/0
/spttest/pxqpzilk46jo,2f60a4c787d5e224,1024,0/0
/spttest/r1wfg7n07j51,316a4639702688a5,1024,0/0
/spttest/1nphu6j39cn1,307911f5fd8973d,1024,0/0
/spttest/w5o252a5w584,3abd485df1a8cf74,1024,0/0
/spttest/p9vypi9s8eyk,2e2acad67a34bdbc,1024,0/0
/spttest/e5nkc35wpy6u,19dc0c528913fd56,1024,0/0
/spttest/i6fpkddcl1y4,2134a9058982ad1c,1024,0/0
/spttest/ktdf4ozgjzg4,2605d0e638a23634,1024,0/0
/spttest/abunrqzwblnh,12de1648f3782e5d,1024,0/0
/spttest/liqoa8w0b7mo,274f5497b0237b60,1024,0/0
/spttest/9rc5unsllz01,11d3a08b9c2eb971,1024,0/0
/spttest/5tla7n2guooq,aa2709793b1607a,1024,0/0
/spttest/i0ydsidp66wz,20ed7644beb29583,1024,0/0
/spttest/p7plpa0x0b69,2e0e84be4d01d991,1024,0/0
/spttest/kn6m5wghuj2p,25b56cd3e98aed11,1024,0/0
/spttest/ufvr4icpy1s,18b68b2b86d8ca0,1024,0/0
/spttest/m34h3xpkkhz4,28581878e6f60000,1024,0/0
/spttest/9gh7dsh0xzfr,1146907de2f715a7,1024,0/0
/spttest/80zub0rmzx70,ea9d895f6b374cc,1024,0/0
/spttest/ixsve7uyng7x,22981eb258573bdd,1024,0/0
/spttest/2dvtmixhqbx5,45b9240334733d9,1024,0/0
/spttest/sva9s2zcue8z,34bb9284bfdbbba3,1024,0/0
/spttest/uu9egdrn01s6,38557f5f87669c06,1024,0/0
/spttest/84rbrztzah9t,edabb206b73fcf1,1024,0/0
/spttest/lb0ia1a8vfbh,26eaf6cfb4dd5f4d,1024,0/0
/spttest/c1uelxxo9d6h,160354b23f0f36f9,1024,0/0
/spttest/vumzergujqfx,3a2e032b2ca25a9d,1024,0/0
/spttest/69ck6tst8fmb,b6f1efc49857e13,1024,0/0
/spttest/jk1rkr7drkjb,23b917dc981df9b7,1024,0/0
/spttest/dkhufj9d07t7,18c935a00973088b,1024,0/0
/spttest/gpowc2a1j0zn,1e878b18f42ab4c3,1024,0/0
/spttest/a0j0yg460o7z,124b01dfe4a6509f,1024,0/0
/spttest/tijhpz126qrk,35e9a71d0a032300,1024,0/0
/spttest/ecf8tfh5wbbq,1a33f89ec29f3a56,1024,0/0
/spttest/lb5iyj4xy2qf,26ecc665ffb94357,1024,0/0
/spttest/7gdljgxsgs66,d9e08dc2821729e,1024,0/0
/spttest/69zaej3t4rtt,b775258a2963ee1,1024,0/0
/spttest/2hzox87gy9qq,490ecaf3c1fb1d2,1024,0/0
/spttest/usbipb0397br,383c487ecb9b6057,1024,0/0
/spttest/4crzo8ug6wyt,7f46d85defbb465,1024,0/0
/spttest/rd5cougmb8do,31fc6047d46ff52c,1024,0/0
/spttest/x0behm4omy5x,3c4b6238f0699e75,1024,0/0
/spttest/uavbsibk2gkx,37599f81beac8071,1024,0/0
/spttest/bemd5cvr4yj9,14d5ad1904c25ed5,1024,0/0
/spttest/3yj5ye1c1q1a,73b64bb7397ca0e,1024,0/0
/spttest/6ya41hkij8xp,cb2f83bf08a25fd,1024,0/0
/spttest/mkh0ujrrqvyy,293970e6f9741b5a,1024,0/0
/spttest/muyesnj3lkhi,29c19b83fb05d9f6,1024,0/0
/spttest/xro7m1ixnhbz,3daeb74bde2d907f,1024,0/0
/spttest/k3y0agfvzv8g,24bb85e1a0db23e0,1024,0/0
/spttest/90gga5fdo75c,107676d93367d330,1024,0/0
/spttest/x5khfjh6ilh0,3c8f9b5eabd0d734,1024,0/0
/spttest/j4y66e5u9j30,22f4f5003c033adc,1024,0/0
/spttest/90pk771w5ksw,1079c03714f7ec90,1024,0/0
/spttest/xmkxdtagd8ex,3d6c95a9e56cf3d9,1024,0/0
/spttest/7annzzdxhuen,d53bb4f7b29b92f,1024,0/0
/spttest/fy96msv4l42n,1d2329b273d8a7df,1024,0/0
/spttest/hsy0n2jmk2bp,20856a78c6fa2ac5,1024,0/0
/spttest/lvnc13xczum6,27f6fc6275cfa5be,1024,0/0
/spttest/pz0oj7bidc68,2f7139fd77bc0ce0,1024,0/0
/spttest/8vyqc029zw0c,103c1cfba0f27dcc,1024,0/0
/spttest/vrk8cm8w71oa,3a060d3ba02ca43a,1024,0/0
/spttest/4os9fiewujtr,89065a397ecb7df,1024,0/0
/spttest/quetff7on13d,3108fea9e19ea949,1024,0/0
/spttest/rhh4bka4sej,165041e3f2c32cb,1024,0/0
/spttest/cgtc1est3g56,16c5c8958744c17a,1024,0/0
/spttest/bvhzynmye5qg,15b0eb2807617e88,1024,0/0
/spttest/vpqjz4309dk8,39ee5ac17e0098e8,1024,0/0
/spttest/a58tequz80sz,1288451c74821113,1024,0/0
/spttest/ww7qrqidwa6q,3c161b3bbbb21092,1024,0/0
/spttest/fs1b1wgc6caw,1cd2628cd2118fc8,1024,0/0
/spttest/jyezzu2ayjm9,2473b7d815cfc9d1,1024,0/0
/spttest/m3vplk4biv5x,2861ec32741f6945,1024,0/0
/spttest/62llq79qrqzi,b177572fdd2cf5e,1024,0/0
/spttest/7siqgfca1w51,e3bc264d6f942f5,1024,0/0
/spttest/lbasj2grhcik,26eeaccb9fdb749c,1024,0/0
/spttest/2h5lnbcv6go8,486113bc02538e8,1024,0/0
/spttest/fe8yqqzojai3,1c1f4c514cf55feb,1024,0/0
/spttest/5tpmxbs6epzg,aa402af6994210c,1024,0/0
/spttest/a2ffnysk7813,1263b0a7a2d28867,1024,0/0
/spttest/p9lw9knnrbmx,2e2728e35fe726a9,1024,0/0
/spttest/cbkb2his141l,1681947f44657eb9,1024,0/0
/spttest/8qrkrp8yxaxf,ff895d886ed8793,1024,0/0
/spttest/31vherauo2gy,5933111bce79882,1024,0/0
/spttest/ff93zylw90im,1c2c570f4c63dede,1024,0/0
/spttest/ie47bv70gyi8,21986c3c09ad3eb0,1024,0/0
/spttest/uwjuxk3cm3bh,38733fd88270b24d,1024,0/0
/spttest/5ualjebl1fbg,aab92dc178ee4cc,1024,0/0
/spttest/3h03iyexe2k8,657b223bf605d78,1024,0/0
/spttest/137aexh5rm98,1fd364fe597426c,1024,0/0
/spttest/gmxckoozejjh,1e639ff0b9613d6d,1024,0/0
/spttest/djtjqi864ql5,18c071587bcae599,1024,0/0
/spttest/8cip6vfg09op,f3f884827a34d09,1024,0/0
/spttest/jlede0eurof1,23caa18101060a5d,1024,0/0
/spttest/lmz1myi6p8ru,27864ed399d1e6aa,1024,0/0
/spttest/os0e4tyypaud,2d429544c56efd25,1024,0/0
/spttest/iykvtl9cmczr,22a23a1a61dbcb47,1024,0/0
/spttest/xk2k5wrk29qz,3d4bfa9a7466bddb,1024,0/0
/spttest/q8gfrq22ckpa,2febd0b53058ddce,1024,0/0
/spttest/94p089nrq86t,10ad8200b958f2f5,1024,0/0
/spttest/duq6jkvqaqie,194e1c375215dab6,1024,0/0
/spttest/jrxv4yo92z2v,241f999484344717,1024,0/0
/spttest/x91smn5k8pmc,3cbcd221435febb4,1024,0/0
/spttest/7qg6h3redpc1,e20dbe069e54b81,1024,0/0
/spttest/8bfpnr0cyg2w,f31771f8e8f81e8,1024,0/0
/spttest/hya9ki0zndd1,20cac8154f6ec665,1024,0/0
/spttest/3fi0wvpxuwyk,6442f8cb6a0b75c,1024,0/0
/spttest/s240vr8jl63l,3340a108a08b9521,1024,0/0
/spttest/2d3u2lr5vbx8,4517915ffa88f1c,1024,0/0
/spttest/u6eucucy7dfy,371fb7da68f131ce,1024,0/0
/spttest/56mqn9kjmm01,9783638c30d2be1,1024,0/0
/spttest/m44qoeu6aa7m,28652e47c8f33032,1024,0/0
/spttest/cdyuect4w23u,16a0cdc307542aaa,1024,0/0
/spttest/jq3hpg3p276,10036695a0eca62,1024,0/0
/spttest/7zxlrq74luj8,e9c0cb0f371edd4,1024,0/0
/spttest/93zgkfajloet,10a44a58f4fbb9d5,1024,0/0
/spttest/hgv1djroprio,1fe8782c681d2b90,1024,0/0
/spttest/149umssy53wv,20b202e92b6350f,1024,0/0
/spttest/uygeqgigonw2,388bfbb2287ca6f2,1024,0/0
/spttest/1p69gdlv9nz,16128807e60baf,1024,0/0
/spttest/zal7fuvvngue,40780adefa69b006,1024,0/0
/spttest/fk1uapk7uqid,1c6aa9dfbaf728b5,1024,0/0
/spttest/flq3lnozi35e,1c8067d741edf372,1024,0/0
/spttest/fe0b7l15a1uy,1c1c2cfe1d4d00ea,1024,0/0
/spttest/xkdfcl8p0i0h,3d4fe64d19908431,1024,0/0
/spttest/yiqmj4hbryp6,3f0e4c3e4ccbb76a,1024,0/0
/spttest/jukt6p5uo0e,101d4522bd39e0e,1024,0/0
/spttest/290ioxgmgpgm,41c51c18b030ae6,1024,0/0
/spttest/sv7bh4v4ousz,34ba81c3dfa791f3,1024,0/0
/spttest/bws9b5o6vgwv,15c19c141b709d5f,1024,0/0
/spttest/ykuzmblp1w57,3f29d9d01a5bb5fb,1024,0/0
/spttest/fn3ct4uuzrpt,1c922d827a0b0d11,1024,0/0
/spttest/h4mio3t9ply5,1f49862635baa85d,1024,0/0
/spttest/ebx74hzuwmh8,1a2d75a6320093cc,1024,0/0
/spttest/igpd72atfner,21ba098892dfa943,1024,0/0
/spttest/z85lnojinqai,40586ef1bb82a2da,1024,0/0
/spttest/u19i3a4az8xa,36dcd841e2fb51ee,1024,0/0
/spttest/z1dgn6xtdp22,4000583ab506411a,1024,0/0
/spttest/ps2qa3uoyo1x,2f170a69a96cae45,1024,0/0
/spttest/rhuo4k7gf0w4,323977db74657e44,1024,0/0
/spttest/egaexyqu7z4a,1a662f861837938a,1024,0/0
/spttest/tv0eogvxgwya,368ba0a65798a7d2,1024,0/0
/spttest/90o6cg5kqm5p,1079404ce19abaad,1024,0/0
/spttest/zkf4p8klsxd0,40f7be3336105ce4,1024,0/0
/spttest/3gqzjenylwx0,6546898309857e4,1024,0/0
/spttest/zaevs2n6nshi,4075c2be259391f6,1024,0/0
/spttest/uyrfvg269np0,388ff6aaf7ebae34,1024,0/0
/spttest/nhc9qezaforj,2ae45f54a2fe411f,1024,0/0
/spttest/qox96nke1ayn,30c1b62de1c97bbf,1024,0/0
/spttest/f3v2gb1pq05t,1b98641d1e159051,1024,0/0
/spttest/f24g9te6yxms,1b81cc5f741cacc4,1024,0/0
/spttest/lp4b9jjie0pf,27a22fe2077ae913,1024,0/0
/spttest/jqhflsax22bo,240cae93f70da144,1024,0/0
/spttest/okyz92sxonds,2ce725eb49829d60,1024,0/0
/spttest/swqyhjo7h2e1,34ce950f92795d59,1024,0/0
/spttest/v8i7ybevt2cz,390e87996bed5833,1024,0/0
/spttest/kzve2phfw7c5,265a3c5c575b5025,1024,0/0
/spttest/psf663m9n4dv,2f1b87994155e6f3,1024,0/0
/spttest/gzp2i4guhycn,1f097f7dcf8aa627,1024,0/0
/spttest/2ccejaj3jcqm,4479347bd48363e,1024,0/0
/spttest/cc8e17sfqeay,168a44f11802d9ea,1024,0/0
/spttest/1848aejm24r3,23d0e097128e68f,1024,0/0
/spttest/7lbzakwpinyb,dde65b1cdfd42c3,1024,0/0
/spttest/32foucxtlrwg,59a7b81acfa2180,1024,0/0
/spttest/pwl6v19iphug,2f51a89cb6b20c98,1024,0/0
/spttest/8dqqxemu74i5,f4f6cf0ff7b288d,1024,0/0
/spttest/vp12euz4nu9d,39e5287ceb1d48f1,1024,0/0
/spttest/8vv8dro5qjaz,103ad9d1ebd6593b,1024,0/0
/spttest/sbxwnuxqemg8,33c05090c8638728,1024,0/0
/spttest/x0ep8a6w6rck,3c4c92e2bcd267f4,1024,0/0
/spttest/hgxlwek77h0x,1fe96591ca4168f1,1024,0/0
/spttest/prlknl57z6zq,2f10d9b7fb6db926,1024,0/0
/spttest/mgtt12npgmfk,290a1899e9beaa90,1024,0/0
/spttest/u74dwqdzr58a,3728ef3a096b4a3a,1024,0/0
/spttest/k8lpdmpt0k5z,24f807bfab834717,1024,0/0
/spttest/ferf9xkapgar,1c25f55d9cd388c3,1024,0/0
/spttest/quwitxo96enu,310f621a49aae8ba,1024,0/0
/spttest/b5n2cz0viquq,1461067979800772,1024,0/0
/spttest/p4zqkozrnt65,2deb35286535da6d,1024,0/0
/spttest/3mgslb3xny7j,69eaaa0a11ba9ef,1024,0/0
/spttest/uv2f5b0jeumd,385ff7d41b057585,1024,0/0
/spttest/99czyn3ki912,10ea1f2e73ef6e36,1024,0/0
/spttest/cihqpc4pxmya,16db944e0bca3b72,1024,0/0
/spttest/oltetb8iarj7,2cf220e52fff0be3,1024,0/0
/spttest/t3su2fkruhpv,352a2f410ccaf033,1024,0/0
/spttest/7htq6qebdwq8,db0d7ee01b3e9f0,1024,0/0
/spttest/4nlo2l4d13q6,881075ec59d561e,1024,0/0
/spttest/mkqxm64t1abk,293d044a46af9780,1024,0/0
/spttest/cmx5lnwmtik9,17151914964c0939,1024,0/0
/spttest/o7jlmdycxvh7,2c38bd15e913c19b,1024,0/0
/spttest/kb8ooxbplrti,251a4cf890945516,1024,0/0
/spttest/ejbzuqupkk0o,1a8db9507440b358,1024,0/0
/spttest/cddom85rapaa,16992b31eb8ecd82,1024,0/0
/spttest/v18mrz2uoh2o,38b025278c5d8270,1024,0/0
/spttest/v9u7c9s1cp4f,391fd7b4277e2b2f,1024,0/0
/spttest/tneczc38o0tt,3628bf64edb98e31,1024,0/0
/spttest/qcqlkkmo7ma3,3023704d5b3ddc8b,1024,0/0
/spttest/fzl6d0uzfv8b,1d347aad035ec6db,1024,0/0
/spttest/y18llb9by6hn,3e2af9d73c17f45b,1024,0/0
/spttest/3h2tae4ue6zi,658acf9e80be8de,1024,0/0
/spttest/8cihzgebw6fi,f3f75caee928b8e,1024,0/0
/spttest/q4efcjv6z58z,2fb721dcef8cd753,1024,0/0
/spttest/bde4s5oik54b,14c5b76d90f158eb,1024,0/0
/spttest/o8ykanptlfcj,2c4b2076d84571f3,1024,0/0
/spttest/6c30nuk8vyw8,b92a556c5003a68,1024,0/0
/spttest/4k3ouz70xp26,85392fec041291e,1024,0/0
/spttest/pu61q4mxvggl,2f3237657e75fe15,1024,0/0
/spttest/3551g0iek4z6,5bd9b8f113dac32,1024,0/0
/spttest/r6dsq53xy9d1,31a47f930693e0e5,1024,0/0
/spttest/8qpfif9xbu0,718ce0d903df28,1024,0/0
/spttest/u6y6zhabs4el,3726b340a779284d,1024,0/0
/spttest/dokxtduyiwwb,18fe4870f666210b,1024,0/0
/spttest/9xp912zpxuzz,122649072836a02f,1024,0/0
/spttest/gybql93xgmth,1ef7b2e193625485,1024,0/0
/spttest/ojnpf538o028,2cd61762d1341a50,1024,0/0
/spttest/uhkz35d0mtzo,37b0d0064e83a554,1024,0/0
/spttest/zjacli9qhb7e,40e9075ccc24d0fa,1024,0/0
/spttest/fl4vmuovn89u,1c78bfaaa6a6c8a2,1024,0/0
/spttest/4o1sv4ag76yq,886d98f0c4f9702,1024,0/0
/spttest/vu8e6st0d0r0,3a28bf9072f7190c,1024,0/0
/spttest/8azb0b53hmar,f2b8ba3c5eb5223,1024,0/0
/spttest/r60cpelaeyli,319fa5ae9f0d84a6,1024,0/0
/spttest/tcf97rcsw5nt,359a304695c3a0a9,1024,0/0
/spttest/yqvikw3snekr,3f77fa0050fb318b,1024,0/0
/spttest/c6ifiophly1t,163ff4e50c1e54a1,1024,0/0
/spttest/451czjw5i1a,35c65c0c71668e,1024,0/0
/spttest/ptwapjiim740,2f2eb2c3a7b91780,1024,0/0
/spttest/jf46zc0zuiv8,237905d71fb43e04,1024,0/0
/spttest/1mza7afrroqk,2fe1bf4cc77acfc,1024,0/0
/spttest/2989x65zoh9g,41f1e3283314464,1024,0/0
/spttest/du6jkfxwnfmx,19470644978de2e9,1024,0/0
/spttest/s66grenahw22,3375778a261d628a,1024,0/0
/spttest/gvnoc4f5w6qa,1ed509bf6151eb12,1024,0/0
/spttest/1yfbr0dkquv2,392c7a4b9a5c6be,1024,0/0
/spttest/u1qwv39cf5rn,36e3206ba62d0af3,1024,0/0
/spttest/wha87tb3tedy,3b5429e2123f6d16,1024,0/0
/spttest/su9w4ly8alyf,34ae723bd0c7ada7,1024,0/0
/spttest/70kekf58mhpa,cd0a96fee8f2f1e,1024,0/0
/spttest/sggdsg9p71mn,33faf02a9fc280ff,1024,0/0
/spttest/ehm9g5uinqb4,1a77731a088dbef0,1024,0/0
/spttest/bveo2uskys5n,15afb78fbce3a70b,1024,0/0
/spttest/fjhgg1fnzljg,1c634ef7cd7d7acc,1024,0/0
/spttest/bdswarvz54yx,14cb0b2fb9b3b769,1024,0/0
/spttest/i751777pdtr6,213dcc1410f73ce2,1024,0/0
/spttest/ksj5muq34s5g,25fae57d0a335284,1024,0/0
/spttest/q7o1qiuht56u,2fe19263f47a4886,1024,0/0
/spttest/diatr4va9rf7,18acb2cb83531913,1024,0/0
/spttest/eeiqf8tysorq,1a4f35695880a266,1024,0/0
/spttest/yeofuenq7dev,3ed98d52d791b5a7,1024,0/0
/spttest/jblxegcsypdx,234b76dc90038105,1024,0/0
/spttest/e3mz8vr3faac,19c1dbb2f06700d4,1024,0/0
/spttest/s7wwuz3liz0w,338bffad733252d0,1024,0/0
/spttest/ltih05q2yazm,27db40ca88a4a622,1024,0/0
/spttest/qycbjquu7tky,313c0d13fb270782,1024,0/0
/spttest/mw4vo0mp72kn,29d0ee450794d9c7,1024,0/0
/spttest/58bms39vmjqc,98e2ec3e9088064,1024,0/0
/spttest/cgz9lcwwykxw,16c7ec8495063e84,1024,0/0
/spttest/fvfhba7b7gvo,1cfe7789fe7a1834,1024,0/0
/spttest/lsaucnsen74i,27cb82d5aefcb1d2,1024,0/0
/spttest/rain90rz1u65,31da3464b160ddfd,1024,0/0
/spttest/aqylwaanaq7a,13a259ccf4db2226,1024,0/0
/spttest/smrrkv2qpq65,344cfb233e68e2bd,1024,0/0
/spttest/97tuk4fcwt7e,10d639107e15c3da,1024,0/0
/spttest/h4dggfsevnfj,1f46412833e1365f,1024,0/0
/spttest/hi7icl296ew2,1ff9f5661325d1e2,1024,0/0
/spttest/xsn77kwoxewn,3dbb572775d761b7,1024,0/0
/spttest/cv7ur8xtckq,a722a61c4cf5ea,1024,0/0
/spttest/5mpmhopchzam,a4914c5f8c01cee,1024,0/0
/spttest/hx9v8i3e2r6,e8d2d5b115b072,1024,0/0
/spttest/9yawe0ghz2hp,122e18b21386685d,1024,0/0
/spttest/60a6dgfdaoy,4e09a70a077662,1024,0/0
/spttest/x6clvy2sdkaj,3c99c11cecfb6bfb,1024,0/0
/spttest/95zh8pdjo9ej,10be4697683a1c9b,1024,0/0
/spttest/dgr89dxxrt5b,1898a3652de8c14f,1024,0/0
/spttest/um7psm4b7mv4,37ecf9ada2794a80,1024,0/0
/spttest/lsy0e0veafyo,27d3decbd1179950,1024,0/0
/spttest/s0r2pgn0dmi6,332ef7ac3ae1af2e,1024,0/0
/spttest/b2cid2psxfaf,14363fb6a8e8cba7,1024,0/0
/spttest/ks6kg8qhck34,25f65ab785f9c9b0,1024,0/0
/spttest/9vl4fpr14xo3,120ad1416642c073,1024,0/0
/spttest/btn08dfrp5kl,1598bf2d38474f75,1024,0/0
/spttest/8v2bhjgo3o0y,10306b1b6f076462,1024,0/0
/spttest/wjbhdgodus1,1a6a0ac83084511,1024,0/0
/spttest/6p26kjqtm6cj,c3b3477b914dea3,1024,0/0
/spttest/2luqgk7vzisc,4c317d05ee184dc,1024,0/0
/spttest/a00vrkpxhkm8,124475ed713147a0,1024,0/0
/spttest/8iiasof5q2jc,f8d52e3bb0cd058,1024,0/0
/spttest/nbdknbc57znr,2a96e8293c4af547,1024,0/0
/spttest/nqa86u1e5fk7,2b5889f17b6eb007,1024,0/0
/spttest/5i9mb1azohf,4789980a2484b3,1024,0/0
/spttest/3x7a0zi5t1yq,72a1d8138e98c32,1024,0/0
/spttest/uqdbihzk0plo,3822f445d335119c,1024,0/0
/spttest/2txwkz1ujqrk,52c26ae8239c040,1024,0/0
/spttest/sb1x1e7l2ktx,33b4c5bf19dca6f5,1024,0/0
/spttest/hxvpbxo0ftta,20c587006dbd74ae,1024,0/0
/spttest/yejtuirc82c0,3ed7e369576c35d0,1024,0/0
/spttest/n81zzrraf6jh,2a6bc358b52ad4dd,1024,0/0
/spttest/bg3odanudcct,14e8e9676bf2f9cd,1024,0/0
/spttest/37v44q6eoxo6,5e0fe8a1e890676,1024,0/0
/spttest/hc7lmd6c44lp,1fac0e40b7f4a44d,1024,0/0
/spttest/9xtpv29i2cbd,1227e5b0b063a0d9,1024,0/0
/spttest/dl25wqwhkydr,18d08a70bc63bc0f,1024,0/0
/spttest/w57r7wnt87cv,3ab7667442ee903f,1024,0/0
/spttest/3iza8obafnr9,67161833be1fc05,1024,0/0
/spttest/bvv5cahm7lw2,15b5a9be84b0c492,1024,0/0
/spttest/qb0tf5p7g2sn,300d259c8b26ed27,1024,0/0
/spttest/2b1u1skqtqfa,436c5c7397a5506,1024,0/0
/spttest/24sqjy6d9on5,3e58df45a1cca01,1024,0/0
/spttest/muu33ej652q4,29c00c04f3802f0c,1024,0/0
/spttest/x8t8pg4gmiq4,3cb9bc117595e84c,1024,0/0
/spttest/c4hvriq68sg9,1625c7b1f6b79009,1024,0/0
/spttest/glvj12zbepjj,1e55fa82ad242fcf,1024,0/0
/spttest/8vnqakl6kjr5,103824d491b99b01,1024,0/0
/spttest/hjj8f6df3eel,200b2d99ec014ead,1024,0/0
/spttest/gcwhv5qxd5cl,1de16c948741d555,1024,0/0
/spttest/tx66yso3ik74,36a7b1951bf1b9c0,1024,0/0
/spttest/1dqo0muablh0,28618c733632374,1024,0/0
/spttest/108e84x8diqo,1d6a4b06aa20c20,1024,0/0
/spttest/btt92mzjohlu,159b0011c631ae22,1024,0/0
/spttest/o0itbh0h4io6,2bdd87ab27d8b886,1024,0/0
/spttest/t45e9jmbpwxt,352eb77ee036e601,1024,0/0
/spttest/sinpaq8lczfp,34178ec8aec3b365,1024,0/0
/spttest/xh8qid104tjm,3d273d5323fc6292,1024,0/0
/spttest/fmcpryj4nkx3,1c8890d6a9eb59a7,1024,0/0
/spttest/ihkpy5odcdn4,21c559ab60ce2d10,1024,0/0
/spttest/flbkjlhrwv65,1c7b29c9e4eb54cd,1024,0/0
/spttest/pzrfxhyta409,2f7ae1dc06d987c9,1024,0/0
/spttest/e0dhmp4w72s4,1997776a4a0ac9d4,1024,0/0
/spttest/2ql2vbckbnwu,5008e418ffe01ce,1024,0/0
/spttest/gi7p5fdmkba6,1e26699b561ad01e,1024,0/0
/spttest/3jn3jmlbvil6,679f92ba8b8eeda,1024,0/0
/spttest/ategvfs6w44c,13c20d510e0e42dc,1024,0/0
/spttest/ltswtifroptr,27df050d69918fbf,1024,0/0
/spttest/gspi8a3qrq5k,1eaebb0b9abca328,1024,0/0
/spttest/wz1a1vvvu779,3c3abde62ac90af5,1024,0/0
/spttest/puxspptvetdv,2f3c3a95fbe66f43,1024,0/0
/spttest/dfdn8s5tehh4,1886bf6d3fa980f8,1024,0/0
/spttest/clwpyz1riyd9,1707f3b84028cd7d,1024,0/0
/spttest/h2jmdcf1nlfd,1f2e8006fa1a0939,1024,0/0
/spttest/h0cq7cydlmtb,1f1208c5cd78dbbf,1024,0/0
/spttest/wgxyvdczqtj8,3b4fbd7c3bb75b04,1024,0/0
/spttest/uq65nevcqzrl,38205ea689a83f91,1024,0/0
/spttest/lr2lyouq1gbu,27bb8d1c2cb59aea,1024,0/0
/spttest/jnn9n2zbjp2t,23e7d1b707773cb5,1024,0/0
/spttest/20vqe9y1p86n,3b2ada0c30a6eaf,1024,0/0
/spttest/rwo911sbdfqm,32f9fdc2fe13bbee,1024,0/0
/spttest/l76apih4r0dz,26b918921af402b7,1024,0/0
/spttest/hxwdgrjd2e8o,20c5c4ecbaf0bd98,1024,0/0
/spttest/vjef6h24amn9,399c0a7e013fed25,1024,0/0
/spttest/92jyx4tr821j,1091b649ef8ecb57,1024,0/0
/spttest/aqp7kgtsat39,139ef5b91e12e1c5,1024,0/0
/spttest/why2bg307p1,1a621e09aef79f5,1024,0/0
/spttest/dqysq0bq7ljg,191d430a639b4ecc,1024,0/0
/spttest/9tt6ylfbf36c,11f3c02a450f14d4,1024,0/0
/spttest/g1cmzr2perzx,1d4b608c2b9ff63d,1024,0/0
/spttest/1i10jxt83rr4,2bdc9a71bf81b40,1024,0/0
/spttest/yxpuok6bg7tp,3fd0dba3c83a8e9d,1024,0/0
/spttest/83ma9x887wzx,ecbec2cc3eb1acd,1024,0/0
/spttest/y64pwjx5d8ro,3e6a85b73937e6a4,1024,0/0
/spttest/6qrlxj5dusd,5797f436c37e1d,1024,0/0
/spttest/fmejk4ljii3q,1c89399f44e7d326,1024,0/0
/spttest/atolzw6mkowe,13c5b625412c290e,1024,0/0
/spttest/l33a2a4p8dsm,26840cc8868a60d6,1024,0/0
/spttest/2sb1b0zyoxdy,516e9134f374d06,1024,0/0
/spttest/83rk8zl7k5ex,ecdd39b79926369,1024,0/0
/spttest/cf7ghdeqyvfh,16b0e6a0739a359d,1024,0/0
/spttest/fbo0fjeg3jow,1bfdc26751157e70,1024,0/0
/spttest/cejcuf1skoun,16a83474a14c6acf,1024,0/0
/spttest/l12v8xiggu7t,2669ec41ca8fa4f9,1024,0/0
/spttest/596ez5hgg69r,9994a28653e87bf,1024,0/0
/spttest/uwib70h2okxs,3872b0d5ef706600,1024,0/0
/spttest/7sfssp3bxl63,e3ab34b99b1506b,1024,0/0
/spttest/9q88rpq32nf9,11c5394d9224be15,1024,0/0
/spttest/zl09zmx79vw2,40ff5f80d0d0b4b2,1024,0/0
/spttest/6pt6xq4dc5vz,c44f359707845cf,1024,0/0
/spttest/aum6pxn58r7b,13d1d3781bbe6cb7,1024,0/0
/spttest/zr4ng5sd6mf4,414ee30ca7b22400,1024,0/0
/spttest/owdgqxlonsjd,2d7b41ca193f0c39,1024,0/0
/spttest/c19trjpqrqyk,15fbe7d974180f3c,1024,0/0
/spttest/1x81f9kixxhz,38329506a6899d7,1024,0/0
/spttest/70yjbxm01j69,cd5c2d110d3ff51,1024,0/0
/spttest/vi1b7hn57t38,398a5241f2fd4004,1024,0/0
/spttest/cnihtd5l0kkx,171ccc26dd49e131,1024,0/0
/spttest/mjydn8i3v5t5,2932b6bd57f7da29,1024,0/0
/spttest/7yr0gwww4z7y,e8cae92a6fe2b4e,1024,0/0
/spttest/9ie0gyvq9zqc,115f642a9ef77324,1024,0/0
/spttest/nnukmptgeyx0,2b38e97598675c44,1024,0/0
/spttest/f1161orqcccn,1b739fc634342f87,1024,0/0
/spttest/leqvo04fja8x,271b7281ad75b9a1,1024,0/0
/spttest/35kbowxnvt5j,5c31f5fecb64057,1024,0/0
/spttest/7kow1vk9go51,dd610e842888735,1024,0/0
/spttest/g01i09taty22,1d3a5e72c507bfaa,1024,0/0
/spttest/em725qhabajq,1ab2e928776a1826,1024,0/0
/spttest/wky30hhhbmxx,3b83bd23ce7bede5,1024,0/0
/spttest/gr7glvvzzvim,1e9b3aff926e994e,1024,0/0
/spttest/c677utduegij,163be92eaab8cd1b,1024,0/0
/spttest/74mgxqfqtbt9,d055d47f5f4b70d,1024,0/0
/spttest/34veg7pf9b7d,5ba213ef1a883f9,1024,0/0
/spttest/29pimagvcy4c,42556c6268416bc,1024,0/0
/spttest/adzp3glcvm0k,12f9e20a431a4134,1024,0/0
/spttest/laqtsj2frcv0,26e778abb02b60dc,1024,0/0
/spttest/5rg7oh5rwz6s,a86a1bd704db924,1024,0/0
/spttest/8yk7ijyuil57,105dd7509a1d918b,1024,0/0
/spttest/ftiyfqvpkcpz,1ce5be1116707267,1024,0/0
/spttest/rr0ezfdda23o,32b071eb55c15a24,1024,0/0
/spttest/7et56a1qgeuc,d89aa3ee4e5cd24,1024,0/0
/spttest/9ajz70tb6wy4,10f9a10c24262b4c,1024,0/0
/spttest/jpgf45yhcbyd,23ff53b278d99085,1024,0/0
/spttest/l6fmosx0sv51,26af795df31170a5,1024,0/0
/spttest/81u2g59xlb5x,eb4c0864e3600c5,1024,0/0
/spttest/3gm0r1jr8zz7,6529ddcff3c5f23,1024,0/0
/spttest/v84dt9pd5igf,3909897a976cedaf,1024,0/0
/spttest/h5sqs70ay1o9,1f58c26ee1baf6f9,1024,0/0
/spttest/apzs3c5biuqu,1395c8cf34d40b26,1024,0/0
/spttest/1ltf2u9pd32c,2ef01007b8d2dc4,1024,0/0
/spttest/rgqpyytatlvn,322b0ddc433f9203,1024,0/0
/spttest/9adv7hyvbuxt,10f76c9bda038861,1024,0/0
/spttest/omvu9a0uckhf,2cfffe8360aab0b3,1024,0/0
/spttest/tdwbu379left,35ad5683fcd41159,1024,0/0
/spttest/72bn9up6y028,ce77af9b2431ed0,1024,0/0
/spttest/2vgh2xnkodkn,53fd7299f553ab7,1024,0/0
/spttest/h2o2e5vlat22,1f301a9c7100929a,1024,0/0
/spttest/u1j4ezst8kg5,36e050da885df685,1024,0/0
/spttest/54dzelu8qkxz,95b12de7609fc87,1024,0/0
/spttest/vrmcr8jzvxaj,3a06d146460f294b,1024,0/0
/spttest/y1k1g9whrjxr,3e2f1a95be585eaf,1024,0/0
/spttest/drsuk90i1hus,19281acf1a60f2a4,1024,0/0
/spttest/ce28kob5oumn,16a2073ce9ad620f,1024,0/0
/spttest/5vkgkhq5k13y,abc1f0c48601f9e,1024,0/0
/spttest/fzjjsev37wc3,1d33e4642f3d3e73,1024,0/0
/spttest/s544yw2qoxfp,3367a34a592be145,1024,0/0
/spttest/xnm869j7jf4y,3d7a0af967f87662,1024,0/0
/spttest/3w1ob3k9tqvh,71b1aae29d6964d,1024,0/0
/spttest/zurizdmzuyzq,417e1bd479f5b7a6,1024,0/0
/spttest/2zqvvjkej38c,5778dd4f7d8251c,1024,0/0
/spttest/veclm7f085zq,395a6ffcf00d5c56,1024,0/0
/spttest/asvvm6yv5pk4,13bb5825dbb737a4,1024,0/0
/spttest/ke6ywsdrjpa4,2540a6390fa415bc,1024,0/0
/spttest/wljo3tssctyd,3b8b86fe1d143ea5,1024,0/0
/spttest/g4ftzs6ed01i,1d737f6298116776,1024,0/0
/spttest/fshsxw266qq9,1cd85657185c1ad1,1024,0/0
/spttest/4r65asev41lx,8af62b54bf39825,1024,0/0
/spttest/zwrsqh8pypoz,41982f5df2591f93,1024,0/0
/spttest/ye0kg7lqzx90,3ed0f04d8cf4d114,1024,0/0
/spttest/4iltqj5o42qk,840239f42a0e2dc,1024,0/0
/spttest/uqq6wszooxo7,3827994025990477,1024,0/0
/spttest/zu9918kjx99q,417783ad2117302e,1024,0/0
/spttest/9w3s10ktcuiz,12118c6a3eab728b,1024,0/0
/spttest/m53d6kpoinff,2871ac8add3a231b,1024,0/0
/spttest/nu5aj71nfewy,2b8ab7243e894442,1024,0/0
/spttest/yyi18m9ycfqr,3fdb06c65da660b3,1024,0/0
/spttest/lgixsxkdnwht,27328f8e938c1141,1024,0/0
/spttest/2wlufd43gz9c,54ec480688f1980,1024,0/0
/spttest/y7wd6rxgh9g4,3e817ca817aeae14,1024,0/0
/spttest/lyzf5mva7772,28225097f99ce62e,1024,0/0
/spttest/asv9775ot28b,13bb1ea1c5b32c8b,1024,0/0
/spttest/z6sw0v55ntr1,4046db7f71e93f5d,1024,0/0
/spttest/ngi3gi339s0a,2ad97c2e9b81e50a,1024,0/0
/spttest/gdgmqvjxam88,1de8b077fc2aec08,1024,0/0
/spttest/ittjihl5oj99,2264678d8bc8a07d,1024,0/0
/spttest/9kimmjurtcc2,117b08ff80cdc6b2,1024,0/0
/spttest/e3yeguiwaldy,19c5facddd6912c6,1024,0/0
/spttest/ozum59k8737h,2da869ab8ff3b3fd,1024,0/0
/spttest/3793bp0dp3m3,5d90c5e76cb5b8b,1024,0/0
/spttest/mftfqxss1uvu,28fcf944573f6e9a,1024,0/0
/spttest/3vsxzgiw4b7j,717f431c36b79bf,1024,0/0
/spttest/n7r4e7ckymuk,2a67d69670b9dc2c,1024,0/0
/spttest/qix63nsy305l,3073beba67e2a589,1024,0/0
/spttest/mov2h92k12lo,29727744b68e6f6c,1024,0/0
/spttest/hoxab5h41spf,205131e28fe2bf93,1024,0/0
/spttest/joks209exxu3,23f3e91d61d73b8b,1024,0/0
/spttest/33330so98jp0,5a2ec5b1b70deb4,1024,0/0
/spttest/i46zukpaxn3w,211789943da6013c,1024,0/0
/spttest/nb59al5wr3sm,2a93e8159d146ff6,1024,0/0
/spttest/b03g4qr7exaj,141900291329f30b,1024,0/0
/spttest/1ead71wpejw9,28d346076876539,1024,0/0
/spttest/k8vhmewtofu0,24fb8f87e6068328,1024,0/0
/spttest/mvm468nozo66,29ca29191d1f391e,1024,0/0
/spttest/e4h5964cggj3,19ccbe29575d73af,1024,0/0
/spttest/a4ud1gab286n,12830df4ab3a28ef,1024,0/0
/spttest/nwwvbquge621,2baea4f2b5d6be29,1024,0/0
/spttest/kjd03wj1lx6s,2583c5c9f5242844,1024,0/0
/spttest/bs735x81alkz,1586038cfd2d9cc3,1024,0/0
/spttest/bux0hrvlf3y5,15a958c92c0bc2bd,1024,0/0
/spttest/wphlsk2ggd6t,3bbebd5926603ec5,1024,0/0
/spttest/k995w4xn2bjm,25007e96fd1b81f2,1024,0/0
/spttest/sizny2h1s2mq,341bdfbc17582152,1024,0/0
/spttest/39fydny0z6nf,5f580c58c24846b,1024,0/0
/spttest/u3n590lbcrgv,36fbbefad3d3b50f,1024,0/0
/spttest/j728rnqlp5r,f958364a55389f,1024,0/0
/spttest/jecqyngjvj8d,236f1ecbed40961d,1024,0/0
/spttest/rd2qvh40cku6,31fb6f91be7f547e,1024,0/0
/spttest/dxxkkqlapw2u,1977be914a8ecca6,1024,0/0
/spttest/xcu335w8208v,3cedff0bd47405bf,1024,0/0
/spttest/2o3znn2gay5q,4e0693cfa48536e,1024,0/0
/spttest/b91bpcbkl97s,148d235fad9cc1e8,1024,0/0
/spttest/t6fbh4brq1w0,354c4688b6b11310,1024,0/0
/spttest/fhk3urdtfcmj,1c4a4940d361aeab,1024,0/0
/spttest/q1ew8i1fi1cl,2f90556c27310a55,1024,0/0
/spttest/epjh3hlajric,1ade5bac7e15a004,1024,0/0
/spttest/joq5ywhg9prd,23f5daa7da795ea9,1024,0/0
/spttest/4bszxjn9ix7c,7e7cd4c1a304d98,1024,0/0
/spttest/3if77x7exofk,66a2265923113f0,1024,0/0
/spttest/dhgtrighd0y0,18a1dfc64c341708,1024,0/0
/spttest/dq44xd870rfk,191232f05d5721e0,1024,0/0
/spttest/tu4gf0nwvs8y,36801952f2f53cc2,1024,0/0
/spttest/pltiepalrjes,2ec5c75c043e4804,1024,0/0
/spttest/oqbgqvp4tpje,2d2c998241871e8a,1024,0/0
/spttest/swzqr34zio8q,34d1c0875a2cce3a,1024,0/0
/spttest/kpa9gwcag4y1,25d0b83e26527709,1024,0/0
/spttest/1tjhgmvll1rr,353557cf03f6d37,1024,0/0
/spttest/glwm47ofpws5,1e565ecc962ab135,1024,0/0
/spttest/1h0w5att8tsq,2b0c116efaff9da,1024,0/0
/spttest/l7l7qcjdjrjr,26be7a74dec7ab37,1024,0/0
/spttest/brrovxzj42y1,1580756518ed16e9,1024,0/0
/spttest/nl5iofimiwv5,2b15e4bafc7ec4e1,1024,0/0
/spttest/u79f9jyldjkt,372ac08c29af115d,1024,0/0
/spttest/5s23e1c2lur4,a8e86d58a7410f0,1024,0/0
/spttest/o7ukptd7m46e,2c3cb2d096b289a6,1024,0/0
/spttest/bdky01h7do46,14c82c9b67c31656,1024,0/0
/spttest/1552tparvo9z,216649d9d70bfa7,1024,0/0
/spttest/rip98ycilpii,324481195d1b966a,1024,0/0
/spttest/461qhbrqowgn,79d04d2b5115057,1024,0/0
/spttest/zttdkveiwky0,4171c97268ca6c08,1024,0/0
/spttest/i88kbups1mo1,214c0f85780d6901,1024,0/0
/spttest/qdejb08p18qk,302c13539cfe7b7c,1024,0/0
/spttest/6twwyoxdhpd,58baac8492dbe1,1024,0/0
/spttest/534h6h4usdfz,94aa788d2b6310f,1024,0/0
/spttest/wmy9qio6qtdy,3b9dc8e7489edd46,1024,0/0
/spttest/7x3qvgrh0kdt,e774c39ceb42431,1024,0/0
/spttest/g8f3vogp7f2e,1da73168c2628106,1024,0/0
/spttest/wgeeoxbwinqp,3b48aeb6afe384b1,1024,0/0
/spttest/smfbyk1181vd,34487ea46372c079,1024,0/0
/spttest/anx7imljsk56,137ae0c48b119bfa,1024,0/0
/spttest/4vp6h1y0yja4,8ea35be771dae1c,1024,0/0
/spttest/6dp3hwyvfdhp,ba799f8b3ea790d,1024,0/0
/spttest/xwifanvjacdn,3ded9315f8181c2b,1024,0/0
/spttest/atf7kth83n0n,13c251d5ff495347,1024,0/0
/spttest/zryut0q3q3ag,4159c8f945175e28,1024,0/0
/spttest/2nbe9o8ayi46,4d6180ce8b1ba36,1024,0/0
/spttest/8vsd33212675,1039d0c8625564e1,1024,0/0
/spttest/jlxtzuo29x8j,23d1a71c14915283,1024,0/0
/spttest/w3dslccvir9n,3a9f99ac6cb7898b,1024,0/0
/spttest/zhq75q8xmsg,1cd05776096b1a0,1024,0/0
/spttest/f0mggt4yyyok,1b6e50fc755ba614,1024,0/0
/spttest/50upch5cwtv9,92d264ae23c2f35,1024,0/0
/spttest/msbjcpwelfqj,299f6039cc7d20eb,1024,0/0
/spttest/uzf4o1mg6fjo,389882c12a4dcc34,1024,0/0
/spttest/wf3xj70m14ko,3b37e9bf67a9d368,1024,0/0
/spttest/y9ewx29vlxmw,3e952b2a47e64088,1024,0/0
/spttest/e8dd8vh2lubw,19ff56387bbda2cc,1024,0/0
/spttest/rcd7r8h0ndpp,31f2394fa7d9c92d,1024,0/0
/spttest/kpgk9mxkc4a5,25d2fe288817f8ad,1024,0/0
/spttest/aer75izhvoop,1303ce5064a80bb9,1024,0/0
/spttest/4i1jbkuz9eqr,838d188a137ede3,1024,0/0
/spttest/cu5xsqg28dh9,1773312b5b8f183d,1024,0/0
/spttest/a1pnhc4q5d7n,125a632261aabc23,1024,0/0
/spttest/aqhtzmg39kdg,139c4c4dfcad1264,1024,0/0
/spttest/o3oqihdprs0p,2c06a27353e96399,1024,0/0
/spttest/pj0jqhgjucno,2ea159928e2c5e94,1024,0/0
/spttest/1kl7qgy54bbm,2df0df503cb7f52,1024,0/0
/spttest/vmn2a6de7sgh,39c6207c3d4d8dd1,1024,0/0
/spttest/eybluw0wxm0w,1b506c4125ba8dc0,1024,0/0
/spttest/ah2xitvd0nnq,132204896185d0c6,1024,0/0
/spttest/e8rlqu0n7ywu,1a04792eac6a837e,1024,0/0
/spttest/92yjjm6eq8a0,1096f85cbafe7268,1024,0/0
/spttest/xi0m53ujs3rz,3d314c6d7ea49d1f,1024,0/0
/spttest/2m50391xj4e8,4c6cc34a0dc5200,1024,0/0
/spttest/4ckpuqrim5cy,7f1cdc0208882a2,1024,0/0
/spttest/cg8cuyux6uex,16be36f525097879,1024,0/0
/spttest/zeabc0vdnd14,40a811d65055aab8,1024,0/0
/spttest/jkaptl3uij58,23bc52ac76788b6c,1024,0/0
/spttest/bjz9cmb1zii3,151b466c46d3556b,1024,0/0
/spttest/8piasr062k4b,fe83fb119b3485b,1024,0/0
/spttest/jk2swdz2o8kg,23b9779ff248bf60,1024,0/0
/spttest/nz3wuv6ecrj3,2bcb29f7bfba2c5f,1024,0/0
/spttest/2u62ihs1yo0p,52f18d87826cf19,1024,0/0
/spttest/2486ste2me47,3de23e7eb11faf7,1024,0/0
/spttest/qwoo0b0p6t4k,312686f403b341f4,1024,0/0
/spttest/i6hycmvlk8a3,2135784c7f9ed7eb,1024,0/0
/spttest/bxffv5h0zpuf,15c9f95e2cbe6197,1024,0/0
/spttest/evhspnwy4ws7,1b2bb048258e10f7,1024,0/0
/spttest/581znj90uv2o,98ab41d0272acd0,1024,0/0
/spttest/qr6p83rr24yu,30df1929ab94fca6,1024,0/0
/spttest/m6lycrnxkiyx,28855ec01a48ca09,1024,0/0
/spttest/3vuoxhv9ndbi,71895b2ed07782e,1024,0/0
/spttest/drr7b0odok6j,192782c50eedc92b,1024,0/0
/spttest/d7l5z8m8p0g4,18218c05376d2e84,1024,0/0
/spttest/t8jvtn9f0xuq,3567e6ba99938e62,1024,0/0
/spttest/99xefqwnna28,10f17bafbb21e9b0,1024,0/0
/spttest/y89ztd020gc5,3e8667802f3ba4b5,1024,0/0
/spttest/uv7yva3h1rxm,3861f84559f340aa,1024,0/0
/spttest/l7d4pdxawhej,26bb8fbea4f69e1b,1024,0/0
/spttest/x2eyf33jxg2n,3c66a4f9e00b9e9f,1024,0/0
/spttest/lijxogo7hzxu,274ce61ebf739732,1024,0/0
/spttest/9cgfrsoo68tt,1112549eff506a31,1024,0/0
/spttest/8udq6pypu33h,10278b9de34bfc2d,1024,0/0
/spttest/dcoh51qzrgip,1863b00be2108761,1024,0/0
/spttest/t7pu8gve7lz2,355d0f9b42db14fe,1024,0/0
/spttest/dm2uxaq6bq8f,18ddc7e186f9a78f,1024,0/0
/spttest/ay9rscqz4lrv,14014dc34b3bb23b,1024,0/0
/spttest/mj5s3x0u1igt,2928652ba3bdc1bd,1024,0/0
/spttest/4atuop2j800v,7db1ef2fbf27d1f,1024,0/0
/spttest/3uic9698lmh3,707238017cad107,1024,0/0
/spttest/uo2ujubns,4eb0900de188,1024,0/0
/spttest/40rqq00oikd8,7587779a56ccf9c,1024,0/0
/spttest/okdcn3j1fydc,2cdf582c14f418c0,1024,0/0
/spttest/y75asfsb3jv,1bc36e78ada5ebb,1024,0/0
/spttest/59d53rrlyvam,99bb768272cc3ee,1024,0/0
/spttest/97m0hgye92z4,10d36552fd724d50,1024,0/0
/spttest/9zpuisajth4z,12407aaf421e9703,1024,0/0
/spttest/xhl1rz292dpo,3d2baea7023292ec,1024,0/0
/spttest/vlnbb527582d,39b93a63aa4b7715,1024,0/0
/spttest/saxtdzs2k9ua,33b34ae8893510d2,1024,0/0
/spttest/mgx1nqwdwu9g,290b43d9237d6e34,1024,0/0
/spttest/72ao6vb5pkmi,ce720f5d6efd5aa,1024,0/0
/spttest/udzqassx170b,37822df97fa2cabb,1024,0/0
/spttest/psfxsyvcvtp6,2f1bce813330301a,1024,0/0
/spttest/1c25okc0n533,27043a3a4a0697f,1024,0/0
/spttest/c0hmd3s3jbe5,15f1ba8c7dc5036d,1024,0/0
/spttest/c79dco2u5tm2,1649ad46dd8fcb2a,1024,0/0
/spttest/1zas2gtl9cq0,39e20ed9646f1a8,1024,0/0
/spttest/1peidi0w5epe,31d94f6574a59b2,1024,0/0
/spttest/zdpr1mhmeq8l,40a0a66a59bbd655,1024,0/0
/spttest/9m5t45stvgnb,1190635fc7cce307,1024,0/0
/spttest/j863kirzdhsh,231ec906d1810a51,1024,0/0
/spttest/ysdehb38duzp,3f8b6b5e2640c225,1024,0/0
/spttest/1bc60h6ckmo,1114867fc51d70,1024,0/0
/spttest/95benr1pvmvx,10b59720eefa529d,1024,0/0
/spttest/i3fqy6fdg6z0,210db4cd20cd304c,1024,0/0
/spttest/rhe318lrqxo1,32337bd8dbd85bf1,1024,0/0
/spttest/jwa10atfpxut,2457f2169ef71aa5,1024,0/0
/spttest/838c32mmgbkb,ec6e3a9aefe6c8b,1024,0/0
/spttest/wfnmwmt6g7m1,3b3f05d8c11f4489,1024,0/0
/spttest/wspo4veunakh,3be89e12db7e5b41,1024,0/0
/spttest/hyach537uaca,20cacf8a89ea72da,1024,0/0
/spttest/uku9cze73r6m,37db2177bef63b5e,1024,0/0
/spttest/rkf8pejkmqxk,325ade8967d611d8,1024,0/0
/spttest/o1lv98s226kf,2beb9f00b4ca7fbf,1024,0/0
/spttest/rlopfc0mnml2,326b46021e082816,1024,0/0
/spttest/pxm9be4f7yay,2f5f0888d5a1486a,1024,0/0
/spttest/kqkvbscmtgpu,25e18943d249ffe2,1024,0/0
/spttest/o043ht7to7ur,2bd838412bed06c3,1024,0/0
/spttest/ff05nknuyob3,1c291bfe88d8498f,1024,0/0
/spttest/wovdz7nsc44,1a8a196b8438f54,1024,0/0
/spttest/emfh92d7f1j5,1ab5f2d40033d081,1024,0/0
/spttest/2h38tc2um2nc,48537921e6bdce8,1024,0/0
/spttest/o2d666u14z6a,2bf578f386664412,1024,0/0
/spttest/o5ebiuv1l29x,2c1cdad24af9dbc5,1024,0/0
/spttest/jh8iaehfs7bv,23948ed6d87cc71b,1024,0/0
/spttest/afj213kse1vc,130ddb7af5a5dcf8,1024,0/0
/spttest/vkmgajb2vio0,39abed8cd9f36e40,1024,0/0
/spttest/2nhjek634268,4d84f6fe72b5f00,1024,0/0
/spttest/65k84e6oaeik,b3dedf10fa237fc,1024,0/0
/spttest/eusau62i3l3q,1b227d3671650796,1024,0/0
/spttest/iabpg6n2tgpw,21672c46f49057e4,1024,0/0
/spttest/dcaf8e641kl5,185e9dff73a35a79,1024,0/0
/spttest/rg2lw30jbl6l,32225a8dcf5162fd,1024,0/0
/spttest/jauh4k7nao79,23418f2950decc05,1024,0/0
/spttest/g3sczpqzf00l,1d6b074adb77a8d5,1024,0/0
/spttest/3uhskvv3iq7y,706f104f4b4043e,1024,0/0
/spttest/fix8fipilhym,1c5c030a2ef7842e,1024,0/0
/spttest/9pcsthqtg6f3,11b9e0f63120b97f,1024,0/0
/spttest/qk30i4v3lqf6,3082d7d4c9def802,1024,0/0
/spttest/43jhnx0dorvx,77c750f1224a02d,1024,0/0
/spttest/mxj4r2w53ann,29e30ffdfc05ddb3,1024,0/0
/spttest/5u4lc8fmdd79,aa96823c4b57615,1024,0/0
/spttest/ffojzy1p441o,1c31e9a284c42a7c,1024,0/0
/spttest/8mzj9s1rs9ig,fc77febf437be28,1024,0/0
/spttest/l9octimejvwl,26d9972126976e45,1024,0/0
/spttest/dn4i3ue99x5i,18eb5cfc4d335116,1024,0/0
/spttest/abaqwx6iquh0,12d6e6fc6f1b56c4,1024,0/0
/spttest/81oax6yo6fwc,eb2ac0e711015fc,1024,0/0
/spttest/u2x0tfwzl6nh,36f252084787c7ed,1024,0/0
/spttest/vuc9g3kg7hgm,3a2a24defd6e6426,1024,0/0
/spttest/4jvbl0pqfibn,8508dfbf951a883,1024,0/0
/spttest/zrfse9n9mi7w,4152e7cb4b627abc,1024,0/0
/spttest/wkwlh1yptcss,3b8333c4b5b5b70c,1024,0/0
/spttest/qkrl52ux5the,308bb59eb8277d82,1024,0/0
/spttest/46rab3buxh1w,7a63ce6863dae94,1024,0/0
/spttest/o54hh0y418ny,2c194e673ae46e1e,1024,0/0
/spttest/98n2ckltosjx,10e0c3bb497e978d,1024,0/0
/spttest/h0qyeaupi800,1f172af2f6d50a00,1024,0/0
/spttest/azrxnc8q93my,1414d8af703f74aa,1024,0/0
/spttest/glytuk3k6gyq,1e572b5fb142db62,1024,0/0
/spttest/q3xzhqt9iihu,2fb13349e8d94b22,1024,0/0
/spttest/pcnfig837ydq,2e4eae68c0c42cce,1024,0/0
/spttest/muzxgmttvjdp,29c227c6ec7ea4dd,1024,0/0
/spttest/yjpdtpiq9uc1,3f1ad6cb4dd7b3d1,1024,0/0
/spttest/xdmd7r38llmy,3cf83357865bc4ca,1024,0/0
/spttest/tuowutuu9u7z,36877ade4877673f,1024,0/0
/spttest/2ia2vqr01l93,494ac2e9d2bcdd7,1024,0/0
/spttest/mgj82gj87ljn,29064722d52e1cd3,1024,0/0
/spttest/dgb1t6ptar27,1892ccf438bd887f,1024,0/0
/spttest/dj4y2emyo2op,18b790e8a193fd99,1024,0/0
/spttest/xw0ptpltus76,3de72f790f1b6b42,1024,0/0
/spttest/gc4t4r8nm7az,1dd76f2d517f157b,1024,0/0
/spttest/qbppanbywqo,155f2ac52c76140,1024,0/0
/spttest/drkecsm6qzk8,19250e477595d488,1024,0/0
/spttest/roh8xcsy1k0p,328f8cddeb996d99,1024,0/0
/spttest/vtbudols36l3,3a1d00f4946c1417,1024,0/0
/spttest/ndpn3cw9js4p,2ab53d5e52c3be29,1024,0/0
/spttest/lqjjf21yor78,27b4ab9523f685b4,1024,0/0
/spttest/frggk3tmajoq,1ccadcf1821a1c2a,1024,0/0
/spttest/99e16vd4gvz8,10ea7eb3b7ae4de4,1024,0/0
/spttest/293sx8ml3cgs,41d811c629d6edc,1024,0/0
/spttest/85wobqv2vi6d,ee9a66bf2dfebc5,1024,0/0
/spttest/2sdnlfsisf09,517db004d23acf9,1024,0/0
/spttest/t01zri36ujxj,34f9882834a65267,1024,0/0
/spttest/p7qg42wltaa3,2e0ed2c599e2ae4b,1024,0/0
/spttest/g366wqxdecy1,1d630795bb042a09,1024,0/0
/spttest/a600u96jfckb,1292161e9a34c85b,1024,0/0
/spttest/w4b72z08ol51,3aaba700c34d3905,1024,0/0
/spttest/q634cujelpdt,2fcd081f920f4dc1,1024,0/0
/spttest/8vcozevzswz5,1034296b2add14f1,1024,0/0
/spttest/czl5v6ozjk60,17b9a1ad79db6fd8,1024,0/0
/spttest/1wx3kqhx5vnk,37f36c8ef027480,1024,0/0
/spttest/w1zzyetn65ao,3a8da2273faccb50,1024,0/0
/spttest/khqn1p5o60ix,256eb6eb22866429,1024,0/0
/spttest/u1owufzxtmwt,36e267a351d4b63d,1024,0/0
/spttest/c0jlp2o82ket,15f2719293819bd5,1024,0/0
/spttest/4oyw2pum6ptd,892c9f32124e631,1024,0/0
/spttest/f97z9teyghdd,1bddff064f8c25f1,1024,0/0
/spttest/d1s4c6awoq58,17d61ed91b79825c,1024,0/0
/spttest/1zmpsb9ci54h,3a26f7ddf15ea71,1024,0/0
/spttest/owu9mmo3d0m1,2d8151c847db6759,1024,0/0
/spttest/eenebo6pkjx9,1a50e43567cf72dd,1024,0/0
/spttest/9kkax0ojzksm,117ba3b0efffe706,1024,0/0
/spttest/9bblmlsds1of,1103988c3ee1e47f,1024,0/0
/spttest/4sgd4lt0nipl,8c00fbba007a279,1024,0/0
/spttest/2pp0867za5qo,4f4fbb0fdc31a90,1024,0/0
/spttest/ekjeah4r3616,1a9d6230d7795c4a,1024,0/0
/spttest/mkv46dj2umpz,293e86990fcc8c87,1024,0/0
/spttest/ebdrl1xs4lc6,1a2672c7a5995506,1024,0/0
/spttest/msw8jm84u1t8,29a6d83a140328ac,1024,0/0
/spttest/pb9repcusg3v,2e3cc284fc33de8b,1024,0/0
/spttest/yovw5juc8pbd,3f5e2250be5a6629,1024,0/0
/spttest/iiyy1n2g6v8q,21d778db28e6ebaa,1024,0/0
/spttest/wnmauvpjn0gq,3ba6749e3251c91a,1024,0/0
/spttest/26euo1mfr2qq,3fa85de1be8dda2,1024,0/0
/spttest/og8sujlspv92,2ca9bee329052a76,1024,0/0
/spttest/pea1r8mco7xq,2e63d4d745c1222e,1024,0/0
/spttest/22372heh4bbk,3c25c3d806b4b50,1024,0/0
/spttest/x7i4gytmpt0m,3ca8bbe4ab4ae926,1024,0/0
/spttest/15sjplb9zae9,21edc691e586461,1024,0/0
/spttest/we242ewh05st,3b2a4484d963ae5d,1024,0/0
/spttest/949hae74vdrn,10a7e7e17cedb773,1024,0/0
/spttest/jqq9vfumwzvt,240fdf2f7ed73ba9,1024,0/0
/spttest/hl3z45wv78j4,201fa6b6d08775f0,1024,0/0
/spttest/ji1m54bhunhx,239f0f67a95c0f75,1024,0/0
/spttest/7ifvns4gnb4y,db8d61333cdb822,1024,0/0
/spttest/vmteomv2u5ix,39c86a83bf05f579,1024,0/0
/spttest/rhgg0prtopme,323455e6c910b0b6,1024,0/0
/spttest/gohlt89uj3k8,1e77ec434ddcfac8,1024,0/0
/spttest/4e1gqq6dymt9,804d5e39813ccfd,1024,0/0
/spttest/73e022psaeqa,cf551c4fd11a912,1024,0/0
/spttest/qu03z3ubwwx8,3103b033631381ac,1024,0/0
/spttest/zwdbon345h2c,4192f6765799c5a4,1024,0/0
/spttest/v93hx6xrjftp,391634e8fcde95dd,1024,0/0
/spttest/bbqsamqjj6b,931e9a0c8df9d3,1024,0/0
/spttest/f0ht11yd75gm,1b6ca36093fa5c66,1024,0/0
/spttest/9bgwlguymg1l,110582881a12d4b9,1024,0/0
/spttest/z9kin0kn9h8z,406acdfad612c693,1024,0/0
/spttest/6o9saf7nmwif,c30f583a2d8b117,1024,0/0
/spttest/d6w6qugte5lq,181888c82b37f0de,1024,0/0
/spttest/tq4j25wqca6t,364c2b140bb26895,1024,0/0
/spttest/96cpsqq4un4o,10c30d553d909c98,1024,0/0
/spttest/ffhaovn6a8og,1c2f4b2d241cbc70,1024,0/0
/spttest/gupl3r8rfaax,1ec8bcef080e6ce9,1024,0/0
/spttest/6v8ldyzn14kj,c8b743c4d011063,1024,0/0
/spttest/weguotjduj1c,3b2f95fb5015e4e0,1024,0/0
/spttest/yz4g0cc204mw,3fe31cc5eab7c978,1024,0/0
/spttest/os7bvl0mqt69,2d45160e3b63fc31,1024,0/0
/spttest/k29zd99bwc5r,24a5dd6bade8848f,1024,0/0
/spttest/aimpc4tbu3ny,133624279b2c2d0e,1024,0/0
/spttest/s626mx3v22o1,3373ec16c9d47501,1024,0/0
/spttest/beodwsa0ta4g,14d667c9fe1a0080,1024,0/0
/spttest/b6ot0nevh7xi,146ea47f56a32966,1024,0/0
/spttest/8ocdwl0w33sl,fd920323b27a5f5,1024,0/0
/spttest/jkugcms1b29h,23c371bcf829d135,1024,0/0
/spttest/nztdydko9957,2bd45b0adb0bce8b,1024,0/0
/spttest/b456ebd5c8cv,144d94f2c0fa5e4f,1024,0/0
/spttest/g5nv7z4xnxij,1d8362bccf674a6b,1024,0/0
/spttest/p1yo2jyy1zk3,2dc3da984f0d4443,1024,0/0
/spttest/nperod15kdyw,2b4d30289dd61cb8,1024,0/0
/spttest/smj3za73lbgr,3449dba4013eec4b,1024,0/0
/spttest/5shlmowlmsn8,a941f28a33aef84,1024,0/0
/spttest/ubxitiop5oxf,3767678853068673,1024,0/0
/spttest/g5fp8vz92ciw,1d8070763fe6b0e8,1024,0/0
/spttest/lhi6g8x2ivng,273f46a2286a56bc,1024,0/0
/spttest/cvrlk83gsoq2,1787ff21aae4e82a,1024,0/0
/spttest/wdcjis175d0v,3b210a99062b1c2f,1024,0/0
/spttest/d2rajujyhcfk,17e2cfad9d868730,1024,0/0
/spttest/8hu16zur5muc,f84916a12b4e5e4,1024,0/0
/spttest/v1ygrxu1a3td,38b97754e4f9dad1,1024,0/0
/spttest/8129m9488sze,eaab89c0cafecba,1024,0/0
/spttest/qhv4go9jdlze,30660487e31de78a,1024,0/0
/spttest/bi0oc6ke4283,1501cebbbc5be243,1024,0/0
/spttest/eqqjqgecoj3p,1aede646d4d87ab5,1024,0/0
/spttest/82neiv9keof8,ebf562fe4283b24,1024,0/0
/spttest/xsr5rdr2h5qp,3dbcc4e824c45551,1024,0/0
/spttest/aehfv5dvhfqr,130048fbe9394cf3,1024,0/0
/spttest/sncee85eibtz,34546d0ae4470e67,1024,0/0
/spttest/w0fk0v2kmeti,3a7944a76598c086,1024,0/0
/spttest/3awfe11tv4gx,6086f90872d9961,1024,0/0
/spttest/4r1k8cvknk3v,8adbb2e3199f58b,1024,0/0
/spttest/1bn5pi8oq50n,26ada2ec6e333e7,1024,0/0
/spttest/x5s6oywunjri,3c9262c39da241ce,1024,0/0
/spttest/nj7taly97s33,2afcbe312719caef,1024,0/0
/spttest/k64yeu7xfpng,24d802273fb0cc9c,1024,0/0
/spttest/ilzelp64mca3,21fe9b1bc24413ab,1024,0/0
/spttest/i9l1m8at8p0u,215d8d8e114ed5ae,1024,0/0
/spttest/mj9ogmvbcw2g,2929cd4967385458,1024,0/0
/spttest/xvyclg8clcs0,3de654cadf481ff0,1024,0/0
/spttest/935vwhmau147,10999ea597dad327,1024,0/0
/spttest/ugc7lab4a8ko,37a0a945cebbb9e8,1024,0/0
/spttest/9jrvwvb543ea,117162e20a2e0b32,1024,0/0
/spttest/hjka2gnxiclm,200b8e31e5b70d4a,1024,0/0
/spttest/v6v1jt8v0pm8,38f92d71cbd0b0b0,1024,0/0
/spttest/2v2p7zjhfk2s,53adee4c07ce064,1024,0/0
/spttest/zjif128jnqz,1cdaa3cca431efb,1024,0/0
/spttest/j7uzy4nhiy0g,231ac7aec371a9b0,1024,0/0
/spttest/1tq1ibdl8j0t,355b32209c9cb4d,1024,0/0
/spttest/f4h0a4x7gl0g,1ba04ea4ccbd1960,1024,0/0
/spttest/x75srzl27juo,3ca449786cf80640,1024,0/0
/spttest/c8omk3avdw4u,165c2bada43efaee,1024,0/0
/spttest/mk3vbs30omm7,2934b1f2ce5ef47f,1024,0/0
/spttest/hi449yj7tfve,1ff8bc2f9566e89a,1024,0/0
/spttest/w49qesbwyjes,3aab1fdbc31d02c4,1024,0/0
/spttest/j7wchpc7sm4l,231b443c462e4605,1024,0/0
/spttest/a1903pyyxz79,125461424c20aa75,1024,0/0
/spttest/ivhy4bd0kde9,227a331fc50d84d1,1024,0/0
/spttest/d3a4ora8ncg4,17e99ba145c0bec4,1024,0/0
/spttest/turi2i7d2m7m,36886a088a3325f2,1024,0/0
/spttest/7ou4zbtj039r,e0beaaf9280078f,1024,0/0
/spttest/ggkb8429guxe,1e10fc26a1b13192,1024,0/0
/spttest/f4afpihyif0m,1b9defa61613c286,1024,0/0
/spttest/elta1li8tsdp,1aadf03be8ba54ed,1024,0/0
/spttest/yk7o10k5s3wt,3f216f99e35b37cd,1024,0/0
/spttest/7k0kquc6jqeq,dcd4b0f34f1e272,1024,0/0
/spttest/8kigz6zgli0c,fa75d431a82ea6c,1024,0/0
/spttest/jyzk6t27088x,247b230583a328c1,1024,0/0
/spttest/4ndmwbx9nq4d,87e2169a2be60fd,1024,0/0
/spttest/qdbk3r14qz7d,302b004541c5ccb9,1024,0/0
/spttest/7f2v3nla70vu,d8d2c155050ee3a,1024,0/0
/spttest/wm4tz2jkgvuz,3b9329c808b4a54b,1024,0/0
/spttest/nx5lbixveffk,2bb1ca96b9e8c8a0,1024,0/0
/spttest/9ab4ys8hwzi7,10f6708a717a8cbf,1024,0/0
/spttest/ed60yhfucikk,1a3da2658c75f304,1024,0/0
/spttest/y403y5rn4zfz,3e4ee16584631f6f,1024,0/0
/spttest/xg4jsso7ahj3,3d18bd60d611fe3f,1024,0/0
/spttest/xg3gipalgd4c,3d185897e035536c,1024,0/0
/spttest/pdulp030erc5,2e5e421af32bade5,1024,0/0
/spttest/oalranxxl6g,13b91abbe6ec678,1024,0/0
/spttest/30r5d4wobd7d,584a36f3fda2f99,1024,0/0
/spttest/ply9kt0jds46,2ec77e8b28939296,1024,0/0
/spttest/9o2fcqk6uj6s,11a92579216df2a4,1024,0/0
/spttest/ba4va6gxddvg,149b67f860f9687c,1024,0/0
/spttest/9df4kslznhty,111ed8c971b3f106,1024,0/0
/spttest/rx4j3yh3tsts,32ffdd84c7d4de30,1024,0/0
/spttest/ebjl3k9hb5zx,1a288c5916e4681d,1024,0/0
/spttest/x5hh7l0rmefd,3c8e85b2adc8fd89,1024,0/0
/spttest/lkppqwyvsqfw,2768f67dd68a3bdc,1024,0/0
/spttest/jt2dny2dy0ln,242e37d8d0178c8b,1024,0/0
/spttest/ocda5ksw1jgu,2c7767bcf381a8ce,1024,0/0
/spttest/99rjjrindyi4,10ef5e979b4b5eec,1024,0/0
/spttest/fecwec9jx9st,1c20b7c649faa6dd,1024,0/0
/spttest/jju31ze5vrgv,23b6525e01f429cf,1024,0/0
/spttest/au8hc2rm5dc1,13cce18cbc4114c1,1024,0/0
/spttest/4ca1e0r6sk38,7edf34c228de6b4,1024,0/0
/spttest/t69xo935lm0m,354a5547b93203b6,1024,0/0
/spttest/b5resr7zclyb,146297dc9ea42923,1024,0/0
/spttest/2js2dbttq8xi,4a826c1371f70b6,1024,0/0
/spttest/9903836w5io8,10e576c3d49a15c8,1024,0/0
/spttest/toqrsxvr9qxl,363a3719d4a7d799,1024,0/0
/spttest/zskwkbofthx4,4161bd963c177ef8,1024,0/0
/spttest/vbc1u21176mj,393345762fa4024b,1024,0/0
/spttest/csv67e16fzrv,1762516ec8686cdb,1024,0/0
/spttest/oqiwo3yo6b4p,2d2f48f10d508dd9,1024,0/0
/spttest/24fk7zu7kout,3e0ccebb10449d5,1024,0/0
/spttest/tof8ipmgkibt,36360d923e1fd1c9,1024,0/0
/spttest/vwwi7zuo7duk,3a4b6d438e9081dc,1024,0/0
/spttest/6xsg82llg5uy,cac98dd4cd54aaa,1024,0/0
/spttest/kkjapzuhkyhw,2593087ccb2b44a4,1024,0/0
/spttest/x5tg137cqv24,3c92d716935097bc,1024,0/0
/spttest/s8b71ixqg78a,339126f52ab5669a,1024,0/0
/spttest/y6thnwxdpq4h,3e7375c7a16d6181,1024,0/0
/spttest/9c20uiy4b5pw,110d212c67baddb4,1024,0/0
/spttest/zokjhglitoym,412da7002b28299e,1024,0/0
/spttest/5sv4q5p10ipu,a9900f15ee1d3c2,1024,0/0
/spttest/gck3ob4p74yz,1ddcf3c0864f0deb,1024,0/0
/spttest/w7x97dbw9lga,3ada9451cc0490da,1024,0/0
/spttest/v8l672mo1hsv,390f98324efe205f,1024,0/0
/spttest/sxx2qhv22pu7,34ddc76d92679d4f,1024,0/0
/spttest/7km664bzw4xo,dd515c3490caffc,1024,0/0
/spttest/9kxxmsui7oiy,11808ec35c7641ea,1024,0/0
/spttest/btnel9b7s2mz,1598e40417b93f5b,1024,0/0
/spttest/lmnnqx29io64,278233231c0fcbdc,1024,0/0
/spttest/wyv3geswy0af,3c3882c3afcc25f7,1024,0/0
/spttest/wg3udamkjcc1,3b44dee2f6225131,1024,0/0
/spttest/hulb64iahnjj,209acf36c7fd236f,1024,0/0
/spttest/f94a6ozi2w5v,1bdca98d7f7ccd53,1024,0/0
/spttest/qt07h56n781r,30f6bbed4987037f,1024,0/0
/spttest/kktbzd61igaq,2596a7674bfc2c02,1024,0/0
/spttest/fqmzcb3iuigu,1cc03a171aaea6fe,1024,0/0
/spttest/16iqg9sqx8re,2284f47faf9849a,1024,0/0
/spttest/383dslgm3qok,5e3fa4759d50fd4,1024,0/0
/spttest/hwx7i0nl0720,20b914bb194a94b8,1024,0/0
/spttest/tavm1hi0r2cr,35861c8fec531cab,1024,0/0
/spttest/fgjdadhlfizu,1c3d07d5498576ea,1024,0/0
/spttest/pehtgsiahjmz,2e66a28415970fab,1024,0/0
/spttest/oynchgi4fyg9,2d98cd0c016ca829,1024,0/0
/spttest/6h6cyzc8n9ga,bd4cc4f6834f79a,1024,0/0
/spttest/fnktul809q9s,1c987b7de6f0dd40,1024,0/0
/spttest/s462jwu14idb,335b58922f36ceff,1024,0/0
/spttest/ztligdaay6gc,416ef30249d0d72c,1024,0/0
/spttest/qswdwoik8bx2,30f55af4bba48a56,1024,0/0
/spttest/tk1emgdho98m,35fd1b0ce8dbc9c6,1024,0/0
/spttest/x8def9ylixa8,3cb404d89a90c600,1024,0/0
/spttest/pm8bzv4auxph,2ecb206e4a919025,1024,0/0
/spttest/a25aa510ch1k,1260072873eb5548,1024,0/0
/spttest/ipm4f9jyk0q0,222dc53b57d91ea8,1024,0/0
/spttest/ahc57w1c4m1a,13255798ef4c388e,1024,0/0
/spttest/fhql9b6d8orn,1c4ca01e35c62463,1024,0/0
/spttest/dlcwky6bbax4,18d46a8ee0deef08,1024,0/0
/spttest/l1le8ld700e6,26709b9c78fe0cfe,1024,0/0
/spttest/5hokp0pkfztx,a07c183359e3b25,1024,0/0
/spttest/ihqtlyspov2b,21c78d45edacbc43,1024,0/0
/spttest/gw0mjwn015mx,1ed9b5f53adc4ec9,1024,0/0
/spttest/cez02m5mbv6i,16add99396355c9a,1024,0/0
/spttest/ll0ducbz2rvx,276ccfff3e0548ad,1024,0/0
/spttest/7xav1cgntj5j,e79dd7c5af6bd37,1024,0/0
/spttest/znxbu90tn53y,412546ea9559c69e,1024,0/0
/spttest/du6p0iq9crxg,1947143e23648964,1024,0/0
/spttest/szjfjkwujuxt,34f2d5a5fe7a8161,1024,0/0
/spttest/vjsnqojjf9rl,39a12d9d379efe31,1024,0/0
/spttest/n9638x2e5wmh,2a7a3a6cef1e5a69,1024,0/0
/spttest/e0l8v1sihqx9,199a43dd42e8b48d,1024,0/0
/spttest/zmlar9b4lyj8,4113f2762fe18214,1024,0/0
/spttest/79u5rx13ea5g,d4915df5ad081e4,1024,0/0
/spttest/jf4ymnyz9t0z,23794cc78737b633,1024,0/0
/spttest/1ola4v40ebz9,3130924344eb425,1024,0/0
/spttest/fwfgnwf09pxn,1d0b732114dc478b,1024,0/0
/spttest/u2imnd0cyz9r,36ed2085c7b6030f,1024,0/0
/spttest/b3reyvchhcw2,14489dc8bcf12c82,1024,0/0
/spttest/p54qcta4987,1469566aa5725b7,1024,0/0
/spttest/rvllb755h4jb,32ec0ae9b850ba37,1024,0/0
/spttest/nzp5mnwr5rvc,2bd2d43557098758,1024,0/0
/spttest/vbspq38yd8jc,393948a652ce9e78,1024,0/0
/spttest/78zdbpbvqksq,d3df9d3e080c6ca,1024,0/0
/spttest/vtlh9khgseb,19d58bfeca744c3,1024,0/0
/spttest/pjob5pgoptjt,2ea9ec6735be89d9,1024,0/0
/spttest/ue213sh6vogx,3783026f675eb7a1,1024,0/0
/spttest/jeb6h9kr4x6y,236e8ddfa0f81c0a,1024,0/0
/spttest/9f11u8zdtlj5,1133bf1f181fab41,1024,0/0
/spttest/hlhk8moslckk,20248db377c18ee4,1024,0/0
/spttest/75nrmn7xbbak,d12d256defb3aec,1024,0/0
/spttest/whq1cob6wtm2,3b59de2933a3afea,1024,0/0
/spttest/dyyh7qz85rxt,19850f91c3e9f0b1,1024,0/0
/spttest/80vdcjly3quc,ea83b9a625bb0a4,1024,0/0
/spttest/ekb43q9vkes7,1a9a651b2feb2ad7,1024,0/0
/spttest/kte9suqk07yw,26061f9841794458,1024,0/0
/spttest/utvz8hcmf49e,3850a78941af5952,1024,0/0
/spttest/fz7mqpqx7qim,1d2f978c7dc4fafe,1024,0/0
/spttest/l5gow2jjm7ks,26a2de20c69f0edc,1024,0/0
/spttest/u1wlryl31hp8,36e52e2eea3346dc,1024,0/0
/spttest/3itp629dtc7v,66f5d9a8ed2741b,1024,0/0
/spttest/ymnd21lij8to,3f4113db2d6f096c,1024,0/0
/spttest/drvdzyq6845r,1929056a55b0150f,1024,0/0
/spttest/7h3rn90l78am,da77a1930e5aabe,1024,0/0
/spttest/cy52vlwao9b9,17a6d6dc9d521f25,1024,0/0
/spttest/8f86w0lby7yu,f62b569673fbbd6,1024,0/0
/spttest/uf8p81mmvqjv,379267c88c2e962b,1024,0/0
/spttest/l7j8islscmi0,26bdc3bf59704ce8,1024,0/0
/spttest/1cic5glo10hq,2761a214af384be,1024,0/0
/spttest/jiypxt47t0ms,23ab014c8a7eaf74,1024,0/0
/spttest/bafhbu96oa3t,149f3c37e0d87329,1024,0/0
/spttest/5fl6yi2w4ziq,9ec8ea6320a94d2,1024,0/0
/spttest/h2leceyehb95,1f2f242bd4bcc939,1024,0/0
/spttest/yira25pllscf,3f0e889cedb18bbf,1024,0/0
/spttest/8hyj2glueh2k,f8630bf8d131fec,1024,0/0
/spttest/efqyyygh8svq,1a5f2b8b9c02d536,1024,0/0
/spttest/kux43wkkq450,2619e93db22cbb74,1024,0/0
/spttest/gzpf38phfalz,1f099fc934eed877,1024,0/0
/spttest/eypeaxwh5fxt,1b556607150da0f1,1024,0/0
/spttest/veojxmh3nouz,395ec016d487449b,1024,0/0
/spttest/w0ok3rnjrpks,3a7c842cd514d93c,1024,0/0
/spttest/r9nz15aw10d0,31cf2334bd47d014,1024,0/0
/spttest/zv8p3mqa7zuy,41844dc9b3e9c34a,1024,0/0
/spttest/j24cascpmqbh,22d03725e7e0d7bd,1024,0/0
/spttest/jktu5892kbpd,23c338c363b33e41,1024,0/0
/spttest/g7o0desbvfra,1d9d6a779ea65c86,1024,0/0
/spttest/xbxigpnim1x7,3ce23e58bc74513b,1024,0/0
/spttest/tbknf0csoedr,358f254c43bb6acf,1024,0/0
/spttest/elzw9qulv86z,1ab05378b363883b,1024,0/0
/spttest/q5j3w6ixtjsq,2fc5cf9211c3b27a,1024,0/0
/spttest/39od5jgsikme,5f889a0160784e6,1024,0/0
/spttest/pdw9t3smqhho,2e5edc584374110c,1024,0/0
/spttest/8mlc5nclow61,fc26082ec4d4dd9,1024,0/0
/spttest/e0x13tp7y3es,199e8461e28a40c4,1024,0/0
/spttest/qio3bm7qmwen,307078489ca0438f,1024,0/0
/spttest/857yd4m87qfd,ee0baf8d2502189,1024,0/0
/spttest/6vvyjsgwaqye,c93e2799cb886f6,1024,0/0
/spttest/ullow8pki7e3,37e5074509c40deb,1024,0/0
/spttest/nk2cwlemqrdv,2b07c38e5b842b23,1024,0/0
/spttest/5gi93d483ezi,9f87c478099969e,1024,0/0
/spttest/ogo6dx4s8wpc,2caf4b25aa0ed390,1024,0/0
/spttest/tplnb7edb4qp,36455afd3e2b41c1,1024,0/0
/spttest/4hpua0wp5qm5,834993a47b9cefd,1024,0/0
/spttest/lhz9wtpnsgsz,274571c5bd6d8f13,1024,0/0
/spttest/h1hwszc6uj77,1f20e4ce6c3162b3,1024,0/0
/spttest/d0fu8fnhdcyp,17c4b33f7dbfdfe1,1024,0/0
/spttest/qqq9uo29ljvt,30d92bd3953148e9,1024,0/0
/spttest/hh6pbscro3pm,1fecadad6af853ca,1024,0/0
/spttest/7v7zbbgtrs72,e5ed8d769f6b47e,1024,0/0
/spttest/gb7hl46ievz2,1dcb6966cdac435e,1024,0/0
/spttest/hnj1y4hwyuwj,203f1204a4af94f3,1024,0/0
/spttest/m2n6u7mz3nj1,2851dbdc7a74a4dd,1024,0/0
/spttest/oc8ei3lnlpv8,2c75a50d70581134,1024,0/0
/spttest/806bqhhln6w5,e9f324250552ba5,1024,0/0
/spttest/ntu77uz6pxd5,2b86b695eed74729,1024,0/0
/spttest/mc0hcxkv8m2u,28cb8ef378d280c6,1024,0/0
/spttest/i8jj7iqqb3im,215004b28c58c88e,1024,0/0
/spttest/v5fe9meq535h,38e68aecc3089135,1024,0/0
/spttest/rojek96cop2i,32905410797388ea,1024,0/0
/spttest/2n8fryza7fwa,4d506d0ced9e23a,1024,0/0
/spttest/xtvvq41t6xjg,3dcb7641a560904c,1024,0/0
/spttest/rdi79j4tym7r,32010325b647e1f7,1024,0/0
/spttest/ol92qkdlx8ev,2ceaca8b97a1f1d7,1024,0/0
/spttest/b2qrbse0geca,143b63de8756249a,1024,0/0
/spttest/eb1ky9jk523z,1a220d57912269ef,1024,0/0
/spttest/890h38kbkdw,6b2a9607a15ff4,1024,0/0
/spttest/tqqi2v1qb6z7,365418a9e3366613,1024,0/0
/spttest/c0bpfmoh6otr,15ef9837768df42f,1024,0/0
/spttest/j7h8qoyvrrwe,2315d116e1d00cfe,1024,0/0
/spttest/g29tvsb569uk,1d575a609cba285c,1024,0/0
/spttest/1sik5g9sxshk,34602c36b39ae78,1024,0/0
/spttest/c96x42ybfska,1662c563a56f115a,1024,0/0
/spttest/f0tjzibzo3xm,1b70e0980fb018ea,1024,0/0
/spttest/pnmyberblutz,2edd641cf2e26657,1024,0/0
/spttest/uhex2035stcd,37aea09a160a148d,1024,0/0
/spttest/m4dl7yiko0d2,28685f97cf4e13d6,1024,0/0
/spttest/r965ybxab0f0,31c8b656621e74dc,1024,0/0
/spttest/57ytk1ypt4f3,9898f5da8104c9f,1024,0/0
/spttest/xytsne9hximz,3e0ba7e9a335f19b,1024,0/0
/spttest/8c9dtusbagkf,f3c2bd0f4ed6d5f,1024,0/0
/spttest/lde0t4w71k0g,2709d1a84b3a8290,1024,0/0
/spttest/rec8jk8w97zz,320bd979acd3d0bf,1024,0/0
/spttest/qwlyi6mgu1g1,31258cc7ce2a6ad1,1024,0/0
/spttest/sir6xkl4snhc,3418d122922fdde0,1024,0/0
/spttest/bfpn7vl3n3kb,14e3d94bee4e78cb,1024,0/0
/spttest/f21yydtndf2t,1b80e73406b9e895,1024,0/0
/spttest/on4p3oxnii8k,2d033099b02707d4,1024,0/0
/spttest/ixwtsq17q5ud,22998c1264844b15,1024,0/0
/spttest/95l0cuj3ugpm,10b90e1ced2f9f1a,1024,0/0
/spttest/gqhnettkxii1,1e91eae1ab4453e9,1024,0/0
/spttest/lfwopfv8b3dw,272a881d5c3cf9e4,1024,0/0
/spttest/nfremwd024wk,2acfdaeb45e15954,1024,0/0
/spttest/7kaysf5cfscs,dd10ac678ceed4c,1024,0/0
/spttest/2qh55mqty76n,4ff22a6653fdddf,1024,0/0
/spttest/9gpwgkeuy9f8,1149b3c7b8437a34,1024,0/0
/spttest/7hdipfp0fwkv,daafed8334186af,1024,0/0
/spttest/10bxcs0mz8oe,1d7eadfe3caacae,1024,0/0
/spttest/42dkhceuz2dt,76d54d2564dccd1,1024,0/0
/spttest/7g8gwfvr481o,d9c2f1d425ac8bc,1024,0/0
/spttest/jsdr1wnfbulo,242554fdb65cdaac,1024,0/0
/spttest/7czwhao5rkvo,d722000c9d80774,1024,0/0
/spttest/1gjb6kbhoxmo,2aa6909be443d40,1024,0/0
/spttest/edxzok5qtxsx,1a47b96f314f1e61,1024,0/0
/spttest/pnuzjsohcbay,2ee04a38f86b553a,1024,0/0
/spttest/5g81nvzhi0c0,9f4cd888ca09f30,1024,0/0
/spttest/6jrptrqwxzsg,bf67b8a6129eb70,1024,0/0
/spttest/txvamhke604z,36b0c02ca67f7433,1024,0/0
/spttest/rhasfihpzln,164f3e041c4a97b,1024,0/0
/spttest/a6vdxr0alvwb,129d6723ad65cebb,1024,0/0
/spttest/kpyfouzvesvs,25d9710af5aa54b8,1024,0/0
/spttest/657n3587kunk,b39638d60906f30,1024,0/0
/spttest/qxlnsi3mc7h2,31326e8c8d2592d6,1024,0/0
/spttest/o7x1fz6jn400,2c3d9677ea112f00,1024,0/0
/spttest/bpbcvmqv66in,1560962d8b10ad7f,1024,0/0
/spttest/ipvutfp288lk,223148442fbc5388,1024,0/0
/spttest/wzc1jel9nixr,3c3ea01b39b97c9f,1024,0/0
/spttest/t5etmwue3y8n,353f1b8189695617,1024,0/0
/spttest/c05igp4nwc82,15ed5c1f71a19ce2,1024,0/0
/spttest/5cxn97a1y6w9,9ca151cf2c11069,1024,0/0
/spttest/88wokgufhdf2,f109ed04012052e,1024,0/0
/spttest/vko6oyfohtac,39ac8da8169f8284,1024,0/0
/spttest/2hfga1zirh6n,4899f244e2eddbf,1024,0/0
/spttest/hi7qrkngdbfk,1ffa0afe46dc4720,1024,0/0
/spttest/qx3c3w4oq26,15da963267bcdee,1024,0/0
/spttest/vfwwb2cnru02,396ec00a0afbd7a2,1024,0/0
/spttest/pxx0t4zarcz,150f84c802d0c03,1024,0/0
/spttest/1v3bhjv5pjec,3677ac7bca39f74,1024,0/0
/spttest/g339v1ab5wn2,1d61fa0e33b6577e,1024,0/0
/spttest/ljx3cz6c3pfe,275ea2bd7537377a,1024,0/0
/spttest/y1hdstl0uxgh,3e2e2529f1fa48e1,1024,0/0
/spttest/n14hl8f2tyf1,2a11bc6f153cf17d,1024,0/0
/spttest/lhcuvsaccfkd,273d5b1c37b44dcd,1024,0/0
/spttest/87qnksf4cgpb,f0174cdeeb0bf8f,1024,0/0
/spttest/1dzxjdkdyx64,28970852a0a696c,1024,0/0
/spttest/qsf9gjkxwsn9,30ef2d4859311a05,1024,0/0
/spttest/46n50p7gv014,7a4bddba0742de8,1024,0/0
/spttest/qbytdmivdupf,30196a05c30d83b3,1024,0/0
/spttest/v64futmo4al1,38ef94352be38e95,1024,0/0
/spttest/drcsdobzqu6l,19224f512527ea4d,1024,0/0
/spttest/7sugqgf7d8qc,e3ffddead17f074,1024,0/0
/spttest/bbqub3susfw0,14b052d4187efd70,1024,0/0
/spttest/x66v45krx6q0,3c97ae94a36bbb48,1024,0/0
/spttest/9fazt31d12kf,11375596dace043f,1024,0/0
/spttest/i3p5qu7j4nx7,21111a144294211b,1024,0/0
/spttest/datu6z14m1eh,184ba4ddd4f78899,1024,0/0
/spttest/qqirjgglo84,15b4a6571ccade4,1024,0/0
/spttest/nvg1wb0jxwhy,2b9b964a932dc5c6,1024,0/0
/spttest/r6qttpzsxkug,31a9332eb304bfc8,1024,0/0
/spttest/ap48ws7qrcjz,138a682d483e0e4f,1024,0/0
/spttest/rjuoxbwwxeoi,3253746bd1bc5892,1024,0/0
/spttest/6k5afoz4vbwu,bfb6134b48e7e0e,1024,0/0
/spttest/2crg1z3m4a9r,44d00b381203eff,1024,0/0
/spttest/rdnkninn6gpb,3202f357307dad0f,1024,0/0
/spttest/mmkuqig4iyql,2954cd34cd6de45d,1024,0/0
/spttest/rc5hq4dklvy1,31ef6ff194fe3cf9,1024,0/0
/spttest/r0ld9t6niv0s,31594b544370cc8c,1024,0/0
/spttest/knzk7daqvs60,25bfde7ad7f2f258,1024,0/0
/spttest/dtdj49usa3rf,193c8e6fbedb958b,1024,0/0
/spttest/1ma3k3a8kh3w,2f505b3ba4b339c,1024,0/0
/spttest/cxgwaqz925y0,179e1d248192bf98,1024,0/0
/spttest/1u0k2x68t38a,3597e77d513259a,1024,0/0
/spttest/vxc2koo4hwiy,3a510b01f33b22ea,1024,0/0
/spttest/1v05a3u1h722,36655c009a5c6fa,1024,0/0
/spttest/75k08l3rzk3p,d1176f4d91b8785,1024,0/0
/spttest/be997t9mnhcr,14d0f238f099e19b,1024,0/0
/spttest/ou6ohm2x4jrf,2d5ed48f7083e60b,1024,0/0
/spttest/tju01lvce7yd,35fa6f10e02a17c5,1024,0/0
/spttest/bcq6tpcba0sh,14bd13d4f9e48d81,1024,0/0
/spttest/ve8ulb5on8lb,3959158b134bc73f,1024,0/0
/spttest/ri4jpm69eu4n,323d08361af3b107,1024,0/0
/spttest/6bmjnhx713g1,b8cb3cdbf6622b1,1024,0/0
/spttest/8ndlj22wvpsg,fcc92deb615dc50,1024,0/0
/spttest/bwlyj41frx5o,15bf56365ffff39c,1024,0/0
/spttest/kvpzk6n8fbtu,262454405beb0da2,1024,0/0
/spttest/f71t6zq2fxu3,1bc1cab4a8f8f30b,1024,0/0
/spttest/62x4u0hj1giu,b1b9e857b8060e6,1024,0/0
/spttest/h39peqfgr87b,1f37e965de592e47,1024,0/0
/spttest/66stznue2kn3,b4e06411c420aff,1024,0/0
/spttest/5mtr29ycg9bl,a4a91fa18cbf731,1024,0/0
/spttest/jlq6fk5gvfht,23cee4129be6a431,1024,0/0
/spttest/39rvtknxrjuv,5f9cea0885b9a47,1024,0/0
/spttest/4d5sytvaxioc,7f96978e09b52cc,1024,0/0
/spttest/qlz2x2ybfsur,309b67118d1152d3,1024,0/0
/spttest/cw00d207id8y,178b080da287da92,1024,0/0
/spttest/shilv5lhjln0,3408bae0f103294c,1024,0/0
/spttest/cbi5djmbcwtg,1680cd277261a424,1024,0/0
/spttest/mu5wtqu6ql5m,29b753193494cb9a,1024,0/0
/spttest/fkmla8tew2k6,1c72267b591636f6,1024,0/0
/spttest/g4ooi2ohp3m7,1d76b09bb91b8f8f,1024,0/0
/spttest/wnirtollv3sc,3ba52ead8fc98dec,1024,0/0
/spttest/wu7u5q45v752,3bfc296a0c39cae6,1024,0/0
/spttest/9suqzzril5im,11e752b1257f9d2e,1024,0/0
/spttest/8ej669m9evan,f59ae5ed73a66ef,1024,0/0
/spttest/r41e33419q03,31860b13e8150ce3,1024,0/0
/spttest/xk06c8zzwkok,3d4b1e65d1261fb4,1024,0/0
/spttest/nacb14db44ud,2a8975dcbdacb085,1024,0/0
/spttest/9db7nu3dc10g,111d6f3a5fe44920,1024,0/0
/spttest/njbxm8uln0zu,2afe3ac1e738d1ca,1024,0/0
/spttest/fz0538jsxx0h,1d2ce3adf1282d61,1024,0/0
/spttest/gkaaknayx4wc,1e4153d2ae42d10c,1024,0/0
/spttest/kgdx8aq9g3al,255d2300b74465ad,1024,0/0
/spttest/9u3g3n8dzkt8,11f7734cae9cd11c,1024,0/0
/spttest/xtl34hzo90a,1b752415ce72a9a,1024,0/0
/spttest/q3u9clzh028i,2fafdb1b90207852,1024,0/0
/spttest/xiz05pjtf6fk,3d3db4e972b80750,1024,0/0
/spttest/g7jj2zm01kb0,1d9bcca21915e50c,1024,0/0
/spttest/fws4xu7t3bib,1d1005d5d7e23603,1024,0/0
/spttest/j5dvg4d50f6n,22fa9f5ccbfe05df,1024,0/0
/spttest/b4soj94zx3r3,14560ff43341743f,1024,0/0
/spttest/zcqg1he8d9m7,4093e94b1111c1ef,1024,0/0
/spttest/4ysvutrsr627,91283bec2cf8f6f,1024,0/0
/spttest/3bsgb923vkhw,613fdb7554cf484,1024,0/0
/spttest/nzz17dxfmv22,2bd66489ef6469ba,1024,0/0
/spttest/um1jdjw29hzz,37eabf0027dcf55f,1024,0/0
/spttest/b4ka7yle68m2,1453084838e8931a,1024,0/0
/spttest/blvbtnkpchys,1533d5cf242d1ef4,1024,0/0
/spttest/hg86wvxpb52h,1fe039e93b48bb69,1024,0/0
/spttest/81ngxj8vtst2,eb25f1b71354616,1024,0/0
/spttest/qc5nwapywrvk,301be2894aa25b20,1024,0/0
/spttest/qgrk6ucffwqg,3057be2729c4d278,1024,0/0
/spttest/z94mq98tciw1,40651295028557a1,1024,0/0
/spttest/y94f3fpry5xi,3e9161c0bb220186,1024,0/0
/spttest/opobzakektw6,2d2440cf571ed256,1024,0/0
/spttest/trub4g9o4yus,3662758bce376574,1024,0/0
/spttest/54q72a4dnvqg,95f7aef8aeadd68,1024,0/0
/spttest/gl4vnmwuwbjy,1e4c5cf6fa8e807e,1024,0/0
/spttest/ssp9o6hwvs06,349a03fe6e6d0386,1024,0/0
/spttest/103d7pu4hobn,1d4d4409447a163,1024,0/0
/spttest/buh2hbhbiap1,15a397fe38e9c5a5,1024,0/0
/spttest/5p8yu6jheka5,a6a09f6a0501b2d,1024,0/0
/spttest/46xztehxm98s,7a8a88f3f299d4c,1024,0/0
/spttest/xq8ooi8j1qar,3d9c1ff1141a6e63,1024,0/0
/spttest/qt7t042zgf2j,30f979bcf1673b4b,1024,0/0
/spttest/pwgais8tebq8,2f4fe4293556cfe0,1024,0/0
/spttest/7411iopg3fmm,cfda1fd1da585de,1024,0/0
/spttest/3oz47qz112iv,6bf4197a0ea3007,1024,0/0
/spttest/puyficnp79sd,2f3c7512edb6e24d,1024,0/0
/spttest/e36f7ypbynas,19bbe26d0d177974,1024,0/0
/spttest/bwj1gmiyrwh0,15be48a0b8572724,1024,0/0
/spttest/n4a5cah2h4pj,2a3abefc9d12f817,1024,0/0
/spttest/ewuvpfde6je4,1b3d660192c2f9ac,1024,0/0
/spttest/880m38j6btjh,f050cab89c59c4d,1024,0/0
/spttest/xihou2bflx66,3d377599219ab62e,1024,0/0
/spttest/ounxbdj8n2pz,2d650d77cb153187,1024,0/0
/spttest/24mj1h589sgj,3e35077cb128453,1024,0/0
/spttest/jb9dm4ypnogp,2346efacb2321c99,1024,0/0
/spttest/1b39co931s7w,263ac2a97b76c1c,1024,0/0
/spttest/6hnndso93vuk,bdb0948b63accfc,1024,0/0
/spttest/7p8qhgslqcim,e112f03f3d426de,1024,0/0
/spttest/4pj102hu5ua6,89a0df468450a8e,1024,0/0
/spttest/m83hq4lrx21o,2898aff824c6b79c,1024,0/0
/spttest/8orlme2r4idz,fde9d850819d917,1024,0/0
/spttest/3pd82m1f7u0w,6c458a50b7486c0,1024,0/0
/spttest/6gnvid2evl03,bce20e108a1e213,1024,0/0
/spttest/uczkegzqa1c3,37752195ba1e6b43,1024,0/0
/spttest/sl0zy46dzm92,34365568c2ba2066,1024,0/0
/spttest/ljl8tc4u40zs,275a5c50eafc4c08,1024,0/0
/spttest/d7mvzg1ujs7c,18222b1d1da45788,1024,0/0
/spttest/x2hlk5d3tyqu,3c679916216ddc26,1024,0/0
/spttest/iih08smsjp69,21d0ffde85017a31,1024,0/0
/spttest/68q2ii4oovp9,b6701883e1cfe7d,1024,0/0
/spttest/usvke7o8z8e7,384384337d766d3f,1024,0/0
/spttest/evjsg9l959wg,1b2c6859376d6e60,1024,0/0
/spttest/93vhahlz5c1q,10a2dabb6fafd33e,1024,0/0
/spttest/wfkek0ndycae,3b3ddb5109f55bb6,1024,0/0
/spttest/zhkjjpk7xz89,40d2ba5d247ab799,1024,0/0
/spttest/16j8hnplxao8,2287d90698c9d48,1024,0/0
/spttest/6gix2exe8q0o,bcc570860f487b8,1024,0/0
/spttest/2qr0veslx6wr,502b3573f64663b,1024,0/0
/spttest/xe4lybynsn5v,3cfec86413aad343,1024,0/0
/spttest/oe1u1vl28h1c,2c8d40e2748bee40,1024,0/0
/spttest/ui3bmwemuj6s,37b76ed9a1910aa4,1024,0/0
/spttest/k3kapl92duob,24b693766097728b,1024,0/0
/spttest/9y8zhbbhposo,122d67e44cc5f6c8,1024,0/0
/spttest/2oxgfczw1b83,4eb0af20907fb13,1024,0/0
/spttest/fytf5tl4sxww,1d2a76f19ce9a2b0,1024,0/0
/spttest/8qog8yytrdzi,ff775249ce6a48e,1024,0/0
/spttest/7di0ae2y98e0,d78a86705dc9cb8,1024,0/0
/spttest/s75om3oaahns,33822c938a19d1e8,1024,0/0
/spttest/d6xynbp93a1y,18192cbdbc1672a6,1024,0/0
/spttest/zpjx39nalb8z,413a6acc6ea38233,1024,0/0
/spttest/dlf6yzsqyf2m,18d53df416727ace,1024,0/0
/spttest/n8i1rjg1pavw,2a718dc8887dd45c,1024,0/0
/spttest/xb2yg4ggncuv,3cd737f1130f30d7,1024,0/0
/spttest/a24lwf4y9o6z,125fc899f557c4bb,1024,0/0
/spttest/cuh8f0k2g9s7,1777447743a56787,1024,0/0
/spttest/8bzkorzytek,6c3d61a71e985c,1024,0/0
/spttest/lxt8tm5mmkh6,281318e0474dbb2a,1024,0/0
/spttest/selfbl7wxl34,33e2c76c8b629500,1024,0/0
/spttest/vd0jhrgy7hg7,394918dd3a62e617,1024,0/0
/spttest/6lcw3hpvkgs7,c0b1c9e312de4f7,1024,0/0
/spttest/i9ia50ch5fj7,215c8e509e707ee3,1024,0/0
/spttest/geqa3e0hj6g8,1df928f1c7e0f868,1024,0/0
/spttest/yymeebhvps4l,3fdc9a026314eda5,1024,0/0
/spttest/ug62gi7oagiy,379e71e4c2d6262a,1024,0/0
/spttest/lbiqo5c6ku96,26f18af8c98b9c2a,1024,0/0
/spttest/1k58jqlpsy1e,2d94a26b5672852,1024,0/0
/spttest/dh3a6o3lq5ud,189cfcc08361c115,1024,0/0
/spttest/tjnzn5cqkdp2,35f843d3722a9c56,1024,0/0
/spttest/3zglh9axg2sa,74774b73e626b1a,1024,0/0
/spttest/ropwcj9ga6jv,3292abe8608e43ab,1024,0/0
/spttest/arph6l6owaux,13ac0ba60504bef9,1024,0/0
/spttest/49f22ydutyht,7c8cb25413b25e1,1024,0/0
/spttest/9ntyuhxwvy3z,11a6182cba5b926f,1024,0/0
/spttest/bpg2q607s0g4,156249f8c5e63844,1024,0/0
/spttest/qi19txzcj7zh,30683c83d440f72d,1024,0/0
/spttest/fvuj83l65f36,1d03e5f7a33745a2,1024,0/0
/spttest/ifsj0zpk0ffz,21ae3057eb6d162f,1024,0/0
/spttest/hfjo13e960zj,1fd7609f896f5b7f,1024,0/0
/spttest/r8at1765na67,31bd65c5684d403f,1024,0/0
/spttest/d6r0fdq6ao42,1816aaba967b9692,1024,0/0
/spttest/1rpvsw73p5k5,33ba9fa8e1d4765,1024,0/0
/spttest/2uheukd6n5sx,533308bc9cf5721,1024,0/0
/spttest/i16do9e0vndl,20f058e95dce1019,1024,0/0
/spttest/8aqw7nh13vfh,f2882baf80776dd,1024,0/0
/spttest/hatoy6b2zax0,1f9a0c6133fc5004,1024,0/0
/spttest/bwuyori895w7,15c295eded49c617,1024,0/0
/spttest/q15hz7tuj3a5,2f8cf18690c4395d,1024,0/0
/spttest/bo02r7nmdhlf,154f86e5cf8e5c53,1024,0/0
/spttest/g259686eldpu,1d55b3c45f60deb2,1024,0/0
/spttest/be3m3o6kqriu,14cee912b0d9b9d6,1024,0/0
/spttest/us9pvfflaw2h,383ba227dc2a41d9,1024,0/0
/spttest/7dq2rncr1hfw,d7b91b5bd49e98c,1024,0/0
/spttest/u7izaybca6r7,372e3346ee4978b3,1024,0/0
/spttest/g4ad588cflr6,1d718650505887e2,1024,0/0
/spttest/1quhqi9rzlis,3305678dca7b6b4,1024,0/0
/spttest/g4zcjn8rig46,1d7a89fb45776d16,1024,0/0
/spttest/7zm5bjf4mkdx,e97ea6f298e20b5,1024,0/0
/spttest/rpj9iks5fdmo,329d445f6247c7c0,1024,0/0
/spttest/pe4crhf0fkt0,2e61c6df5bf78314,1024,0/0
/spttest/9d926aywsmwv,111ca869c3546aff,1024,0/0
/spttest/4lzr3z4m0p6x,86c21cef96fd589,1024,0/0
/spttest/ie0gwh6c6lpp,2197135293c0276d,1024,0/0
/spttest/n9wnanzmf473,2a83cf70a9e2f4ff,1024,0/0
/spttest/qf97eru56xmu,3044217a576d7cc6,1024,0/0
/spttest/rw25bn83om9a,32f204270237b9ae,1024,0/0
/spttest/8tn97ah3b3vo,101dfe76f7790f64,1024,0/0
/spttest/mbuyae53x5jg,28c9902dcd95114c,1024,0/0
/spttest/31gzcawryl9v,58df58e05f5bb33,1024,0/0
/spttest/8fhe4wi08s8c,f660751db22c8ec,1024,0/0
/spttest/7hyhluodh2g3,db28fc1a460d3a3,1024,0/0
/spttest/8y317je7x0vc,1057a4dff94ed1a8,1024,0/0
/spttest/qw7l56xjl4eg,31205d580e87c088,1024,0/0
/spttest/us3d9z6ejdvg,383957a0c0fce2fc,1024,0/0
/spttest/7s27jao4eb7v,e35cbf4e974744b,1024,0/0
/spttest/uvf7y2gkwxpg,38649623ad17e6a4,1024,0/0
/spttest/xeeu675b80jz,3d0279290749c3cf,1024,0/0
/spttest/jtdr1yopjmqr,24325240778b72e3,1024,0/0
/spttest/7terqrcu0zdm,e47517ade5d711a,1024,0/0
/spttest/qqfbcf9rcrpc,30d5379b6ad0c640,1024,0/0
/spttest/48u9fp22htsg,7c14a47ef248b10,1024,0/0
/spttest/p80ge5k0k2e,1479f88560d0d96,1024,0/0
/spttest/68qs53tprdzx,b674349a9713c9d,1024,0/0
/spttest/34al76t3m6nk,5b29ed47e2c6230,1024,0/0
/spttest/qwejnutup9dv,3122e01ecc3e0dc3,1024,0/0
/spttest/ol3xc7lk8a23,2ce8eeda1f775ceb,1024,0/0
/spttest/vot78shp2wyc,39e251f03aba7054,1024,0/0
/spttest/jllenu8ndq3k,23cd2b591019fc60,1024,0/0
/spttest/g1hf3w3fabaw,1d4d1a28521772b8,1024,0/0
/spttest/umpac36okofn,37f350a45babd8b3,1024,0/0
/spttest/bhgc6gjlplzc,14fa782bd3e91c88,1024,0/0
/spttest/57991vbnxy9l,980558c4d48deb9,1024,0/0
/spttest/oti9s6qbcrrr,2d5605fd44420a97,1024,0/0
/spttest/uz8r6frfuljv,389635ef5bf7f39b,1024,0/0
/spttest/mr4d62h47a8,1278ccad3df96e0,1024,0/0
/spttest/hbh61sqyykxj,1fa284b9d1d2a877,1024,0/0
/spttest/a91bbmmamaon,12b985276f516197,1024,0/0
/spttest/l718ag60vey,11350202c3a450a,1024,0/0
/spttest/olg8mt6wn8x6,2ced6040033ad4ea,1024,0/0
/spttest/m5u6qyt5f921,287b59fa53903499,1024,0/0
/spttest/itlee5ekhu9y,2261777806370f86,1024,0/0
/spttest/f1knoofgbw11,1b7aa8071ae8a2e5,1024,0/0
/spttest/fg3c6v137zrd,1c373f20087da7c9,1024,0/0
/spttest/vipoh0kq03mz,39931d212aed7c6b,1024,0/0
/spttest/2rscuauqzh7e,5102bad1680f3da,1024,0/0
/spttest/vo9au88sarn0,39db23cc7dbc666c,1024,0/0
/spttest/1u6obrwck0bo,35bb3925a59baa4,1024,0/0
/spttest/gmfx78mak69c,1e5d563c2e41feb0,1024,0/0
/spttest/aeii5gm96cy8,1300ab3802f78810,1024,0/0
/spttest/1egec7flxoc0,28f6184f3d43a70,1024,0/0
/spttest/si1tgf21cu2h,340fa959e90efc39,1024,0/0
/spttest/aw6383lhmpmv,13e5ff1f4ebd8047,1024,0/0
/spttest/8bffq9qruvta,f315da52263af8e,1024,0/0
/spttest/1iide8fdmjuc,2c40cdc89c1d6f4,1024,0/0
/spttest/6l01tf8fvwtk,c067a8202dc76e8,1024,0/0
/spttest/kuwie49nitnr,2619b1858de061a7,1024,0/0
/spttest/vz05ecpuwnli,3a66b85925836176,1024,0/0
/spttest/kgswsgoucink,25628b65dbd92770,1024,0/0
/spttest/nxpp3xse41zc,2bb90bad0d3c7108,1024,0/0
/spttest/z9s6k5h899dg,406d91eea7f6d3b4,1024,0/0
/spttest/d63raage6mby,180e46cdec21e48e,1024,0/0
/spttest/khuecvx9xmpc,25701218c751ae30,1024,0/0
/spttest/htjuubcynad,e77afdd457a265,1024,0/0
/spttest/asus2z8sm38c,13baf2b67c2225dc,1024,0/0
/spttest/9xdnjuw5p89u,122219de3fc43b22,1024,0/0
/spttest/3k95koc7hh7r,681ee7a69cf0867,1024,0/0
/spttest/ajctwmhmvsgk,133f9173dc7fbbd4,1024,0/0
/spttest/cku5hvp17ni4,16fa09314bdb47bc,1024,0/0
/spttest/xvsu7anbhthj,3de457c21e53b687,1024,0/0
/spttest/gmm823uthxpb,1e5f9c4d688ce9df,1024,0/0
/spttest/co74hotpuhmz,1725af2ba746c1cb,1024,0/0
/spttest/mapz46zrf3bv,28bac734795d859b,1024,0/0
/spttest/ov4t1vzwp9kr,2d6b24c9ec48b8bb,1024,0/0
/spttest/82z42x7s7vgg,ec38fcfc87b4300,1024,0/0
/spttest/vkku61uba2ek,39ab586a3fa2ddac,1024,0/0
/spttest/uvehk6ganpfu,38645270664bca8a,1024,0/0
/spttest/98o6tzi8h8wr,10e12b9aa5ab475b,1024,0/0
/spttest/cok09ka2x42d,172a551d8862bcd5,1024,0/0
/spttest/2c9hwmocgsfv,44686d2ccc73ffb,1024,0/0
/spttest/1jisyzyyeqis,2d13215beb357c4,1024,0/0
/spttest/z01d2tuymrql,3feefd67ae291fed,1024,0/0
/spttest/f3m3f23pq0cr,1b952746bfb2094b,1024,0/0
/spttest/uys7vd1x54bp,38903e80fce09a25,1024,0/0
/spttest/gt2jfwkdqeiv,1eb36ef10f478907,1024,0/0
/spttest/tpkxz69hv3ux,364519fcb317ba49,1024,0/0
/spttest/mmwqtha317q0,29591792d32f7858,1024,0/0
/spttest/moue6bjupmcn,297238e916be7767,1024,0/0
/spttest/q2b8hakumrhv,2f9c009f5092c2b3,1024,0/0
/spttest/2or462qafz51,4e8c148e943f1a5,1024,0/0
/spttest/7apuuvcp7wwd,d5485a4a2767b4d,1024,0/0
/spttest/koyjlvekzuao,25cc7dd612084020,1024,0/0
/spttest/biqdg064y1zw,150b145b3fd79a9c,1024,0/0
/spttest/p9yu99cyieiz,2e2bd4857a71fc0b,1024,0/0
/spttest/u1hzcaaymj15,36dfe776a53a73d9,1024,0/0
/spttest/cl2sfio03dby,16fd26fbb3aaa63e,1024,0/0
/spttest/8h746sva2arf,f7c4ca0d7e708fb,1024,0/0
/spttest/onxu78jb5ewz,2d0db45c655631c3,1024,0/0
/spttest/r29md5s84lbk,316f08c12878ccf0,1024,0/0
/spttest/6f66wxgs37p,5368f398b6b345,1024,0/0
/spttest/1k2mp1ulqa8l,2d85958991d7355,1024,0/0
/spttest/23s8y2muntkf,3d8638531068b6f,1024,0/0
/spttest/4sj43njfej45,8c10dad803a2345,1024,0/0
/spttest/m8mggumr8p08,289f87bd2b742398,1024,0/0
/spttest/oeluzy3g81fz,2c947aad7aa4954f,1024,0/0
/spttest/bqz8yw62u3nc,1576323de5a307f8,1024,0/0
/spttest/x6w2ja2zojk3,3ca0c6d33e5f2403,1024,0/0
/spttest/s7gc9zx7vggb,338604f99264600b,1024,0/0
/spttest/kwiq0t13juqd,262eb2750ebc7955,1024,0/0
/spttest/h9c9o1a7ljg6,1f86c5a7462b34b6,1024,0/0
/spttest/g6hf9uj6klzi,1d8e0cdd9de9be4e,1024,0/0
/spttest/eadd8bt05v3x,1a1950b1f5f170bd,1024,0/0
/spttest/2cyzywervsbf,44fba601c91141b,1024,0/0
/spttest/s5uznay1ovrx,33715394068e7fdd,1024,0/0
/spttest/r6kng8t2wqk2,31a6f89e2172a472,1024,0/0
/spttest/fylbpz1aabjq,1d278b2bc314b6f6,1024,0/0
/spttest/1ap2k2a0bxv3,25e8d93c0d4082f,1024,0/0
/spttest/6j46bmrh202r,bedfd073ec289e3,1024,0/0
/spttest/f53jk9cxjsux,1ba870376bff19d9,1024,0/0
/spttest/3dih6zxwzfx4,62a5ecf50fa2f58,1024,0/0
/spttest/u2a3vurpfmr1,36ea0d6e9bf3c5ed,1024,0/0
/spttest/m9ra31tc3csf,28ae4275667a537f,1024,0/0
/spttest/jkwyj7idzpq1,23c45920a02051f9,1024,0/0
/spttest/v8vups23dt3w,391372ca7f5fff9c,1024,0/0
/spttest/jm1da969tmai,23d2edb4ac92a71a,1024,0/0
/spttest/ydwk60l3fzp6,3ecf7e1a7521397a,1024,0/0
/spttest/kl9gwd6u0ust,259c79e918c121ed,1024,0/0
/spttest/nikosbih8goc,2af46627dde5ef6c,1024,0/0
/spttest/86l2cc3spdcf,ef27338f7e557cf,1024,0/0
/spttest/4ukif7i95kwj,8db894dcf4b5a13,1024,0/0
/spttest/u98go8l776g7,3744624e19767767,1024,0/0
/spttest/licxcw5aicmx,274a5eb7c0d08e79,1024,0/0
/spttest/bq1ac0i9v45f,1569f138f25557c3,1024,0/0
/spttest/bisyc4rpy9wh,150c02b2cbc1aba1,1024,0/0
/spttest/sltrfx8ozhlt,3440b643ee3b4be1,1024,0/0
/spttest/yzom00fg4adg,3fea63825452b984,1024,0/0
/spttest/4opl7na0ojhe,88f6ec35fb310a2,1024,0/0
/spttest/i8rletr6p4x6,2152ed4bb0e8472a,1024,0/0
/spttest/5pea0b6w7x1e,a6bf4770e614b02,1024,0/0
/spttest/sdmq4spda73b,33d642466a4f3367,1024,0/0
/spttest/t71kq69po53x,35544e5f6af68cdd,1024,0/0
/spttest/bkysh0saf570,15281860069b420c,1024,0/0
/spttest/rp8k7593sldv,329967bb17241243,1024,0/0
/spttest/w8uf1q5r8swl,3ae68b76c88c5355,1024,0/0
/spttest/d0k0nt4tr25m,17c635362211a0aa,1024,0/0
/spttest/jp27cdsmwja4,23fa3299e6b2bf9c,1024,0/0
/spttest/fxgmnxz1s846,1d18dc26e890f516,1024,0/0
/spttest/p7tvvlmysiv0,2e10105325fed87c,1024,0/0
/spttest/32c2rdaqo535,5992dbdcfec81c1,1024,0/0
/spttest/iby26rx1udlp,217c3a51e0f4955d,1024,0/0
/spttest/hx9pdtgz5sh7,20bd9708da0a726b,1024,0/0
/spttest/jtj8vizfe8h9,24344dd1854bdd6d,1024,0/0
/spttest/x50z3a0b1iew,3c889150a89f5e78,1024,0/0
/spttest/xockk6al2w9r,3d838c5450820cdf,1024,0/0
/spttest/uw9udadx7dkj,386fa2b7fa4f3573,1024,0/0
/spttest/2ef7d3rq8umi,462907f35b9630a,1024,0/0
/spttest/twjjebrdx9br,369f850258d05677,1024,0/0
/spttest/5qaghnbtwwm8,a7790e111e86620,1024,0/0
/spttest/qzo8bhlkfjv1,314d5677c40fea4d,1024,0/0
/spttest/cbt4un21hpl3,1684c3db7e5974c7,1024,0/0
/spttest/2oqx3he050u4,4e8af23b7cc5b7c,1024,0/0
/spttest/5yiflsh65ozb,ae25b9bc3bab7b7,1024,0/0
/spttest/iyo7lwe24ipi,22a36d72f58fb1b6,1024,0/0
/spttest/heamek5i5hrm,1fc71fe163092f32,1024,0/0
/spttest/qxy01mischy,15df8111ed0a846,1024,0/0
/spttest/ssusjs14mhye,349c02457189ac66,1024,0/0
/spttest/zjqumdll2fso,40eefb8021ceb578,1024,0/0
/spttest/y3e013xw96oi,3e46e73e05ed3e12,1024,0/0
/spttest/2ls2vo70l01,21d64b3442a151,1024,0/0
/spttest/f0sw2acqowc2,1b70a33692eee3b2,1024,0/0
/spttest/cf78u57xg40x,16b0d302c44e8561,1024,0/0
/spttest/ddgywsqw42h7,186df7f40d8b6d8b,1024,0/0
/spttest/tlxkxdc7pi5k,3615b4437ba74f28,1024,0/0
/spttest/d6lhvhs50p9p,1814ad493ee964ed,1024,0/0
/spttest/fg9dmqpeiu4v,1c396d083b605b0f,1024,0/0
/spttest/qdk7ibhdrbdk,302e1f448f62b358,1024,0/0
/spttest/9ksmy9zra1sq,117ea58427219e9a,1024,0/0
/spttest/op1c1gqb0h5r,2d1bf47ebe5e29df,1024,0/0
/spttest/zxi0mvtlz6ac,41a1a5361a4c4394,1024,0/0
/spttest/olsbgogxiytp,2cf1bbede8de01cd,1024,0/0
/spttest/2296z7v4bjuw,3c486378d2ec948,1024,0/0
/spttest/lt625d54n53v,27d6c641aaf1419b,1024,0/0
/spttest/9ru5rfybf27q,11da1ef1c2be1bf6,1024,0/0
/spttest/r910cb2dmz0w,31c6da18fda77fd0,1024,0/0
/spttest/g6flruuyikmm,1d8d64ceb53972ee,1024,0/0
/spttest/xzs12wk3h2z2,3e18021080ad5c4e,1024,0/0
/spttest/xlo6ax17kyf,1b4773bb6d64ad7,1024,0/0
/spttest/s3pp73iqy32f,3355706920f01607,1024,0/0
/spttest/l4nv0l54lora,2698772a65c27896,1024,0/0
/spttest/rp4jlwn5mp2,167c6cc67090926,1024,0/0
/spttest/b9tb8pwyilpn,14973c7ff492b06b,1024,0/0
/spttest/p5m5yaxpmb7y,2df34cb74367df4e,1024,0/0
/spttest/5u3uzll6hxrr,aa92487618f0f37,1024,0/0
/spttest/fzulecob3i29,1d37e0924a350931,1024,0/0
/spttest/xzhnbc15v50r,3e14430fd65d742b,1024,0/0
/spttest/427quyt03wxl,76b3afa4da8fd79,1024,0/0
/spttest/ks4crnqaixbf,25f58e448eb99b2b,1024,0/0
/spttest/wdenowb1k7kl,3b21ce0891241055,1024,0/0
/spttest/fwc7cce536q3,1d0a461bda8e21cb,1024,0/0
/spttest/cr2y8fscd35w,174b2569e7e4bd44,1024,0/0
/spttest/a72u1avhwcp8,12a01705d3af754c,1024,0/0
/spttest/vet5z9svbuwg,39606a207a203030,1024,0/0
/spttest/l0tchwxp84uu,26667cd54d79e796,1024,0/0
/spttest/o8dzgizqaghr,2c43b3a2dd5057ff,1024,0/0
/spttest/pfa180n4g66z,2e70d0ba4921c35b,1024,0/0
/spttest/aq3kfw7c1j0l,139726a6abf6de85,1024,0/0
/spttest/5xk80h3tz2za,ad6039bc6a832d6,1024,0/0
/spttest/fqbytyjj04vf,1cbc40bb597c97ab,1024,0/0
/spttest/45znxzkumhqq,79c4593a3fe2152,1024,0/0
/spttest/b9le2ne69w14,149460d190ceb868,1024,0/0
/spttest/ewwsiorn0baw,1b3e1690a242fc38,1024,0/0
/spttest/e4jh6rjzbto1,19cd9584191cc9f1,1024,0/0
/spttest/wx3l93fkav0o,3c2198dc0df65b88,1024,0/0
/spttest/xqzmb7jgbxua,3da5d7ce1344ec12,1024,0/0
/spttest/f9dztrximuwa,1be02aa81727abea,1024,0/0
/spttest/g45cuuya2g27,1d6fb7bbc6fb2fcf,1024,0/0
/spttest/umqnrbkkqgrh,37f3cf737e2dab5d,1024,0/0
/spttest/59oevb5suglw,99fc88326c5ef94,1024,0/0
/spttest/z8hagu8unf4l,405ca6a6e55c8a55,1024,0/0
/spttest/jfl4hjuqdqv1,237f21b3945bcb3d,1024,0/0
/spttest/28fzpex92cdg,414e9ad03fd9824,1024,0/0
/spttest/njb7lhbbk6fr,2afdf7fe15fba497,1024,0/0
/spttest/ucr9on1zvcwq,37722323d8876a1a,1024,0/0
/spttest/9wfp6fql7r1o,1215d985dff0d1ac,1024,0/0
/spttest/ij09fg9duour,21d7f26eaac28a53,1024,0/0
/spttest/4jjpxjnf7xkf,84c5e610c7440af,1024,0/0
/spttest/wlnswyhnwl7y,3b8d04ce0e79ae6e,1024,0/0
/spttest/8azncw4zm5h4,f2bab5373ab5838,1024,0/0
/spttest/uijycbxpjwu7,37bd6f00760cb9ff,1024,0/0
/spttest/9oy6tz5j4phf,11b49b64bc49f103,1024,0/0
/spttest/qvl2mtxgmyhb,31183dbff83ddc0f,1024,0/0
/spttest/ctkc38ylebsx,176b65bd06ed7041,1024,0/0
/spttest/9qvmy0byc3v1,11cdaa24676b8c8d,1024,0/0
/spttest/q9mmhyfh05z,155320a3a59e217,1024,0/0
/spttest/zp7fx1v7rz8h,4135ea517b017e21,1024,0/0
/spttest/1xvqbzf65do2,38bb5b1c49f2672,1024,0/0
/spttest/9ksw3i9tovk8,117ebcfb250296c8,1024,0/0
/spttest/p63yzuc1kgb1,2df9b97e50dc808d,1024,0/0
/spttest/i347yqfppntc,21098c0a5295b9d0,1024,0/0
/spttest/e3gxtyy3cqrt,19bfaddc69be1d89,1024,0/0
/spttest/xgw0z4xzse52,3d22a7641da35d96,1024,0/0
/spttest/smzqs8kq3zax,344fdc0b1fdf7f79,1024,0/0
/spttest/d6d3uapm5a23,1811a6557c0abc2b,1024,0/0
/spttest/3mumrfqi3ced,6a3a8d32f150b85,1024,0/0
/spttest/pxgtpnt7elxh,2f5d12a8610e1185,1024,0/0
/spttest/hxas1130wza0,20bdfa304f58b698,1024,0/0
/spttest/7n2nribpywsc,df5034f986d7f7c,1024,0/0
/spttest/jxfexgvt5leo,2466e0e7cdb654a0,1024,0/0
/spttest/70srse0h1j2j,cd3ae4e6a01a7cb,1024,0/0
/spttest/mm1l37hqj9oc,294dd974e71a25bc,1024,0/0
/spttest/v7fas0lpfgbe,39007c7c75602d5a,1024,0/0
/spttest/ieejvhcahud7,219c281ab8117dfb,1024,0/0
/spttest/7x9y9hmvkm0d,e79896531a9936d,1024,0/0
/spttest/8afpdi3sd09j,f247922dd742a97,1024,0/0
/spttest/igsm2ikyfxkd,21bb3567f9b929ad,1024,0/0
/spttest/cqdpgssvmit1,174209b625ab37b5,1024,0/0
/spttest/vpo17hb1pucf,39ed71dda485e2df,1024,0/0
/spttest/ls10pxbqeq4j,27c7f77e0dc331c3,1024,0/0
/spttest/3mm8qdslpb8g,6a0a1e2059c7a20,1024,0/0
/spttest/mn6ozijage2r,295cae8df4380143,1024,0/0
/spttest/kqzp5e2ay0q7,25e6e2f01cfcea2f,1024,0/0
/spttest/t0fzhh7krl1u,34fe949916000352,1024,0/0
/spttest/vx1s1860twm6,3a4d5447cf9be25e,1024,0/0
/spttest/jud1tlazgq1j,243f0ec46c25e2d7,1024,0/0
/spttest/ufu8w2wl57h4,379a2dfabc688a18,1024,0/0
/spttest/28nnwfdost3p,417ae550962de55,1024,0/0
/spttest/kqctznms49xw,25dea2e37b54ef54,1024,0/0
/spttest/g1wwjg8manmd,1d52b0688f304c15,1024,0/0
/spttest/b79pzeyt9c95,14763071f61a4b49,1024,0/0
/spttest/zpdwla57g4z6,41383f4ea4b9f832,1024,0/0
/spttest/kvv4r4z7jjzw,26262f6ac9a2befc,1024,0/0
/spttest/w6ud76dmwmjv,3acc8c351a98842b,1024,0/0
/spttest/v3p3m723vh33,38d010c42e22833f,1024,0/0
/spttest/k9vo9bgpvxbx,25089dd0914ba37d,1024,0/0
/spttest/oln6ts1rs5tl,2cefe2315c87ab79,1024,0/0
/spttest/vgzd8irmtvwv,397ca1782ef288cf,1024,0/0
/spttest/9rhia6xu1wit,11d58e4870003ce5,1024,0/0
/spttest/qdfjtehsv72i,302c71018707d58a,1024,0/0
/spttest/aqvpidg2cd7w,13a14df7ab0f9fec,1024,0/0
/spttest/tqshcm7ml4mk,3654cf879074bcac,1024,0/0
/spttest/9jwkeqk1y2s2,117313354fd9d392,1024,0/0
/spttest/5q1pm8p7jnab,a7468fc054a67a3,1024,0/0
/spttest/4wnwvti0ns91,8f6be06e9db06c5,1024,0/0
/spttest/4tta7n94vqpl,8d1b64bce9910f9,1024,0/0
/spttest/k5nqob2mwsmk,24d1cc0aaeb226ec,1024,0/0
/spttest/17wgymdwynm3,23a4157e057000b,1024,0/0
/spttest/e0n4x6sxsj83,199af27d782ca153,1024,0/0
/spttest/t8r6t1par2vi,356a897cd02be54e,1024,0/0
/spttest/4j0xo9iuvcnm,845973f4d1547d2,1024,0/0
/spttest/bqghf38gdnc0,156f6ced00acd760,1024,0/0
/spttest/2b7taco2b166,438ee0826e6bcae,1024,0/0
/spttest/lhgrl80i1w0r,273ec4220b6d6a5b,1024,0/0
/spttest/mu9pidpwtoom,29b8b1cd0cb49636,1024,0/0
/spttest/9lrrpx3gvcwd,118b52a34f0c9f0d,1024,0/0
/spttest/f7n6d3r3aw2j,1bc9803ac71c5fdb,1024,0/0
/spttest/n91q5nbhk2gz,2a78a75d3ef6b683,1024,0/0
/spttest/jmczijldcj8u,23d71ecb63873d6e,1024,0/0
/spttest/8dfp30xcqkgr,f4b7028df155a1b,1024,0/0
/spttest/85hge8x3sc1x,ee4288cd0343305,1024,0/0
/spttest/csxlhe7kpksc,1763315e7b3b657c,1024,0/0
/spttest/58zhtifpv7c6,996cae01e3febe6,1024,0/0
/spttest/6zqh2b6nohlh,cc5dccbec99ee15,1024,0/0
/spttest/r8r6ytfia205,31c34f6a0b9f66a5,1024,0/0
/spttest/ckcut35jgmks,16f3cb81eff06d4c,1024,0/0
/spttest/ban0v2fmuq91,14a1f4ea8e5d3265,1024,0/0
/spttest/5kkzatm3ulnx,a2d6d48e033142d,1024,0/0
/spttest/p8afyb42ehiw,2e1609b9b0595238,1024,0/0
/spttest/rzf9khm6oqpi,331db79a6b578b36,1024,0/0
/spttest/w3n36evvm0gl,3aa2f425b3bb66d5,1024,0/0
/spttest/g7g80s0gksjg,1d9a9b25b2469d7c,1024,0/0
/spttest/b0hii8krt4v2,141e1368c32c88de,1024,0/0
/spttest/cdtkj6k9ft2n,169ee69b54f7d9ef,1024,0/0
/spttest/jgeyatakg4kt,2389e4dfb3c3c72d,1024,0/0
/spttest/yrzblnxyh99l,3f8656d357af7f29,1024,0/0
/spttest/1ox5r3cmzck2,3175250d1e3a052,1024,0/0
/spttest/kvqbru15f40a,26247396055d2b0a,1024,0/0
/spttest/elgkshqhlgp8,1aa95b05869ab0cc,1024,0/0
/spttest/jza4epxvc76i,247ef2956a3e625a,1024,0/0
/spttest/fa250esg231d,1be8e0cbd5e55be1,1024,0/0
/spttest/nxlp6wrnt96l,2bb79a6a30e616bd,1024,0/0
/spttest/5fdw2qj3fjs8,9e9ec26521a40e8,1024,0/0
/spttest/g29id4eqq3bp,1d573cd2d45d6555,1024,0/0
/spttest/4gudr07tvrvq,8293f67702e17e6,1024,0/0
/spttest/bsg96d4zbf5a,1589524a87e6046e,1024,0/0
/spttest/omgxf9f7n6wh,2cfa9d1d0491d5b1,1024,0/0
/spttest/vbrl6srjobut,3938e0a4b5f3d105,1024,0/0
/spttest/4rjrmkrt5m82,8b44cc8617848c2,1024,0/0
/spttest/sgt2a9y4yj1i,33ff836f4304f0e6,1024,0/0
/spttest/zcwm4gb9izu0,4096231beb993ae8,1024,0/0
/spttest/g2t5t17u0zkv,1d5e53f79ca15e1f,1024,0/0
/spttest/cyteg06m176s,17af9d607f7a88a4,1024,0/0
/spttest/wl89hoo5sqq,1a75126b466e8c2,1024,0/0
/spttest/qn391ub4qz71,30a9e5883f05e4ad,1024,0/0
/spttest/j4j6oowbj879,22ef8cc80b6d9b45,1024,0/0
/spttest/2qm7m4afsxxm,500f6cc3fb431ca,1024,0/0
/spttest/9j383ph5gj15,11687cf423f81d59,1024,0/0
/spttest/bh6rxr8u5fxv,14f704ebcb29cdf3,1024,0/0
/spttest/pygzx08ow313,2f6a1fd52a7c4f57,1024,0/0
/spttest/t0tro8wlrvxg,35038db5a6800f64,1024,0/0
/spttest/qhyp2ufm37nt,30674e880b171b89,1024,0/0
/spttest/301fokadztou,57b5c5521e7560e,1024,0/0
/spttest/4wzxxkl7vgsc,8fb1522f859c1bc,1024,0/0
/spttest/kbz94txqie1b,2523e2fe9d99658f,1024,0/0
/spttest/6akg91h4h9u5,b7ef5153047040d,1024,0/0
/spttest/n0kzijystz4r,2a0ab30feeae6b1b,1024,0/0
/spttest/snjwqm1wth8j,345722afe91da083,1024,0/0
/spttest/vcxdbjafmo4g,3947f3ebc0c6eaa0,1024,0/0
/spttest/48uexerqaqp2,7c1585f58506ba6,1024,0/0
/spttest/r2dry8kpwm38,3170888f03b8c0d4,1024,0/0
/spttest/msakjfhibmme,299f06e6cf872d46,1024,0/0
/spttest/fx3zsvc16yai,1d144d1237ef341a,1024,0/0
/spttest/4rt0k8l2wdhg,8b7a305b6134244,1024,0/0
/spttest/d375doj9uqkn,17e8884d355a7707,1024,0/0
/spttest/2x04zklvddyh,553ecc14eb77ae9,1024,0/0
/spttest/4z6nqqf88mek,9177c1522bbe76c,1024,0/0
/spttest/qjzm66rxvw9d,30819df43a95a211,1024,0/0
/spttest/nzhkmla13q4j,2bd017be75548003,1024,0/0
/spttest/og4al2lg8961,2ca81e8e1d22c469,1024,0/0
/spttest/gefyls1o211i,1df56fc885c22dc6,1024,0/0
/spttest/aoptnykm98zd,138533e7e6881bb9,1024,0/0
/spttest/kfudz3l08si3,25561699c6caa64b,1024,0/0
/spttest/p1c1c7d1v0xa,2dbbb02b17ef7b6e,1024,0/0
/spttest/dni8ltd5s1my,18f051c3928e804a,1024,0/0
/spttest/m8tbcbwno1jc,28a2012a6232c4c8,1024,0/0
/spttest/om3m8phcfq2i,2cf5cfa2ad8031ba,1024,0/0
/spttest/98zxxsgna10u,10e56933bb97daae,1024,0/0
/spttest/ge55xu8vd0vb,1df18a8d7fdc04a7,1024,0/0
/spttest/sr1nizpqua6y,3484817355349d1a,1024,0/0
/spttest/5kwdc0pydsoq,a3189577743387a,1024,0/0
/spttest/oq2q3xz6zwkc,2d297237bd95919c,1024,0/0
/spttest/mvukytqsj3xw,29cd37224a752eb4,1024,0/0
/spttest/ssjouyb11jjf,349800c0fdaf662b,1024,0/0
/spttest/bwyk3yvs1xvo,15c3e1ffd11fb9c4,1024,0/0
/spttest/esdaek10gviq,1b03181017596792,1024,0/0
/spttest/t2y7idq3k6l7,351f22549953395b,1024,0/0
/spttest/u2ubgq799tgz,36f1583ebd16c273,1024,0/0
/spttest/jbg0h3dt3xzz,23495489a073cfdf,1024,0/0
/spttest/m7t2jfcobqlr,2894ed528ee5d36f,1024,0/0
/spttest/8kjeqelwqkr2,fa7b3df5875df8e,1024,0/0
/spttest/qkfp14rzz37m,30876b2ed4f8ca02,1024,0/0
/spttest/a2a4u9dyax0,82b74e7f243cc4,1024,0/0
/spttest/8rc7lxxhtj5v,100007d031bb2b43,1024,0/0
/spttest/wrays7ujhe99,3bd6529d7154fd6d,1024,0/0
/spttest/4q85oduomltx,8a31f282c253805,1024,0/0
/spttest/ujx0uofscu9g,37cf237c222f5c34,1024,0/0
/spttest/qhst560dlcum,30652ec0250b014e,1024,0/0
/spttest/j60x3mgacrqy,2302f012aa3ac17a,1024,0/0
/spttest/skah9capeaoz,342cc3e294534ea3,1024,0/0
/spttest/ohahy1vt989m,2cb758e82cb43b1a,1024,0/0
/spttest/os5vfq38b0zi,2d448f8126652dbe,1024,0/0
/spttest/nbxo6r53e3dz,2a9e289bd5e44fa7,1024,0/0
/spttest/68iysrg36iyi,b64716c2a9b787a,1024,0/0
/spttest/ccofaw7zme8b,16900e16d94af08b,1024,0/0
/spttest/3xq2lykrsqe2,730e57850729f9a,1024,0/0
/spttest/7c3284oag3uc,d664697abe76174,1024,0/0
/spttest/xbgluzge5xae,3cdc24cd12c4f5c6,1024,0/0
/spttest/nuvzt3a0v0nj,2b945990d569ed0f,1024,0/0
/spttest/l5ag95veo497,26a09dc277c5658b,1024,0/0
/spttest/pbzm82a08092,2e4616caa1f23b46,1024,0/0
/spttest/uop754y005p5,380d42f6742864d9,1024,0/0
/spttest/60rt7egjnxvq,affb854ded1de46,1024,0/0
/spttest/3cw0sg6j2bp7,622449e77c872bb,1024,0/0
/spttest/rvger82vvslx,32ea2c40e34da995,1024,0/0
/spttest/bt4lgt5p2emz,15921aa9ad85739b,1024,0/0
/spttest/sxiqpophw2nb,34d89b6cecb44a67,1024,0/0
/spttest/4zg7dbxmnvxn,91aedc1d8e9eb6b,1024,0/0
/spttest/es1n1fy7a024,1afee410858f7dcc,1024,0/0
/spttest/c2frpq463kg3,160b0a0dde39c043,1024,0/0
/spttest/ohnq0ny76jlh,2cbc1e68165247b5,1024,0/0
/spttest/33tdw1v86nrz,5ac69d0cf63b1df,1024,0/0
/spttest/wc77bs7qn9yd,3b1220363bdae825,1024,0/0
/spttest/h8qxabkyphrs,1f7f12274b3b8838,1024,0/0
/spttest/7xe0ekuryfpg,e7b005cd0c87704,1024,0/0
/spttest/fwoycce5gsb2,1d0edfcdcc22d04e,1024,0/0
/spttest/ebzwl70tzcge,1a2e6fb85eb116ce,1024,0/0
/spttest/yrck45kx6tyl,3f7e2033378fbe2d,1024,0/0
/spttest/butil2qz5pdn,15a815bb79391abb,1024,0/0
/spttest/q0wqjb9vcsd4,2f89c82b84e1cd98,1024,0/0
/spttest/v3tx6dwahah2,38d1ce1605af6946,1024,0/0
/spttest/dtzz3u5uu4rt,1944a78f2ff925a9,1024,0/0
/spttest/roelqbzzxdi8,328e989dea1261a0,1024,0/0
/spttest/rejhsqfapjkq,320e77cc7975b55a,1024,0/0
/spttest/i1cx93fnptoc,20f2b55b1a1de57c,1024,0/0
/spttest/r9xu1xoffy1x,31d2b21d9e1c7925,1024,0/0
/spttest/1a5zbxbertod,257aa4d9ec478fd,1024,0/0
/spttest/a8mu6cp9sep3,12b44c011af52667,1024,0/0
/spttest/5o7sw6b6lc7f,a5ca115f668630b,1024,0/0
/spttest/cumm8nqwuwvs,177935c66ba939f8,1024,0/0
/spttest/grw8t3tpqsm9,1ea42c3156bad061,1024,0/0
/spttest/8ytt1otno630,10614ddfd13bffcc,1024,0/0
/spttest/ai0ommwupwo4,132e323c73a4afa4,1024,0/0
/spttest/9y9y2ivuu13s,122dc0a3e141bb18,1024,0/0
/spttest/2851xq3jgsvv,410f7595ac5b53b,1024,0/0
/spttest/id9akm3ew0x6,218d4523c933e6aa,1024,0/0
/spttest/kf716n3z8x7z,254da9503fe4392f,1024,0/0
/spttest/flsmi1pdpciu,1c815111e46ecca6,1024,0/0
/spttest/nc2ljxc5tyy9,2a9fefb0ff11fb31,1024,0/0
/spttest/b8381nbxku4g,1480d577a8be5280,1024,0/0
/spttest/fyrvzo0bif1j,1d29e96310fe47a7,1024,0/0
/spttest/ks1qdn35440i,25f49c15c144ae52,1024,0/0
/spttest/oceyuxs85a8u,2c78037e1ec14b1e,1024,0/0
/spttest/tpirstnucd2s,3644516741153734,1024,0/0
/spttest/7kf7tishxgfo,dd2936b3634d274,1024,0/0
/spttest/n3defsxxive2,2a2eee2d5d87d46a,1024,0/0
/spttest/d1d3oxu7m8q8,17d0b3ab1e4084b0,1024,0/0
/spttest/48xzwhdv69br,7c2a34ae47857b7,1024,0/0
/spttest/tz49ya8ti04x,36c0fb05330d4e31,1024,0/0
/spttest/qb6h640e9gro,300f306301f84b24,1024,0/0
/spttest/2xxo77upxhuv,5600633b250f9a7,1024,0/0
/spttest/7f3m02ey39q6,d8d711a8c0ecdfe,1024,0/0
/spttest/xcol3q8vyire,3cec030fa8bf927a,1024,0/0
/spttest/r7p08cvar6tn,31b58823f568414b,1024,0/0
/spttest/11w94278d5ew,1ec3daa0e2100a8,1024,0/0
/spttest/lqqza6lxpudq,27b75add90a37b0e,1024,0/0
/spttest/um0efyvfgtz,18d9ed52900b9f7,1024,0/0
/spttest/ltyzicl8q2u7,27e13629e3df4cdf,1024,0/0
/spttest/qszd6xt01mnd,30f66e39ddd54ce9,1024,0/0
/spttest/s0mdkdmou3p1,332d45b1603c6e35,1024,0/0
/spttest/nhtktgus6qb2,2aea9e082a07deae,1024,0/0
/spttest/9dm9c8l2grct,11216b956cc3247d,1024,0/0
/spttest/dyp4q5lx8jlf,1981b0363d391a33,1024,0/0
/spttest/akmllml5tt9s,13501514e8187270,1024,0/0
/spttest/beugxdt5i3b3,14d899bd0c53aa3f,1024,0/0
/spttest/bg1nu3ptl7vq,14e82f4cb2140c26,1024,0/0
/spttest/grvjmpfggp7h,1ea3eb978c569f9d,1024,0/0
/spttest/nbiiqv9uxe9b,2a98b11fbec7d86f,1024,0/0
/spttest/cz68r927yycb,17b43f922a39e15b,1024,0/0
/spttest/bdofd5l8jq57,14c96e43c94e171b,1024,0/0
/spttest/1tthdrpxxw0i,356f0f75b64d552,1024,0/0
/spttest/vjdbqoo84zip,399ba54d245af4d1,1024,0/0
/spttest/n8dykkeso4bh,2a70141db353ffdd,1024,0/0
/spttest/tczs677hqsqp,35a1984781783101,1024,0/0
/spttest/7rq8ur1jxh57,e317aeb82eb9c0b,1024,0/0
/spttest/cz8ze15ujiiv,17b53ca4362d8687,1024,0/0
/spttest/kkedce0yjlvc,2591415fb6d83778,1024,0/0
/spttest/d2ocqsh16ltp,17e1c03326a778fd,1024,0/0
/spttest/tgdm8by50y0k,35cd8df64ddc4934,1024,0/0
/spttest/5dq3i9yj9edi,9d4591f884a7c06,1024,0/0
/spttest/wgamlnyu2lor,3b475188d9f0304b,1024,0/0
/spttest/80hotm5z6orq,ea34be3529f99e6,1024,0/0
/spttest/fnfan2r86un8,1c967c5d7f6d14a4,1024,0/0
/spttest/ezh8pqlycm39,1b5f71ff9657b0d5,1024,0/0
/spttest/oh11a9cbjeus,2cb3eed82d427cf4,1024,0/0
/spttest/r20dr7tbejlm,316bb359a08009ba,1024,0/0
/spttest/6ykpc80oxfj,5a692eabcbdf3f,1024,0/0
/spttest/wp9xftwu70x1,3bbbf848e039ee65,1024,0/0
/spttest/dlmxbsvizm7v,18d80827861c093b,1024,0/0
/spttest/i9fibiyx954x,215b8e337297eb41,1024,0/0
/spttest/mwify6e4efmw,29d5d318bbbba2a8,1024,0/0
/spttest/dqhre32e54ej,19171d5d66236b8b,1024,0/0
/spttest/kdhvtki65qwz,253799170eaae583,1024,0/0
/spttest/v66s1lo0th9m,38f06c377c32ecaa,1024,0/0
/spttest/ghnoan1ht7dj,1e1f300c34a00f97,1024,0/0
/spttest/e84ewuo73xxm,19fc1b2e617f758a,1024,0/0
/spttest/qbuem9xd7cdu,3017d2ade5089b72,1024,0/0
/spttest/zh3cyioavjda,40cc8732dbd1bdce,1024,0/0
/spttest/m0gew3ei0qrp,28356f6e36960185,1024,0/0
/spttest/jeudx6s7jljk,23757bf728f0ead0,1024,0/0
/spttest/yjtduq6twx91,3f1c4856f822a555,1024,0/0
/spttest/vkam2s6x7xoj,39a7a7f931937f43,1024,0/0
/spttest/8kc5rqrpfhun,fa5164c4be86d1f,1024,0/0
/spttest/i51zsgsvk41g,2122b8d82529c074,1024,0/0
/spttest/ks5xbuzsfl4o,25f61f643cc2c0b8,1024,0/0
/spttest/dv3rxx4rlerd,195303e822ec18f9,1024,0/0
/spttest/foremnrtlr5b,1ca7d8463b23f5af,1024,0/0
/spttest/94dl19mlkka0,10a962f767b1c0a8,1024,0/0
/spttest/b0pqkops7t27,14210b0e5211aedf,1024,0/0
/spttest/nqui0igmdcvs,2b5fda83f380b878,1024,0/0
/spttest/tzfdhjsg8oza,36c4fc243253a076,1024,0/0
/spttest/lsyjjrneln5w,27d40ff4979b6284,1024,0/0
/spttest/68qbesta4n6v,b67185c3e086c67,1024,0/0
/spttest/866saolawot9,eed4c4a9db3039d,1024,0/0
/spttest/20kkwhdq8p0o,3aea77aef56eea8,1024,0/0
/spttest/jl5yaoaw6864,23c797d55b40f6dc,1024,0/0
/spttest/7lix4qadf4vp,de0e6b9443bfb75,1024,0/0
/spttest/srnh1od0k9zx,348c60ec4ced839d,1024,0/0
/spttest/2od6pmit0uqy,4e3baa7824100aa,1024,0/0
/spttest/8fugje4q8guy,f6abe456c34915a,1024,0/0
/spttest/1dz7h11sbr28,2892da477b4edc0,1024,0/0
/spttest/srk8g624de1s,348b35c2548bb460,1024,0/0
/spttest/mqc2paggd3jd,2985975bb1ca8329,1024,0/0
/spttest/9yyq2193eba0,1236b148f8046798,1024,0/0
/spttest/zia2esx3y3yu,40dbeff8582b8f96,1024,0/0
/spttest/lvij2cfjb93,11c25598b08beb7,1024,0/0
/spttest/mdkrq8821qdg,28dfde2d978f9dc4,1024,0/0
/spttest/ute993qb7jae,384a429c25726066,1024,0/0
/spttest/4wu6ellcaqqm,8f900aac27c75de,1024,0/0
/spttest/wpklpjtdyh1r,3bbfd23d1881bbcf,1024,0/0
/spttest/8e3ntd5jgr6,6d009a9e3fe492,1024,0/0
/spttest/hyw6s2px1j1a,20d2b106ef9bfb9e,1024,0/0
/spttest/jcr49968ji9,fb65e059fb2ec1,1024,0/0
/spttest/rhf284ry6ef5,3233d62411177c81,1024,0/0
/spttest/htp1kz88woko,208f2ad4bd0a9c68,1024,0/0
/spttest/jy44rptl3kh4,246fcc0b342ea368,1024,0/0
/spttest/5on5ua6lgckd,a622bd46a88d09d,1024,0/0
/spttest/x16u01ia2n44,3c56b9702366c384,1024,0/0
/spttest/4vtjru6fcrrx,8ebc9573dd4fe9d,1024,0/0
/spttest/udsguz3114ip,377f8f2d4b650a21,1024,0/0
/spttest/5h6anq3cdyo,4724b2bb1d4cb0,1024,0/0
/spttest/1j2hp8zfb2xw,2cb4f4649627ea4,1024,0/0
/spttest/4l89kbbzlled,86236d8a9811e95,1024,0/0
/spttest/fb9oivy24suu,1bf896b28a4fe516,1024,0/0
/spttest/cpb9uz8vxjpr,17342bad2297310f,1024,0/0
/spttest/5du63t0o33gm,9d5d1431c76dc46,1024,0/0
/spttest/w7e1p7vlvug5,3ad3a61198816ce5,1024,0/0
/spttest/t3rk3045u1he,3529b944c7ead802,1024,0/0
/spttest/vee3g6n5jckv,395afa1c7a2c076f,1024,0/0
/spttest/m53iaqe6ln6s,2871b9aaee0246a4,1024,0/0
/spttest/qbk2ms4r6vhk,3014183e54a4afe8,1024,0/0
/spttest/4mm08sqqdtpp,874295879a899ad,1024,0/0
/spttest/bdscqlwjpeg4,14cad8ffce185864,1024,0/0
/spttest/3et8sgs9upfq,63b3e8e22e27546,1024,0/0
/spttest/c5mwfbz0s8oy,1634947d81fbf702,1024,0/0
/spttest/zkqg1oyzqrm,1ce1b345a3d4442,1024,0/0
/spttest/afqm0b2gxrr5,1310955137cb12c1,1024,0/0
/spttest/n5yy5p7nk8jb,2a50af04f4102b37,1024,0/0
/spttest/jxqhtkts1vxj,246ae060503707e7,1024,0/0
/spttest/8nl8my4coqex,fcf54bcea9557b9,1024,0/0
/spttest/g4csw9t2ff7v,1d726776e54e60cb,1024,0/0
/spttest/tyvm481rj9r8,36bddaeb381fd724,1024,0/0
/spttest/bm889hwij9me,15387d7657f7d976,1024,0/0
/spttest/mqkqq8aw08m2,2988b7f33053b39a,1024,0/0
/spttest/2no90jdbuflj,4dabb5b8ad11977,1024,0/0
/spttest/mj4h0gb3dve0,2927ec54e97dcf28,1024,0/0
/spttest/kvx3xhxhgtff,2626e60a865c1dfb,1024,0/0
/spttest/p9qsxhhi5s0m,2e28ee2ba600a316,1024,0/0
/spttest/fstvdyw6kkox,1cdcb10962194bc1,1024,0/0
/spttest/fvk8xg7r0bor,1d002fde3a0df22b,1024,0/0
/spttest/1gw8pgjwlmq7,2af13797d2af24f,1024,0/0
/spttest/lk3beea38enr,2760e193b4aea737,1024,0/0
/spttest/s7xwel96dpwp,338c5ae0c61b1e69,1024,0/0
/spttest/4rdjz7dnmymd,8b20ef2702b53c5,1024,0/0
/spttest/2qmud9a06qzu,501312de7e6062a,1024,0/0
/spttest/nqxvwe0zfzzb,2b61133f4daa46e7,1024,0/0
/spttest/vvnckyu7ds93,3a3b223909918f47,1024,0/0
/spttest/9l47ojfa9knu,1182d2c11b01e6da,1024,0/0
/spttest/o8inj